F0,VUV,NAQ,QOQ,H1H2,PSP,MDQ,peakSlope,Rd,Rd_conf,creak,MCEP_0,MCEP_1,MCEP_2,MCEP_3,MCEP_4,MCEP_5,MCEP_6,MCEP_7,MCEP_8,MCEP_9,MCEP_10,MCEP_11,MCEP_12,MCEP_13,MCEP_14,MCEP_15,MCEP_16,MCEP_17,MCEP_18,MCEP_19,MCEP_20,MCEP_21,MCEP_22,MCEP_23,MCEP_24,HMPDM_0,HMPDM_1,HMPDM_2,HMPDM_3,HMPDM_4,HMPDM_5,HMPDM_6,HMPDM_7,HMPDM_8,HMPDM_9,HMPDM_10,HMPDM_11,HMPDM_12,HMPDM_13,HMPDM_14,HMPDM_15,HMPDM_16,HMPDM_17,HMPDM_18,HMPDM_19,HMPDM_20,HMPDM_21,HMPDM_22,HMPDM_23,HMPDM_24,HMPDD_0,HMPDD_1,HMPDD_2,HMPDD_3,HMPDD_4,HMPDD_5,HMPDD_6,HMPDD_7,HMPDD_8,HMPDD_9,HMPDD_10,HMPDD_11,HMPDD_12
0,0,0,0,0,0,0,0,0,0,0,-10.1165669874852,1.41423425120531,0.101249336368802,0.616251976088019,0.0956552241843474,0.22340262826372,-0.00371252368133298,0.15413892210804,0.333459758198994,0.22934584924632,-0.0299989136871198,0.134132052851891,-0.0343950856875662,0.0244418941487162,-0.0142488499696428,-0.0104461017830939,-0.0685431516752631,0.0481099488747936,-0.0086671433817655,0.0422985152773965,0.00959639333494041,-0.0698859563296874,-0.0167575947775578,0.0575884537754193,-0.0539840659512447,0,0,0,0,0,0,0,0,0,0,0,0,0,0,0,0,0,0,0,0,0,0,0,0,0,0,0,0,0,0,0,0,0,0,0,0,0,0
0,0,0,0,0,0,0,0,0,0,0,-10.0687667339454,1.41685368983111,0.141343475276764,0.607503134435605,0.00891751015067194,0.191949487069291,0.0840578656793177,0.177163730753797,0.28687098549718,0.226287374393043,-0.00500981750875101,0.111950930607734,0.0183123972589781,-0.0345419479740339,0.102113431889799,0.0517618060276662,-0.158723450608734,0.0207162549198517,0.0362224994055261,0.0431516388490267,0.0151068992962549,-0.123735150648299,0.0281882513291571,0.079605079116977,-0.112609326494331,0,0,0,0,0,0,0,0,0,0,0,0,0,0,0,0,0,0,0,0,0,0,0,0,0,0,0,0,0,0,0,0,0,0,0,0,0,0
0,0,0,0,0,0,0,-0.0176067537286919,0,0,0,-10.0225809633145,1.33716961926673,0.184977981171766,0.683562768737597,0.0617728346935387,0.214308814419051,0.0614052267803864,0.129399041769729,0.246666285705857,0.0882594350884301,-9.92156071679944e-05,0.164370945353182,0.123363888828464,0.0567840902730993,0.0327989950021036,-0.0239361585700445,-0.156921047540717,0.0750747795078009,-0.0017234085045936,0.100977089931055,0.00937476794499501,-0.123219899507233,0.0206623431256699,0.0172445663703159,-0.089975580975052,0,0,0,0,0,0,0,0,0,0,0,0,0,0,0,0,0,0,0,0,0,0,0,0,0,0,0,0,0,0,0,0,0,0,0,0,0,0
0,0,0,0,0,0,0,-0.0460899722846258,0,0,0.538739376838724,-10.1359836908068,1.32080447265576,0.227841959809829,0.695949396148131,0.102990851231042,0.222886424448747,0.0331423667823858,0.0610528811940844,0.229157216356637,0.0544709305613138,-0.00269214126917773,0.237336833802696,0.0969918994960712,0.159192459805935,-0.0249032698320144,-0.135631627044083,-0.0446470556246487,0.178771756507029,-0.0347494491630712,0.0835303109940932,0.00131496899145543,-0.119784023022018,0.07780461932345,0.014275914164931,-0.0709137493787291,0,0,0,0,0,0,0,0,0,0,0,0,0,0,0,0,0,0,0,0,0,0,0,0,0,0,0,0,0,0,0,0,0,0,0,0,0,0
0,0,0,0,0,0,0,-0.0679248792126583,0,0,0.0984724518768627,-10.1934440118609,1.33309682250111,0.140372631208532,0.620087245750992,0.00481102471631837,0.128787237257136,0.0070240895271083,0.0113882150034148,0.207692490699823,0.144425005357039,0.0110643852775779,0.205870370460409,-0.058238309142945,0.148365961268433,0.0477180609173895,-0.131046566189708,-0.0185793526460555,0.140682240056439,-0.0497143565674994,-0.0264496865707549,0.0212801796416826,-0.0453594007235376,0.0693565090580661,0.0784205434768869,-0.00416913440424456,0,0,0,0,0,0,0,0,0,0,0,0,0,0,0,0,0,0,0,0,0,0,0,0,0,0,0,0,0,0,0,0,0,0,0,0,0,0
1,0,0,0,0,0,0,-0.113833328742961,0,0,0.103079172096986,-10.235984895516,1.36042394726565,0.0901333767753624,0.605616897755765,-0.0400295752176176,0.166806760419391,0.0432354009632331,0.0922794154569907,0.231172978282346,0.272414120325911,0.0855339579142132,0.0884286070915516,-0.0581404621294359,0.254763352181654,0.10254137242892,-0.101521318991787,-0.0909211434138832,0.0547994957598179,-0.00379180122695408,-0.0554022240230955,0.0391779479692264,-0.0385608504339399,0.00636016058183577,0.0450958200193336,0.0179100130446691,0,0,0,0,0,0,0,0,0,0,0,0,0,0,0,0,0,0,0,0,0,0,0,0,0,0,0,0,0,0,0,0,0,0,0,0,0,0
1,0,0,0,0,0,0,-0.318704843080379,0,0,0.0920211606057065,-10.1106694129402,1.33887676600553,0.0830258587703353,0.596089226134612,-0.024760771914291,0.160468527214823,0.0531988222997787,0.13908997203693,0.2186330174977,0.238486457812917,0.0139208535295869,-0.0473067695905242,-0.00270945296440462,0.237329680043142,0.0375245301097931,-0.0465737224918649,-0.0231953572497148,0.0759292659426257,0.0549474736698047,0.0186874916315998,0.025903772826265,-0.127828155072904,-0.0218894283672511,0.0609130649879179,0.0059046452227206,0,0,0,0,0,0,0,0,0,0,0,0,0,0,0,0,0,0,0,0,0,0,0,0,0,0,0,0,0,0,0,0,0,0,0,0,0,0
1,0,0,0,0,0,0,-0.376654437814348,0,0,0.0963235128905382,-9.81168627706108,1.25217471649975,0.0629763258570288,0.653172670449057,0.0423581197359592,0.216902748111366,0.028668603666515,0.0996146138027353,0.245053150917642,0.175019181915123,-0.0591735063585593,-0.12129221272516,-0.0726147894910108,0.127147170700861,0.0365322644072683,-0.0360558346771542,-0.0160244100027621,0.0310410406630685,0.0263861638795131,0.0524289360975455,0.0379987965386417,-0.114160057109561,-0.0255113925997322,0.0610274742117315,-0.0130288822669198,0,0,0,0,0,0,0,0,0,0,0,0,0,0,0,0,0,0,0,0,0,0,0,0,0,0,0,0,0,0,0,0,0,0,0,0,0,0
1,0,0,0,0,0,0,-0.259914046271171,0,0,0.154901687251016,-9.82894205826871,1.17262083119461,0.0237363228297394,0.67865758138581,0.022258242061163,0.198706031328316,-0.0669585467659828,0.0906938602481535,0.399470234632041,0.187014228523953,-0.124629993427979,0.0343323150517125,-0.0655718364441204,0.0976787329489663,0.0781350251921101,-0.0335003192927058,-0.156197856415783,-0.022665737398891,0.0522316569729767,0.0962678584142364,-0.014078808091149,-0.0431043148263521,-0.0134547772323843,0.0148863827039922,-0.0478585007491637,0,0,0,0,0,0,0,0,0,0,0,0,0,0,0,0,0,0,0,0,0,0,0,0,0,0,0,0,0,0,0,0,0,0,0,0,0,0
93.5,0,0,0,0,0,0,-0.25999721495288,0,0,0.247418448203685,-10.0788429263591,1.23954432497641,-0.0187409225976745,0.569489262635258,-0.0728693251241702,0.0830187786435478,-0.0959458748514433,0.162690628598235,0.401076828137587,0.108217889688917,-0.176083717077426,0.139684881706003,0.0328384604965256,-0.019536287699025,0.0137829389599748,-0.0766973485457451,-0.185250973516873,0.0219720108330065,0.0503178944184024,0.13277825442785,-0.0388175322231943,0.0254434790955442,-0.0477715902635685,0.0570580910419499,-0.00463740654355816,0,0,0,0,0,0,0,0,0,0,0,0,0,0,0,0,0,0,0,0,0,0,0,0,0,0,0,0,0,0,0,0,0,0,0,0,0,0
165,0,0,0,0,0,0,-0.264711068348227,1.82764753787344,0.510779477210713,0.316862539084171,-10.3184800962772,1.32434558338665,-0.0178163547271034,0.587239206970734,0.0993500739318995,0.222382528414562,-0.0414900735831505,0.221908403050963,0.359770215635688,0.0825978218102112,-0.0332399791192453,0.0938448775630394,0.0684381378267007,-0.0566519769478602,0.108435141489056,-0.103338863349008,-0.144012357880138,0.0598757385671231,-0.0795892722770741,0.0935659163527926,0.0743321588990883,0.0468149841575191,-0.0364091357768277,0.0708500521550858,0.0484537259363929,0,0,0,0,0.000831472519892102,0.00313991590914174,0.00594958530682523,0.00799788161407506,0.00733932740048226,-0.00438406232624577,-0.450918141334876,-1.26027639366136,-2.06402434873767,-2.35152363303379,-2.35489958969371,-3.10120074492002,1.65983980552968,1.28214262253568,2.23748702894942,-2.80315217131884,-2.224875160547,0.100787461648172,-0.453977235569956,-1.76637174135876,-0.240170105239936,-7.4321071432037,0.368995220723438,0.394541459837034,0.547427708819419,0.0594683994363485,-0.22059133369379,0.147963126408296,0.215542529034107,-0.40987486223471,0.0282775460202372,0.0682439322133109,-0.0304658125582762,0.39613339538667
143.5,0,0,0,0,0,0,-0.268864536605692,2.16982087501449,0.463695776693719,0.401367748767891,-10.0654128329668,1.39335137874098,0.031921831204757,0.696161758391976,0.0990968508050131,0.228797487231279,-0.0275938804768338,0.262857482867666,0.374568048265388,0.112500262935292,-0.093628864744273,0.0891783486663911,0.0823257114718169,0.0466267525572536,0.0584731111354351,-0.1444407875717,-0.113896169811628,0.0710633863825466,-0.068033422694044,0.0439634698051767,0.0553280438028631,0.0461337022545773,-0.034490812216804,0.0197254772799058,0.028558797220675,0,0,0,0,0.00251584804387925,0.0095123267161705,0.0180730993014927,0.0243967771303106,0.0225072916588029,-0.00172937050071117,-0.434667675093892,-1.27558920788915,-2.06273741206705,-2.33432070702027,-2.3361989827917,-3.09092423473667,1.64498985066166,1.27704011465184,2.22844140726531,-2.80123066304452,-2.216301347435,0.107984511122552,-0.456934012036869,-1.76033527263838,-0.240798778189407,-0.585980954005681,-0.673899936706849,-0.670662020409678,-0.648536549642984,-0.596146839182032,-0.602862535639852,-0.545805025298009,-0.499794588173609,-0.464037397563293,-0.429504675551944,-0.417787595613105,-0.376565864071862,-0.297810613931109
143,0,0,0,0,0,0,-0.27191844889588,2.10222946421742,0.399672700586721,0.445245149017919,-9.93113510055298,1.41817291783061,0.0880537360441658,0.733178289976372,0.0826307417961764,0.19379155704526,-0.0130897755612284,0.210687545090652,0.334298892205673,0.0956052722680186,-0.103845900036307,0.102060916460421,0.0375463105558782,0.127804333481332,0.0181728517009713,-0.177350413737712,-0.0617126479629184,0.0721489708129776,-0.0386405669922991,0.0543147568928255,0.044437890605023,0.00826164242151711,-0.108346457695059,-0.0188015160201171,-0.00696144819723547,0,0,0,0,0.00420098983172101,0.0159110669938729,0.0303454743258668,0.0411483334073734,0.0380367131185644,0.000155433274220139,-0.418808752209709,-1.29530700099025,-2.06090293268397,-2.31573010605831,-2.31604219229437,-3.0766131422661,1.62776878680466,1.27333126500517,2.22080445207578,-2.79732755205218,-2.20769885508496,0.11450519149347,-0.460329770526751,-1.75371718951556,-0.242694741555319,-0.291280166232327,-0.6696403530852,-0.661932355632627,-0.64607589689014,-0.597182464326568,-0.606421511487293,-0.543727855411086,-0.505736730475485,-0.478705146360319,-0.443875604871617,-0.451042966134746,-0.400165083564382,-0.309842584272856
114,0,0,0,0,0,0,-0.275082782246275,1.27477930076634,0.263421074174285,0.439566952659336,-10.0515257738852,1.41824774480441,0.0961582043980632,0.560056600464903,0.111389334353214,0.238865269601623,-0.0968005430520712,0.059657936517957,0.341009220574888,0.106878531887783,-0.136016224691995,0.136205826056501,0.0753152042509371,0.197122138529898,0.0332494419201444,-0.108266408290904,-0.126189373063223,0.0833815117724409,0.0131324422153843,0.0764706015896499,-0.0450057221553657,-0.026934670505473,-0.0624024611656538,0.0328539323350688,-0.0440349227407546,0,0,0,0,0.00588688882935918,0.0222036985542127,0.0424670300406481,0.0577992406475601,0.0533672953845639,0.00175504943214639,-0.401596574394769,-1.31891900096612,-2.05936751337474,-2.29374879624647,-2.29335205880492,-3.05854735005575,1.61019776138674,1.27243687183765,2.21592571310319,-2.79273369154923,-2.20053767329275,0.122775698604054,-0.464879155744691,-1.7467403697902,-0.245365828423243,-0.116334944502084,-0.67514059558938,-0.665725065711419,-0.65844469287206,-0.614985213342425,-0.614748359542657,-0.540819781258557,-0.5116789397491,-0.493833139544915,-0.453364647633022,-0.476237295720018,-0.409598515845051,-0.31417744965598
85,0,0,0,0,0,0,-0.285989214567429,1.61553612759767,0.42341179677764,0.452685527714656,-9.89322252472093,1.42910303446255,0.0682599877319473,0.557180892799018,0.0796769860406469,0.248656455518996,-0.165006519546883,0.0228807212084544,0.378098662542619,0.170824509063168,-0.126533725947199,0.107497510945437,0.0871488179333945,0.148259551148006,-0.0270968545827773,-0.0778451826479973,-0.0816112427007776,0.0927022641203405,0.0566017074434179,0.0523822692786176,-0.113628599541153,-0.0358304366067231,0.00246560464811673,0.137839008069996,-0.133545812235574,0,0,0,0,0.00757353595737981,0.0281876438837254,0.0535064101227994,0.0724760106219148,0.0662623722958538,0.00370052800734286,-0.378507898182387,-1.34800028216438,-2.06114871286346,-2.27081206003467,-2.26885644167369,-3.0341488129379,1.59220645560942,1.27451063205948,2.21047362739081,-2.78464061274513,-2.19479559793892,0.133163739144274,-0.472182842104421,-1.73996824826798,-0.24854211832172,-0.00209692644468029,-0.639120098241176,-0.628561458991384,-0.631479283146358,-0.59849063725692,-0.588522335335302,-0.503207464957144,-0.484361046434091,-0.478125563294752,-0.438765100830957,-0.46558610289502,-0.388019158785209,-0.300929053892422
71,0,0,0,0,0,0,-0.297882616077419,1.60805987968648,0.480989113772673,0.449149298444674,-10.1740003984902,1.26284309727685,-0.0397823715401459,0.628174277696394,0.114489068216946,0.305053659285437,-0.134619147467716,0.0720502149984992,0.295779652161228,0.182621919434348,0.000949740125089766,0.0515479621519644,0.126420179820768,0.122977447523789,0.0426118129264406,-0.0742762679876629,-0.00449937777837327,0.0603837927283155,0.0216630835789893,0.0631145995656179,-0.0401086752378514,-0.102881256263765,-0.0345220891754337,0.184813713341503,-0.186438647554505,0,0,0,0,0.00908014844031739,0.0335002659118307,0.0631788868046506,0.0850710981168775,0.0775281411627281,0.00658399261593609,-0.352006046260325,-1.38176972281471,-2.06741738004244,-2.24966257130437,-2.24137408525727,-3.00241487179033,1.57047570489213,1.27826260306463,2.20201718428789,-2.77315971653663,-2.19147343259298,0.145518683596751,-0.481515373990665,-1.73470584264968,-0.252796616936661,0.0537546148279915,-0.594730086135687,-0.577843090667062,-0.578037488804563,-0.560043979505212,-0.550567044950763,-0.462041018263331,-0.451705830859341,-0.456564378557295,-0.420001523795852,-0.438138667492736,-0.359479579936368,-0.289110446611926
104,0,0,0,0,0,0,-0.2955979465205,1.58902320304364,0.428744573896778,0.438811510114257,-10.0580132159441,1.20429077960278,-0.167095046464856,0.55964351505732,0.200636261527037,0.37046855572517,-0.0686893687843095,0.0568674058442154,0.240709971891859,0.151223160727056,-0.0470033084972046,0.0223676106914867,0.0370223907967902,0.0859358194381188,0.0713286822679038,-0.0733611058271847,-0.016044508823255,0.0687060478829568,0.0238820223995251,0.0177793755467442,-0.0163863559207872,-0.0655185961971155,-0.037079228704679,0.149671658161258,-0.121607611536016,0,0,0,0,0.0104049075181161,0.0383398324378593,0.0724122620491284,0.0974980750865768,0.0905738599453148,0.0128016823759538,-0.325143065190313,-1.42198422010282,-2.07924245439355,-2.22910556123352,-2.20877398315917,-2.96306030720867,1.54079379736711,1.28199812110616,2.18853903689128,-2.76074527137196,-2.19239847627779,0.159940194277331,-0.494304435241339,-1.73164962842796,-0.258400085696437,0.0611738828581259,-0.589844427052139,-0.564055949372907,-0.556222207476902,-0.549600995694601,-0.544093186450717,-0.455728543621079,-0.447322432081024,-0.459014009337171,-0.417104654228479,-0.415552987841284,-0.341936257709677,-0.291014581418083
151.5,0,0,0,0,0,0,-0.287935751082713,1.63888860183248,0.523300480309911,0.42826853147618,-9.88952786239806,1.20677414492372,-0.213430876791394,0.503255063193935,0.203252775562249,0.272038545814571,-0.0720207040179633,0.0672510355591591,0.21763280443077,0.165330929308022,-0.187221837205778,0.0105515978444411,-0.0272220031284283,-0.000926258500032865,0.0749295598177695,-0.00372110421636702,-0.0827783137692117,0.125578500731438,0.0334591617284089,0.0340281642996326,-0.107454778643074,-0.02423218899561,-0.0363452027630127,0.106623695095165,-0.0502832970596012,0,0,0,0,0.0117331001238581,0.043207392071093,0.0817640500912119,0.110225901374702,0.105005352908929,0.0206968901071146,-0.297731379187832,-1.4693737608656,-2.09495380123969,-2.21007440276239,-2.17106838168226,-2.91477319556099,1.49983570950732,1.28545378424257,2.16958134673661,-2.7502832542803,-2.19606412455597,0.176807874947898,-0.510047669136721,-1.73055622782423,-0.264789141998664,0.0619150457459903,-0.580241414721561,-0.552819792771334,-0.542987357817285,-0.544045898237297,-0.538582948569596,-0.451141969760138,-0.445772768158477,-0.463569685356844,-0.417054069643733,-0.389963375982262,-0.330638525765101,-0.297569263019223
152,0,0,0,0,0,0,-0.285938507781231,1.30389958115626,0.447037787425818,0.438301314281587,-9.91332329555442,1.26942258402518,-0.091137295741321,0.612134399928225,-0.105712053420855,0.0209204964271579,-0.163396196642942,0.0915513596388306,0.232278373997193,0.200124000204573,-0.125660791770284,0.0474750802170673,0.0555612999746215,-0.0271186649268984,0.0768029211725424,-0.0330769166533383,-0.133374443280265,0.114092247740647,-0.0126112151455975,0.127083006440575,-0.123422636548905,-0.0245378868767409,-0.00747080169434254,0.0905154849713272,0.00378308639814671,0,0,0,0,0.0130617551298597,0.0480913045092288,0.0912137844115943,0.123229357622258,0.119809332836806,0.0275181574710258,-0.271183135967797,-1.51934701193499,-2.10923913745503,-2.19312169568502,-2.12957788601866,-2.8551404884841,1.44085175131811,1.28685398931982,2.1408336862867,-2.74358483848702,-2.20228917111091,0.197782714369632,-0.526748446019138,-1.73125379308933,-0.273079558296963,0.0624415954599359,-0.570379082425797,-0.544119269480416,-0.530745846233219,-0.53786846529055,-0.531988238769029,-0.451883965733325,-0.447325367605061,-0.464846003545546,-0.41520744166057,-0.37133700402303,-0.323887862386246,-0.303972970228001
109,0,0,0,0,0,0,-0.290316261585526,1.63672033280687,0.42439756104118,0.424622544149832,-10.0624029894901,1.33342802139651,-0.0843164465383131,0.575633365927786,-0.085335917733565,0.134325845760192,-0.0444695419732053,0.113094182135853,0.171821074192936,0.149434515501244,-0.0814176978887748,0.0617233738366535,0.0477338930362911,0.0627829407882563,-0.0454788015152538,-0.065723929639899,-0.112006497512256,0.0961385015320078,0.020626044901177,0.0620813693681926,-0.0220724390346517,0.126675974406066,-0.08938226032678,0.0065538522840135,-0.0251244706688168,0,0,0,0,0.0143908680841925,0.0529155946322589,0.100483385420004,0.136015526488096,0.134240526537419,0.0331413428893605,-0.244465209240146,-1.57716037398807,-2.12317657434177,-2.17334095400724,-2.08640044900088,-2.77788830537373,1.36028612476306,1.28381862458214,2.09520243521709,-2.73394455293502,-2.21368835594448,0.225871615017084,-0.544748959804846,-1.734906979354,-0.283199956070537,0.0648715840140129,-0.563383956499318,-0.536042330999055,-0.517587807854491,-0.530966048561462,-0.524283174041966,-0.458028115201772,-0.446732511750256,-0.461748701171621,-0.412836965533029,-0.360358378615887,-0.320211942182881,-0.313483852428774
66,0,0,0,0,0,0,-0.300210364886246,1.15217030215015,0.578689376545336,0.423974025397355,-10.3566603524017,1.2564754093022,-0.089213805399218,0.529986875201199,-0.0215568665438188,0.23480871800938,-0.0210373646194878,0.0851284179314862,0.297092679254091,0.230267288367902,0.105711953465789,0.150434138586555,0.0396470010125195,0.0854566047408303,0.00673249516171825,-0.0928146262872488,-0.140655854649782,0.119860999441686,0.0600373708849141,0.090739112832606,0.0443856943597127,0.0306355307571541,-0.108019686360457,0.0100479113650486,-0.0199348484047377,0,0,0,0,0.0157204345253871,0.0572878880573763,0.108493534691638,0.146823222921034,0.146343897705372,0.0387046981625471,-0.211664520469098,-1.64408799437777,-2.14493153501736,-2.15278593585063,-2.03853913598682,-2.66320705545248,1.25822036196473,1.27632085036286,2.03212523026279,-2.72078303294282,-2.22642591830216,0.26316590434691,-0.564588934992296,-1.74076324876263,-0.281875096712684,0.0684730886246292,-0.558250062519289,-0.533655020235898,-0.506941583237191,-0.524460689557787,-0.514070445079752,-0.464722726065388,-0.446466959022728,-0.458497297489916,-0.409245418440039,-0.345610036918713,-0.31728945458097,-0.325841992093484
116,0,0,0,0,0,0,-0.308969528341571,1.18576637479048,0.566609353373861,0.430975151226601,-10.0705561250153,1.16323581455278,-0.108884457235153,0.524821805386218,0.0149594045878682,0.180267820711128,-0.140484800883799,0.0126575734161513,0.383159950134455,0.293949175737965,0.199478078742481,0.11442632706772,-0.0409407186261731,0.0271104980466049,0.0321166331173619,-0.14190285046072,-0.145537960025708,0.048372514020318,-0.0488482356031686,0.0769651061514931,0.0269496635041548,-0.0296840201687891,-0.0766017532288173,0.0589151716965506,0.00146377271410475,0,0,0,0,0.017050449982516,0.0610636099861017,0.114983772034747,0.155230700799612,0.155783819746802,0.0456196437677231,-0.172404421266701,-1.71750197954142,-2.17303763172224,-2.13416979412552,-1.99090093307484,-2.4499335791542,1.12959973308934,1.26805434262554,1.95095757068567,-2.71021733459992,-2.23334257141101,0.312884386941255,-0.589415239615465,-1.7496856033186,-0.258136842947496,0.0750724319662531,-0.552120555807278,-0.536684481963085,-0.498346955475941,-0.514720621632151,-0.504920817149104,-0.471882253491331,-0.448159188804586,-0.453297769547407,-0.404664628501029,-0.329679965521751,-0.310262190826595,-0.335774786152827
110.5,0,0,0,0,0,0,-0.31489296835212,1.10287818045513,0.575293872018225,0.418105042741635,-9.92792424612042,1.27987494333547,-0.099830994227124,0.663255945344845,0.108143921148836,0.237525976387619,-0.103858462391082,-0.0611210100496469,0.273564287493811,0.167840667699012,-0.0521163535066898,0.00346220920967488,-0.0279489413170227,-0.020240246018042,0.0671817301786965,-0.0394471391477187,-0.089295680535575,0.0810008879662494,0.0123400767502724,0.0969437729345426,-0.0555408387553867,0.00399786943055083,-0.013695727040154,0.0408377903511634,-0.0682157150087936,0,0,0,0,0.01814293502334,0.0639627926225013,0.120074787767537,0.16198012502246,0.163318494717418,0.0516212774042477,-0.134823698904182,-1.80136585119654,-2.19836531850419,-2.11158898595752,-1.94335205484373,-2.0511110533089,0.979947563694341,1.2593159628428,1.84934426613598,-2.70238041359445,-2.23301106787927,0.375568555611954,-0.624391030052369,-1.77170674341096,-0.228799194060312,0.082876978954821,-0.544494231250454,-0.539356143090852,-0.490537556469737,-0.502084368003503,-0.500405828783865,-0.479327866563711,-0.448418113710961,-0.44237377932001,-0.403309828248299,-0.321434939398668,-0.303977575484952,-0.34331792573114
100,0,0,0,0,0,0,-0.311194455825896,0.989383100818105,0.531284521854047,0.435567926021002,-10.0662038767621,1.38659032754753,-0.00278439134746143,0.633454903397763,-0.0828414004331237,0.0653990581180248,0.0228599193650776,0.123112347293277,0.338632113972188,0.225986173104824,-0.0938333323259989,0.0726982909416334,-0.0106653519876118,0.160646139631185,-0.000460679140108649,-0.0770255906652068,-0.0925031583925765,0.0414177042617289,0.0801749208857244,0.0761175215251131,0.033706215577456,0.0190731663320121,-0.0220472011155339,-0.00212480853223654,-0.0661451482607658,0,0,0,0,0.018515769016883,0.0648352215721099,0.122345040242824,0.165917982545157,0.167540766567501,0.054195586173771,-0.0978856320772562,-1.89402198486446,-2.21681445352462,-2.08728110291318,-1.88837130420879,-1.52588184302734,0.797412363711354,1.24733701193571,1.72103376045687,-2.68398756786968,-2.1826731009271,0.460237557706968,-0.672287382817214,-1.81767613564944,-0.207026405664797,0.086486594016834,-0.540819111035621,-0.540506837289234,-0.485094493020415,-0.492846986525146,-0.502842102990708,-0.492250452186977,-0.451498647778886,-0.431844807891189,-0.401596177801287,-0.315018455454805,-0.299835077531206,-0.345390284951353
108,0,0,0,0,0,0,-0.306465609844441,0.991985531193647,0.365388571099165,0.452724013884974,-10.0420383964167,1.25750500845172,-0.109945283778737,0.533882996699436,-0.126559614707488,0.0881112809036664,0.0715743045888664,0.200177816616339,0.347538094774916,0.280024289850789,-0.0338348443627201,0.0436509517764997,0.0390050427199357,0.0893398224718264,0.0190971126197783,-0.166756764646845,-0.12792767305206,0.0295261642530333,-0.0126548794788902,0.0875349978268466,-0.00492178495297558,0.0629155885388663,-0.0801435452686152,0.00502272602854645,-0.0377685991702468,0,0,0,0,0.018400683548481,0.0642253282859121,0.12243551567411,0.167491562181751,0.168985263570179,0.0550004024155911,-0.0619642698977165,-1.99019559855062,-2.2217339460668,-2.05942352346516,-1.8340928527228,-1.20291150704503,0.520110212584987,1.23319561960848,1.55000136098063,-2.6028893522584,-2.10363324791236,0.596041402477008,-0.726182461258964,-1.90002794587475,-0.18073484863258,0.0855460951994609,-0.543776736310573,-0.543508947227269,-0.484981439684658,-0.487809706950608,-0.509365787351527,-0.506672853484785,-0.451716568209405,-0.419339393036299,-0.39311443724136,-0.307367094551193,-0.297517986570785,-0.346520093657731
71.5,0,0,0,0,0,0,-0.289560132437846,0.665686745768117,0.358854779825268,0.456413639371622,-10.0575297402942,1.37778434133874,-0.0486063778787949,0.523794378747776,-0.0263456275782458,0.181554749882686,-0.00365747697926504,-0.00284076333097129,0.363513357436619,0.26665528749188,-0.154233275363648,0.0332780722601092,0.0694218978782881,0.0709122287075188,0.0639853981582747,-0.150683999598189,-0.134030144447537,0.0747748576974172,0.0478057312387542,0.0186601577260222,-0.0216284185425869,0.0292977890638329,-0.058304853346207,-0.0173979523254881,0.000802517115033471,0,0,0,0,0.0182856048133779,0.0634505439634706,0.1217380931323,0.167386449866243,0.167601935665469,0.0537301347547394,-0.0236121543547864,-2.08261724280728,-2.21643359896796,-2.0256743829751,-1.77924526111811,-1.11325122887589,0.147569450812475,1.21949076705789,1.3188019790786,-2.45142932540798,-2.03982073570421,0.822454197216822,-0.767354973641064,-2.02059326022325,-0.131589813010213,0.0833240086567994,-0.549402334220961,-0.551982487764336,-0.487900732293179,-0.48039412836277,-0.515027617594318,-0.517375862207463,-0.447780507927059,-0.403884384880616,-0.382412750935842,-0.303723100396628,-0.297757031917375,-0.35014397061325
114,0,0,0,0,0,0,-0.272661935956848,1.45961543117623,0.358815468666728,0.44064047267265,-10.0978059867466,1.3869379470032,-0.0234240158366202,0.482792902602548,0.0426771340288583,0.186566568804435,0.0311880855945935,0.0587710725223848,0.285764892733443,0.218031901733116,-0.0903333080900494,0.0668927512725079,0.0950389003420377,0.0933251086206963,-0.0305579240791517,-0.181274633538458,-0.0850744206730564,-0.0772407765787911,0.0328166847103029,0.0941539099839826,0.0381250693983021,-0.0295515475201197,0.00763536135277363,0.00791174184207112,-0.119601158125507,0,0,0,0,0.0181705328140307,0.0622963382750445,0.119534510188434,0.164360741827951,0.161185248089852,0.0474846626640223,0.0177079348418,-2.18226717219057,-2.19936427063228,-1.97814090469914,-1.72010752687734,-1.03383146120591,-0.252745827919686,1.20324665176347,1.03378069348845,-2.27390471501455,-1.99759777763117,1.11649964209744,-0.805717939121254,-2.18535935234081,-0.0294749429206032,0.0824809882148893,-0.557991183183556,-0.562702706704641,-0.490059508818232,-0.469909954523342,-0.520715759918061,-0.525162709601642,-0.447857334229156,-0.392666675195062,-0.373417567654332,-0.301884049103276,-0.297342055622051,-0.353258067951092
155.5,0,0,0,0,0,0,-0.264644973561996,2.37156819992363,0.358916532596071,0.436999576932288,-10.1996400025795,1.63110758839909,-0.0069711480617094,0.509940993867907,0.121478061723322,0.196658265244532,-0.062401332982737,0.00804641891094614,0.283981965917412,0.208410490101703,0.005994120102375,0.02222769837789,0.0834888770910608,0.0779266347179657,0.0287407478925128,-0.065854940849272,-0.133645776268101,0.00577722234758474,0.113141372045414,0.0905574775911173,0.0501512631700755,-0.00492440321701103,-0.0932847611781543,0.0468573546521333,-0.118804434841166,0,0,0,0,0.0180554675528952,0.0611423578883163,0.117094277878661,0.160696243119913,0.152877866050019,0.0377095386708229,0.0563344800675874,-2.28901762512406,-2.13129395865041,-1.90886349133016,-1.66143273020339,-0.947879422605858,-0.545091275922026,1.1805252963815,0.713868511344108,-2.1421444847524,-1.95554702428526,1.46109847817302,-0.861149566560986,-2.43510691825912,0.162418473461866,0.0835904192233292,-0.565256968229667,-0.569736330450464,-0.496038595742947,-0.462458130693651,-0.52784270645939,-0.531644527079574,-0.451822515165785,-0.384666488068232,-0.363838097508092,-0.299638160190311,-0.29607335483699,-0.353523497775583
147,0,0,0,0,0,0,-0.257546719791354,1.99081431351165,0.452732174836607,0.45244488982821,-10.5187297677245,1.52032574007026,-0.0090751077510168,0.554760436045445,0.193405492945467,0.269040778199176,-0.0819824238529424,0.0183856155539692,0.216704638031014,0.127744443811973,-0.077588507528578,0.0981906343634296,0.117391565977176,0.176333273296284,0.0301608038669393,-0.0324149374438284,-0.0672457357481146,0.157729683836065,0.126455201184857,0.126922101306931,0.0705465878231602,0.0306902057298535,-0.120874901440628,-0.0748233820106899,-0.104959611281917,0,0,0,0,0.0179404090324263,0.0604070515401904,0.11562604330508,0.158439870703913,0.145723709001354,0.0265461717399323,0.097918468222562,-2.39198079523427,-1.99269146043291,-1.83604329021319,-1.60330459146086,-0.864419759883026,-0.696950587414524,1.15676892541704,0.319528320225611,-2.06740493754259,-1.87016903728059,1.78856203008885,-0.905850726744135,2.95128314602943,0.379867730999736,0.0830528136498097,-0.568584860745942,-0.572368831189675,-0.506138843377902,-0.45662467064702,-0.534437689934976,-0.538944950845353,-0.457907329525617,-0.383382750518549,-0.356465397874136,-0.297169028574092,-0.291754791687503,-0.34897509363692
96.5,0,0,0,0,0,0,-0.261023563901995,1.24217423088863,0.522586508998695,0.449736392026038,-10.607499165,1.49986905705049,-0.0379709552335024,0.444632446386345,0.123896670244407,0.27348572311007,-0.0626238599697059,-0.0206710087336564,0.218085551993823,0.100562335153116,-0.0915378378005918,0.193102447716628,0.20672727217383,0.175683916734429,0.00731423716150754,-0.113933317966941,-0.070515455172324,0.170232834763923,0.145225739122875,0.0576588601888306,0.00658672083961444,-0.0359516854126819,-0.073430330930587,-0.124365706364981,-0.0955818236310229,0,0,0,0,0.0178268053772209,0.0597602725528839,0.114180545971085,0.15606745051962,0.138466598303811,0.0137319422589333,0.138050623880752,-2.49842452828188,-1.81081510925386,-1.77532819267893,-1.54485321266325,-0.789845248763223,-0.817454516445959,1.13847195829925,0.0185877985166477,-1.99771376228051,-1.62575801600776,2.05403875661432,-0.928256846514733,1.88588127943546,0.603744950989831,0.076083484110522,-0.572968812606848,-0.570458743977476,-0.516401799787946,-0.450241302383291,-0.536922329875449,-0.544126224655365,-0.460553397869197,-0.384741668412689,-0.349330004333315,-0.29774514521284,-0.288454830754973,-0.343220070221743
90.5,0,0,0,0,0,0,-0.26957290176614,1.7478609238281,0.456687233189021,0.45048569119116,-10.5484256118711,1.50823857987964,-0.0155781312885072,0.468794970003979,0.0305343889182408,0.231025553231479,-0.00198296371391221,0.0120628525413792,0.225761083415463,0.136433622876724,-0.0837147883859531,0.150933798718811,0.140284058711623,0.197866763483431,0.04951245663319,-0.0872392181356862,-0.00472520311309143,0.154190276376309,0.0558322505722441,-0.00955412458349143,-0.0484216297886605,-0.0192129686150563,-0.0283736531498738,-0.0995580999025445,-0.0530016745882592,0,0,0,0,0.0173525707575007,0.0581188687482558,0.110946964372804,0.151080124714635,0.129654646556988,0.00136988070956913,0.167240575341336,-2.67146700658916,-1.60684562121089,-1.72846093728427,-1.49033199262414,-0.728342546640768,-0.953131280485737,1.12354852900678,-0.095739010049264,-1.94128797510921,-0.970857025080549,2.29525199915335,-0.944670843076706,1.46359054105598,0.874440054218937,0.0646938628602783,-0.580195644871146,-0.568439235020557,-0.524793811127672,-0.447159322434568,-0.542081324378089,-0.55107976700562,-0.460951648760886,-0.386502510942664,-0.342296604960155,-0.302126904905531,-0.28887871249321,-0.337648484415744
149.5,0,0,0,0,0,0,-0.282249566485027,1.75699737417095,0.444112530453725,0.457378962305947,-10.4439110280025,1.46466999065091,-0.0373385590173317,0.526149231125766,0.0861895081310017,0.189323603317249,0.0361506882270771,0.101499083103468,0.216935473161308,0.227290832172787,-0.127075717848833,0.0427860724351546,0.0646949297457575,0.194919683588205,0.0924420491784399,-0.0455020446023553,-0.0880421038995161,0.0200675480372002,0.0456794200211363,-0.0408588373905732,-0.0583385004731647,0.105917681002805,-0.0314066892696131,-0.0807466719198605,-0.0813663654160417,0,0,0,0,0.0165071343393014,0.0554529781218079,0.105820069742537,0.143166949178401,0.118804816803932,-0.00825028164269118,0.195181215192401,-2.98578655397088,-1.45212571050408,-1.70537320155629,-1.44803748991105,-0.686571673671912,-1.04098954863179,1.11719462198196,-0.157684715962437,-1.89347189094311,0.237278869459722,2.4818443283953,-0.962534461578952,1.16055298218698,1.17319116570204,0.0557136136097109,-0.589450451186055,-0.570969574360621,-0.533770016941671,-0.449882681230413,-0.552775971130402,-0.564305140693785,-0.465028047850278,-0.391773905312089,-0.335940329772845,-0.304885570707185,-0.286535297452342,-0.332082148838252
137.5,0,0,0,0,0,0,-0.289285825886912,1.04737315144446,0.538581184011733,0.454372215274932,-10.4177518323261,1.5853100774458,0.0747292266413799,0.481982187845085,0.150687105283405,0.139064680518841,0.102414813071545,0.0497392712759125,0.261141188771669,0.146297855872544,-0.121415460559848,0.0794757865627092,0.150216788325611,0.216070554923535,-0.0425290896315464,-0.107597417250002,-0.0891164789921947,0.0511220989676705,0.0958803494392592,0.0846741649043909,-0.0404709944101724,-0.0791265853522932,0.00291830212831901,0.0509670058236398,-0.0323870366519761,0,0,0,0,0.015661870516991,0.0527888779943554,0.1003457791399,0.134308651589922,0.106621108752883,-0.0170298110054762,0.22254262808612,3.0652233657264,0.0738250130849436,-1.70899470865081,-1.41191198949997,-0.667280063301569,-1.07809265576032,1.12319447402066,-0.20697985420092,-1.85425505527219,1.12936775550699,2.61030753049978,-0.983223310669825,0.908714227181204,1.48161745990726,0.0524551336474065,-0.594205034912837,-0.572314682031063,-0.547149260482867,-0.45493449793832,-0.559099745775966,-0.572382418102877,-0.466403598042809,-0.395561094812727,-0.331883839132067,-0.313349450812689,-0.285253172976057,-0.328233416499529
139,0,0,0,0,0,0,-0.286829647209306,1.04993657795541,0.453423152794551,0.449023207046717,-10.4541756865005,1.53940603005404,0.0724591587978278,0.409952709190986,0.267275060486454,0.350042873570422,0.00115644970481752,-0.0971239628364385,0.102767568601875,0.182119333482265,-0.0897324341312801,0.109923241225424,0.168604140815515,0.181140397639378,-0.0682945982864695,-0.138444424843183,-0.0819931340235768,-0.0311460317414665,0.0668178119769033,0.224603977321563,0.0135841777890191,-0.139765081377998,-0.0680981089009771,0.0910257546217429,-0.0704465234833666,0,0,0,0,0.0148167804451824,0.0501265863168375,0.0948498751447894,0.1252680282723,0.0936176113252926,-0.0279345552207702,0.232500304646051,3.02040927142661,1.40715080878962,-1.75171115734658,-1.37933299020674,-0.668463902994483,-1.13118286224258,1.13592184184167,-0.283221077070709,-1.82894629971494,1.27344083540661,2.70124870405515,-0.993764719593272,0.770720607493637,1.71180221527941,0.0507224106600728,-0.596314477084608,-0.568466414665641,-0.560145500153303,-0.459812982800859,-0.562943325526634,-0.575427543576782,-0.464914836165732,-0.3980741994017,-0.334486759069359,-0.326002988046161,-0.286044920141683,-0.319840272617815
174.5,0,0,0,0,0,0,-0.289521929042044,1.37510692008458,0.42246836240297,0.433800352687942,-10.4742726726384,1.60082899810321,0.25531810212656,0.453021600859961,0.186223683038296,0.184634126350736,0.0189334479847271,-0.0154781336778463,0.0812825749074723,0.141688564167252,-0.0393153401971219,0.0109050278209407,0.0246439664584697,0.128402537277287,0.0785704394556053,-0.0218672042982584,-0.162885068823129,0.00227714898208621,-0.0073708891049081,0.111455643326316,-0.0413837971010778,-0.072696286595766,-0.0619800488139771,0.155551074594596,-0.100545063615342,0,0,0,0,0.0139718652770211,0.0474668199339515,0.0891107515764941,0.115553273274668,0.0792053975822282,-0.0413250662569743,0.228453636448145,2.99954187610668,1.19243842567012,-1.8495907167843,-1.35883244948349,-0.687041202735693,-1.18198592383675,1.1457766207435,-0.38490267986151,-1.78934088335754,1.30612860388616,2.78081117756501,-0.996524802154176,0.579775947145858,1.85566457150854,0.0491281107177935,-0.59950234356279,-0.563184524076966,-0.569224961280932,-0.467075777665246,-0.570860875631453,-0.579978133832378,-0.464185920566484,-0.403918646836024,-0.339103749166852,-0.333452208559003,-0.284405943753411,-0.304656914828279
162.5,0,0,0,0,0,0,-0.290479640096254,1.04100960115803,0.508934002307788,0.419418281879157,-10.5234454822253,1.64857340933081,0.28526188001058,0.384281569765283,0.06517766218786,0.0206175221979378,-0.0867804044961625,0.0297616371727051,0.127869647867876,0.143145380808747,-0.0702241868617434,0.0502406779108711,0.0445864355005105,0.0763208699449849,0.0150327991819516,0.0123159163982901,-0.0918009599935261,-0.012080807195998,0.00943012351774285,0.074449074458383,-0.0588026311203022,0.0215203165714002,0.0251999159554792,0.0602968039488272,-0.127388690301359,0,0,0,0,0.0131271261641767,0.0448096128324783,0.0830509503793654,0.105115107391204,0.0637153426682957,-0.0558367138932117,0.219487677868043,2.98594728017093,1.15952889295659,-2.15700216198271,-1.34724477721299,-0.720828977991209,-1.24652644455703,1.88066423567523,-0.477314287791294,-1.71338690737092,1.38046796823995,2.84722108976087,-0.987295604583747,0.441029709124421,1.96628061551332,0.0443635520778655,-0.597941177652662,-0.553684651723742,-0.575172416826371,-0.477386255297348,-0.583504901523189,-0.586401653634873,-0.465254214399054,-0.413194589664871,-0.341939524864639,-0.341720386707452,-0.282488536428142,-0.285962987972997
151,0,0,0,0,0,0,-0.286028786908716,1.0276620982418,0.442847901958262,0.427845656134283,-10.5813887758812,1.66897262762151,0.411483685270948,0.193326509200026,0.0385763523352959,0.163027203922356,0.0351338791954818,0.0771725161979624,0.165675819225375,0.05779140553255,-0.262192934614857,0.00235977450203321,0.134776866529488,0.0561861584154317,-0.00592248690532071,-0.0638068300705989,-0.0124865611105331,0.110788213379775,0.0233062997325496,-0.00685194072806529,-0.00270064055626387,0.0450387703544671,0.0486402333581234,-0.0688035934297243,-0.0779068389827816,0,0,0,0,0.0122825642568337,0.0421859021841301,0.0774600168867187,0.0955239418315881,0.0491303075571954,-0.0696349021257038,0.210753818028494,2.97306405948101,1.19484423855627,-2.45055767334007,-1.3333469334722,-0.775083614225158,-1.3262574374534,-2.97444846047826,-0.567164960827489,-1.59161715974663,1.4917613908785,2.9142736380885,-0.968066174209602,0.417358299494995,2.06535550453455,0.036596390357659,-0.597435293688992,-0.545322505381643,-0.580504308847162,-0.490713219367829,-0.595323154284878,-0.591254724094667,-0.470275958895756,-0.422585668087587,-0.34638368683989,-0.350627426234355,-0.279130533885005,-0.269731593189267
108.5,0,0,0,0,0,0,-0.29669621699688,1.60137272721825,0.430218893128422,0.442641069406417,-10.6292922343676,1.63275284655404,0.364260527519907,0.32439648021195,0.195585741330101,0.269462565088287,0.07915486548444,0.102663565895145,0.153968374757078,0.273133572569951,-0.0640460299146645,0.0417577691184247,-0.00736682269750048,0.0246066311097515,-0.0284426452840974,-0.0594322829257709,0.00843707271315887,-0.0150329181057119,0.0144278233144381,0.0543686154762078,0.0133720005594326,-0.113630183228415,-0.0114286699016066,0.0347433255396682,0.0363392930848988,0,0,0,0,0.011438180703683,0.0396267861392427,0.0728098895702328,0.0876648554334233,0.0364920666467741,-0.0831107789090734,0.20064672086473,2.94768580731652,1.28032607671655,-2.54455721745654,-1.31249834625528,-0.837331948924037,-1.38807966304819,-2.23221533415458,-0.668893094768886,-1.45043398008562,1.62064704157352,2.98339443756949,-0.960775937784324,0.44492302534853,2.15248015779415,0.0309363376546606,-0.60565142740896,-0.548787184629936,-0.587376789233089,-0.507631889705237,-0.602924262262742,-0.591699615768664,-0.476726644185996,-0.425296741485706,-0.3532435496792,-0.360630614279876,-0.279522627804358,-0.262784522475144
66,0,0,0,0,0,0,-0.310961693890391,1.57878836090832,0.509882191225527,0.44907272353118,-10.8157024218487,1.4666942937485,0.309878705832118,0.346644276415319,0.270592887006066,0.11244560306523,0.0264838103879001,0.115169379720993,0.0228111374460847,0.00199011803586473,-0.106593881708875,-0.0381058039858829,0.0362476751613057,0.0822423913385067,0.00499273117393109,-0.0408240786311312,-0.0927792701014671,0.0679588882574066,-0.0647738444682358,0.0107215397686456,-0.0142788320787512,0.0197940576763918,0.000833155609123841,0.0416307184417633,-0.0489040177438169,0,0,0,0,0.010593976651913,0.0373124259544611,0.0688012832232221,0.080893332223798,0.0252027401823346,-0.0986996887600566,0.179836616158202,2.92625565122156,1.33809116411606,-2.63376208316403,-1.29316542316693,-0.869738515720975,-1.40403652526665,-2.17402055771401,-0.754049364456048,-1.27537016880415,1.76030388031787,3.0273658586996,-0.968611070289666,0.475412384855379,2.22899886228922,0.0183390577295717,-0.639962683253904,-0.580762914913212,-0.614842340827094,-0.547092245895371,-0.626416062703035,-0.607077932686276,-0.499314451839782,-0.437764861655576,-0.374150735932775,-0.383489080995948,-0.295921817062367,-0.270760341962204
74,0,0,0,0,0,0,-0.312771017078223,1.43655431936483,0.535121191068568,0.444294893794632,-10.8941132422909,1.50112799391565,0.42811144703119,0.336984003693826,0.359967275192561,0.288330835077688,0.0835282058878442,0.141674700574943,0.0918715184555843,0.109626587304888,-0.0854708022110924,0.0891305851443498,0.107874053238097,0.110511969556935,-0.0765812815022965,-0.0159974953305876,-0.0985187530101803,-0.148531408752387,0.11462254144937,0.103966645560279,-0.0579150728012115,0.0155851994460805,0.0267397378165133,-0.0482863466268169,-0.0112289236869724,0,0,0,0,0.00974995324720112,0.0356168143430566,0.0661301884530882,0.0764689842355552,0.0174267525686176,-0.114377434939746,0.144917605079432,2.91872012011808,1.34274234348356,-2.68358290129479,-1.2710471236365,-0.852003982242921,-1.38856189048035,-2.14840421055344,-0.806311024155538,-1.11942253999095,1.86859360867337,3.05846121811497,-0.970781144232467,0.476494729377239,2.30174264282106,0.00866305230225233,-0.672665292440678,-0.611451419562185,-0.641358459387224,-0.584245814130981,-0.641354319079909,-0.6168119546147,-0.520430399946386,-0.449125235002257,-0.393548015530259,-0.403296508926684,-0.316030801487232,-0.277937412835085
103,0,0,0,0,0,0,-0.30938380737063,1.56588014965121,0.465176751804205,0.442854548792444,-11.2090274828559,1.51061370026913,0.533325629216472,0.397258387446719,0.325874742199598,0.266342159266268,0.0607504340019627,0.150864123008294,0.00602765537171673,0.117927812192765,0.0043229132894432,0.0617249166220198,0.0700407094704817,0.0408998795769608,-0.125741008525257,-0.0242966121647062,-0.0560365608126467,-0.0855831999172596,0.0678051307052124,0.122610713466173,0.0478350735016448,0.000504511281310307,0.016030039960772,-0.0718753004961086,-0.138491364766799,0,0,0,0,0.00890611163370481,0.0343332493129899,0.0642304705857086,0.0731688996141454,0.0109711036501518,-0.129787070822782,0.104163021037617,2.90890542122112,1.30508394209904,-2.6962710681741,-1.23655377878544,-0.774925986432041,-1.3698195230861,-2.11131205628173,-0.859699290299127,-1.05371159839131,1.88999276755355,3.08775409588237,-0.950072547141834,0.41109582037224,2.37134815317768,0.0102396925090604,-0.683790178734021,-0.61961368986988,-0.646700763287888,-0.598663161181812,-0.633189310201143,-0.604489117811661,-0.523747259621946,-0.444060248971514,-0.396821173311862,-0.409118570856391,-0.327395166992241,-0.269870142283491
124.5,0,0,0,0,0,0,-0.317041700956125,1.57098478586341,0.345007497724978,0.358442672060245,-11.2425024643377,1.54713153778014,0.536564541693389,0.36287125097177,0.133927119497064,0.14774584280067,-0.020120535261971,0.0755149697113316,-0.12633190622161,-0.0171698268370711,-0.100487464923371,0.02438866738285,0.0659231368932914,0.0790443313112092,-0.012886552000667,0.0569755836045454,-0.0597726611899416,-0.0679765269844155,0.0449215493539623,0.0420434025444131,-0.070485092011898,-0.0176181649076867,0.0251778387935866,-0.0624944182396778,-0.111221118838569,0,0,0,0,0.00806100646017954,0.0330458515155657,0.0618892775637464,0.0687662822526068,0.00180386394518102,-0.1485767932728,0.0620278738148098,2.89503717591431,1.22946631910422,-2.69541148648927,-1.19366048811261,-1.24676473877151,-1.34770190966422,-2.07667092538969,-0.961739440542982,-0.979013805969619,1.83453689803629,3.11258835688782,-0.906276921726764,0.355960924019326,2.44738833410631,0.0126301553320799,-0.692122454321736,-0.621542313722563,-0.641828674201852,-0.607055757659545,-0.625600660885117,-0.59266699381837,-0.529146829949961,-0.440511029780173,-0.399712081847844,-0.409634568443933,-0.333594652407563,-0.260153155109987
123.5,0,0,0,0,0,0,-0.327673047194081,1.86204470540051,0.374834318287367,0.187737830933792,-11.3126621879136,1.43674453308942,0.436737811178842,0.300684378211737,0.155590839711194,0.150471978173844,-0.0141343015815438,0.0885247346152553,-0.111438624117459,-0.0820683072528492,-0.177937061862338,-0.0288077308297261,0.0776420180271695,0.119600218084198,0.0113917958064609,0.027531639555847,-0.0747959080409874,-0.00764465360832613,0.0829505255104441,0.0608275291482238,-0.105487306868155,-0.0272118875558616,-0.0385394083778013,-0.142917906984926,-0.111778702082805,0,0,0,0,0.00721460254538963,0.0317544860631962,0.0595391910221013,0.0643327742620802,-0.00804445081103374,-0.168062559745777,0.0269304400697187,2.86803813421445,1.16371252420337,-2.69524441839548,-1.14347206517236,-2.42063951882388,-1.31358425834432,-2.04766340308127,-1.08031579690285,-0.922834526473597,1.73868281778568,3.13523779226366,-0.871972298763849,0.35528182064913,2.4743888362588,0.015410089232992,-0.692944399704185,-0.617008138588561,-0.628084521875208,-0.60836972465021,-0.615491660168193,-0.580063425972024,-0.536654174490638,-0.435647722010385,-0.395902599271751,-0.404286210535482,-0.336943748539075,-0.258524785946294
125.5,0,0,0,0,0,0,-0.342917507162288,1.83691556836136,0.468332455757011,0.111800186155851,-11.4147774094801,1.39246867804717,0.529116327066045,0.325838752580175,0.273727325126415,0.217698203454584,0.0876454826141334,0.101036484425816,-0.055071868449204,0.0193414359894671,-0.0752943321764539,0.0403269944570115,0.0709873765956068,0.13840834858736,-0.00287250247741002,-0.0551633897987151,-0.0963789526989622,0.0542250320703134,0.11658165669778,0.0993185862229351,-0.103009110322949,0.0216821387939128,-0.0792158813047394,-0.16027268015939,-0.0747579347112046,0,0,0,0,0.00636838445426213,0.0304649415473005,0.0571908777370401,0.0598852499634993,-0.0178515532622912,-0.186035726322244,0.00840695307114511,2.81982854573167,1.15142015832762,-2.69888530285677,-1.06837469769855,-3.08677131761719,-1.28348901808756,-2.02168177081893,-1.23669451872315,-0.925162298602746,1.6535855256184,-3.11562943893661,-0.923875156695195,0.359802902641867,2.4294104680176,0.016400277559708,-0.689463908863513,-0.611081924684961,-0.615605875050666,-0.606939239617885,-0.60032926010592,-0.565244501627979,-0.545375230297224,-0.426271901915717,-0.390540220894859,-0.398543261281624,-0.342268721456469,-0.266236012100304
129.5,0,0,0,0,0,0,-0.357678136902048,1.17774211998079,0.499216458630161,0.114486477173982,-11.3767003226642,1.41458164577341,0.586559402465059,0.286633023041306,0.250052738329918,0.157832170060419,0.0624188895461549,0.0707239426069751,-0.0382436762085245,0.11162054718758,0.0165718309921916,0.044258432845476,0.0829966324841463,0.10347463653865,-0.108879982618524,-0.137289791187486,-0.159239995713956,0.0104836449937808,0.0107022339738535,0.0407180729399833,-0.0849332226271704,0.0604166988943402,-0.025736061437702,-0.0645033959251002,-0.0602647177936727,0,0,0,0,0.00552235333713574,0.029177218398841,0.054844361572542,0.0554238195618783,-0.0280389813733917,-0.205534166494691,-0.00599550569780127,2.76831611490866,1.17662699089466,-2.72033165273004,-0.965160927105597,-3.11777720069699,-1.27493228761819,-2.0101355721869,-1.44496582085966,-0.937246603165529,1.5865584564525,-3.06905717632086,-1.01765480363889,0.39382413329474,2.31007146710825,0.0190725791602232,-0.686319082608861,-0.602988347750912,-0.60360454051931,-0.605685369714246,-0.579784885790756,-0.54887787306056,-0.552463479931702,-0.415036571497772,-0.393462582322664,-0.392862182257639,-0.34957873833409,-0.28103280172257
130.5,0,0,0,0,0,0,-0.361241871814606,0.875855921221345,0.526144263198951,0.101644979734944,-11.0337572287031,1.29048972646059,0.43948260029355,0.336667909890953,0.262315285572908,0.296346854906136,0.202047466222699,0.179764395180543,-0.0729586684083976,0.0623967648110025,-0.159737227030348,0.027722705629685,-0.0678866753983598,0.0382917528476356,0.0353765852327623,-0.0587433038682369,-0.060162838683871,0.131586023572609,-0.0375899480940582,-0.0076595167251212,0.00101389669534483,0.0366202110536614,-0.0680359950964239,-0.00254963416985102,0.0528624513877566,0,0,0,0,0.00467651034277022,0.0279964668251278,0.0527531557204381,0.0513843003317576,-0.0378166081593756,-0.2268028545755,-0.0200021856872314,2.72950079836217,1.2026366354106,-2.75105725437922,-0.865142259738074,-3.13258096492684,-1.28265802793732,-2.0188945453847,-1.63040612047905,-0.958758970892645,1.50866796597264,-3.01454322298723,-1.08771845701297,0.437250327552893,2.09011915040268,0.0213767971551607,-0.68587114651667,-0.593589049774564,-0.591683715241259,-0.605244813989156,-0.564774152605791,-0.534891877850285,-0.55458704833981,-0.407519846351891,-0.397481086476403,-0.388985136933511,-0.36080448930161,-0.295123704378823
137.5,0,0,0,0,0,0,-0.364174574124634,1.05161550402687,0.464300858545003,0.0906388311268578,-10.8904125089642,1.38991023710569,0.744404535066875,0.522953412826687,0.230928686990702,0.20393748623404,0.237746162467445,0.304653943652782,-0.0468789017700432,0.00888271849136024,0.172087239660322,0.142690422369665,-0.0738191124440074,0.0487093242365762,0.0887912084054938,-0.0141825593277083,-0.258929360599945,-0.0238925846144525,0.0194098559379817,0.253158065144438,-0.0966862004052161,-0.0814229844849046,0.00972774046871386,0.0127597204551727,0.0388620487948107,0,0,0,0,0.00383085661833781,0.0267734866541879,0.0505865921121544,0.0473387941832805,-0.0474108897244208,-0.249256953880264,-0.0257346714674216,2.69845250712253,1.22058753834414,-2.78196137175197,-0.773502921976448,3.13959165305209,-1.29581786696048,-2.04827820399742,-1.77533672527511,-0.983264972780224,1.43073492955766,-2.94002339345959,-1.13555269752461,0.483874281830856,1.85854845807754,0.0212813609200011,-0.681311819057546,-0.584412652834268,-0.580604760404903,-0.604067503899629,-0.557856546971467,-0.52409084101044,-0.554659866800273,-0.405427015981519,-0.398540086029075,-0.384929956035328,-0.372128373242682,-0.304405869708064
144,0,0,0,0,0,0,-0.36255926248612,1.12342085004448,0.487324266165445,0.0887745184879168,-11.3608239785341,1.42597886891303,0.647531365418066,0.52899055188335,0.306659984305748,0.270637033113128,0.235434253555586,0.293667092059455,0.0392840304824372,0.106521609218853,0.0786979068968465,0.187719527602364,0.111623697647279,0.0954548443761733,-0.0144372402519046,-0.0619793709004613,-0.180863726754771,-0.0801020742216007,0.0564549058121405,0.166788509815722,-0.0805315852839589,-0.0717520430353998,-0.0369502775944491,0.0687339924685509,-0.041809772751536,0,0,0,0,0.00298539330941456,0.0250398688255466,0.0473124582980486,0.0419661087607974,-0.0581339676760863,-0.272284469760491,-0.0151915746037785,2.6545974520088,1.22868540705244,-2.82405539311003,-0.673854499362254,3.13898244538863,-1.30776701793061,-2.08543854783463,-1.86819144298131,-1.01021158498018,1.32430185732135,-2.85118632114367,-1.17455357065524,0.533864323407304,1.71154573802503,0.0208379360790362,-0.67396402886622,-0.579258457090403,-0.572040115261876,-0.600897326143435,-0.552493460101146,-0.514463294688557,-0.556921785698308,-0.405612596000453,-0.400436896561975,-0.37755465521358,-0.37820467730352,-0.310380414084669
144,0,0,0,0,0,0,-0.358605108850616,1.06799496067166,0.498568163601355,0.0870887373370079,-11.4272785664214,1.38793233797638,0.474759199637804,0.361258864103307,0.227279130762965,0.207142968225057,0.122473400011238,0.163685476356901,0.0166593334524357,0.05306264925405,0.111186043982816,0.123601803469987,0.135184600306532,0.0722237016594895,0.0276799326407063,0.0125302098096391,-0.0795501688549862,0.106106260470501,0.0712151706534939,0.104765842663865,-0.0291305145822055,-0.0287973606737858,-0.101639563856288,0.0662125176779542,0.0677619615272296,0,0,0,0,0.00237699144815151,0.0238819888614653,0.044837582171784,0.0374910834914619,-0.0678057537478475,-0.2960994963224,0.00233483949632212,2.60130203606694,1.20566433395894,-2.8442044879494,-0.56600841471773,-3.11101901332576,-1.33170284453215,-2.11853715187758,-1.8994873795863,-1.03496783688944,1.20163881256913,-2.73737847215489,-1.25136044844341,0.620912337154233,1.61286913318426,0.0213684521804705,-0.665488268641428,-0.575141262338429,-0.566489482167778,-0.595912207035836,-0.54724446506161,-0.506274199450443,-0.558901223707956,-0.403078840048705,-0.404222201048815,-0.368660761937253,-0.379315001346159,-0.316129600983351
105.5,0,0,0,0,0,0,-0.363748801641669,1.67405505711472,0.403220420869864,0.0892116944525554,-11.4642964848473,1.29535519437572,0.423019874682578,0.277069180507318,0.268963799090882,0.243053472627306,0.166483098438823,0.226712638226138,0.103141764078213,0.0490301597864125,0.111869486917731,0.077210122469147,-0.0203543869525749,0.174437440100977,-0.0347739197699849,-0.115885014767367,-0.000882170090290124,0.133139202245959,-0.0933469966435322,0.103148507163935,0.00229629434715083,-0.0355789718111393,0.0989263757038454,0.047831634216294,0.0485940178472858,0,0,0,0,0.00201156841025575,0.0234990850478859,0.0435399151308614,0.0340926454783753,-0.0773232921117853,-0.322804324259248,0.0244973934077533,2.53863271949912,1.1895933929356,-2.86070537191276,-0.446595717427526,-3.06657316382521,-1.37044810209064,-2.16064593489489,-1.89700259713292,-1.05815139408591,1.12352229369737,-2.57616728837244,-1.35182003748233,0.680939045867073,1.55366093348307,0.0226945218158362,-0.65053424724454,-0.570306208949693,-0.56458650502618,-0.590764913239293,-0.542647904054522,-0.500947895436942,-0.557899528219188,-0.401019146285983,-0.40887404922761,-0.361967442582679,-0.378559214434937,-0.326241808781774
67,0,0,0,0,0,0,-0.373070575729864,1.51598568225473,0.397425218652434,0.0935504910786091,-11.1274698739429,1.31855268392185,0.453065074362083,0.360312764197678,0.187043849838428,0.19081474611283,0.161621914881079,0.135707662502854,0.0730671946640791,0.079209455315661,-0.168301799694455,0.0281076801311193,-0.0574008028435334,0.268044578338688,-0.0278069302394791,-0.0625526717257105,-0.0497542724028287,0.0603156117262035,-0.0744601804964122,-0.0353748520421458,0.0487814720585325,0.0609435260278993,-0.00829771866029,-0.0257035915854594,-0.0754443543534066,0,0,0,0,0.00164617571577219,0.0223001772757951,0.0406708231824227,0.0289110518083002,-0.0873420222618838,-0.347179561895888,0.0552603486983228,2.47524523661891,1.21298222850832,-2.91366977699043,-0.32357664114842,-3.02525378621602,-1.40773429161168,-2.2116354489609,-1.8663404960537,-1.0813092126633,1.0658488797951,-2.44294920941487,-1.44773520725204,0.649119866509097,1.50759092874766,0.024193969001306,-0.633455723615209,-0.570915028396806,-0.568286258677707,-0.586571696759217,-0.536553934681189,-0.49578554304341,-0.55321127047727,-0.401932766274816,-0.413177197447744,-0.360065807733146,-0.38034753657485,-0.340147729059823
67,0,0,0,0,0,0,-0.374909815030015,1.09396500096422,0.391596168918845,0.0980560473239012,-11.5319923565622,1.27466460873577,0.503573975938982,0.446096693452122,0.179172106963525,0.13398242978917,0.12241918003115,0.128972942042338,-0.0144275343568219,0.0611901849460687,-0.107928251098882,0.0930021691522652,0.0385133383621017,0.179792460513898,0.199096863512702,0.0615345897873853,-0.143315943690932,-0.0434944712169848,-0.029106063105552,0.087060051777875,0.0812524789223514,0.0273184151187547,0.0118825023416505,-0.0198544059776095,-0.054535679098161,0,0,0,0,0.0012808134584779,0.0206523737864187,0.0372527854546249,0.0237901906070061,-0.0942400900635032,-0.364504415631709,0.0916491316305189,2.41676776858072,1.2587408228288,-2.99188942927447,-0.249465071989316,-2.97565668825465,-1.43971618075616,-2.26193904590089,-1.80872365110136,-1.09891955697304,1.02501241790513,-2.38137623817711,-1.56609840102852,0.598582183327255,1.46180895645812,0.0265237794474316,-0.623154466933799,-0.579280253270601,-0.575965002804,-0.583978335920155,-0.526913899274273,-0.487437592325923,-0.544946563744783,-0.407350706671525,-0.420011941948406,-0.363561952626917,-0.38338307038781,-0.34885556272162
67,0,0,0,0,0,0,-0.373654682213409,0.990184441919778,0.399815968940848,0.0973258591728774,-11.4115778944983,1.37868413474797,0.6034413303739,0.49755832268717,0.159274541559479,0.193447392637589,0.13068475774183,0.18504344346201,0.00750494664193128,0.116755222833937,0.0273856829398919,0.0470131265072146,0.17722952179984,0.234185710696563,-0.0352284124801527,-0.0417286043839266,-0.10603992093083,0.0386932939800645,-0.022665485918204,0.1294958824159,0.00645264443733532,0.0175209050307349,-0.0177887319404444,0.0722719504555391,0.0525904511564919,0,0,0,0,0.000915481732101796,0.0185642058374761,0.0329990175396039,0.0177851931477682,-0.0998262651230653,-0.374897193231463,0.1357951338433,2.35369846007665,1.32840922019801,-3.09976307449126,-0.234521861631524,-2.91034971099227,-1.46893797768112,-2.3186101115179,-1.73345287669936,-1.10980188299074,1.02108883438401,-2.34731633079825,-1.69814788404545,0.550481118443214,1.41897030173403,0.0302861158768139,-0.618447153079906,-0.591812703316146,-0.582696115961168,-0.582277097426214,-0.520178270052685,-0.4818783535472,-0.536701986936134,-0.416636366323589,-0.427395744825104,-0.368376850807543,-0.38454586062039,-0.351111674888262
75,0,0,0,0,0,0,-0.359883520236386,1.57909712612111,0.433762174876967,0.0859650689513046,-11.3985593097427,1.44703400738201,0.592370749118152,0.434881593830561,0.171446963925915,0.262899073689379,0.228730494069774,0.205896149149416,0.0253779841579052,0.247512602678718,0.171679183390586,0.105705043294859,0.159438385646115,0.213303468676937,0.0489278702139856,-0.0745106650354962,-0.162522675706185,0.0822250986724394,0.0981850586585192,0.134663341975387,-0.0299099005816477,-0.03625391636704,0.0234359401528987,0.0414447265035175,0.00607830618356035,0,0,0,0,0.000550180630324524,0.0156627615771897,0.0268375086985371,0.00893482687053746,-0.107342490163716,-0.378622726809301,0.176664422911942,2.28856065611798,1.40526603325591,3.05653834480703,-0.225758848740367,-2.86174043392463,-1.50231676679233,-2.39004783803206,-1.63904731403701,-1.11701647563359,1.04150339577865,-2.32871541581179,-1.81695172702749,0.49674870123952,1.35350380450406,0.0361465950854182,-0.612933296303919,-0.607235968245322,-0.590863848203856,-0.578957615238079,-0.517395765106025,-0.480561008842249,-0.531189949987689,-0.427959217244354,-0.430574096809839,-0.372280826704021,-0.386186491046413,-0.353552764559949
128.5,0,0,0,0,0,0,-0.348816236112747,2.1373258121277,0.531200390946611,0.080807851232847,-10.9728101165155,1.62456028360821,0.379170659353816,0.37380766475051,0.00649009854863427,0.211209309427129,0.0877808073246638,-0.00644118005204599,-0.0419761540504694,0.34591993248941,0.170178925269855,-0.0336530571722932,-0.0512438474915928,0.0947730590619064,0.00174670881729286,-0.187950375262221,-0.182938080377222,0.00361723668807853,0.00460036118715079,0.0912846507717831,-0.0020266694529946,-0.0500336769952546,0.0722254018570568,0.0689810503429795,-0.0278475075702866,0,0,0,0,0.000184910246778347,0.01250599777376,0.0204284393413429,-3.26336636729368e-05,-0.114243691315588,-0.375869210789035,0.217446873915838,2.22503364485844,1.46167312875884,2.93674287604128,-0.187700740573843,-2.85718946210732,-1.54312942147332,-2.47882057950149,-1.52525512588068,-1.13117368604186,1.00859939081049,-2.33329680817383,-1.93302990119221,0.439983193820822,1.31584241373737,0.0447136227313335,-0.602867405915594,-0.622272466248569,-0.600400846840675,-0.57534306273195,-0.513055611283771,-0.481399216281449,-0.526511334618324,-0.440566679934723,-0.435233814876284,-0.378543864284296,-0.390137486564861,-0.360807954217507
174,0,0,0,0,0,0,-0.350264981149525,2.06061355773198,0.632342620223185,0.0903844735999192,-10.4824833138041,1.44922442847296,0.168845321281414,0.363848306147494,0.00733101305554418,0.194087447041997,0.0295484438378466,0.122601142892119,0.185704843533691,0.275860878745267,0.0303274811622483,-0.129363881421885,-0.0370325353664029,0.226374255760324,-0.0970128325276325,-0.128340130677503,-0.204608652630859,-0.00638563756316252,0.0320778441219608,0.00885434655964387,-0.0203575179027268,0.0555317740530049,-0.0129169294065471,0.00641087692143799,-0.0862245044248444,0,0,0,0,0,0.00974779685699805,0.0149755340288464,-0.00731151662855831,-0.119437532424902,-0.370528017793712,0.270507924796451,2.17785896801456,1.50644047142843,2.83385774912643,0.039493735051146,-2.86018961605316,-1.57741598246511,-2.55515892621496,-1.38595914639954,-1.14975599184438,0.96010315144566,-2.43528989293883,-2.07064972229114,0.391583639149736,1.3231458449573,0.0531877198287439,-0.596453719959286,-0.632854877354891,-0.607472731005731,-0.570961074440495,-0.508769255006571,-0.489850297732639,-0.520458802608613,-0.451869940459683,-0.44176753393127,-0.385839013329465,-0.393159273647207,-0.36826131280348
126,0,0,0,0,0,0,-0.348313269929131,1.65132054714173,0.535042775043719,0.0999558843803243,-10.2499013799289,0.930671266403508,-0.0955661171320165,0.262998000064582,-0.059113110393571,0.152261352695809,-0.268649989515598,0.0468151806729856,0.440206128368021,0.289594845090374,0.0802303120501467,-0.133981193374399,-0.238300854005745,0.121831803244222,0.17212586747134,0.0176929995728833,-0.321590491911142,0.00689208925377975,-0.0304842181784919,0.0471006881394384,0.0954159937363334,-0.0413105690623067,0.0114118629897548,0.171851041036678,-0.22666606811327,0,0,0,0,0,0.00749035514950489,0.0102993852303017,-0.0137722870601866,-0.125677946603618,-0.370001602707326,0.322456244038495,2.14758681896705,1.54662007886182,2.75223253204226,0.302136644871028,-2.85526781219205,-1.59357873867815,-2.60384147710166,-1.26532333593574,-1.16650770025221,0.944587344194617,-2.60676021064747,-2.16567887519916,0.364915817172395,1.32470953003212,0.0602083594340072,-0.594875898537484,-0.638041835830004,-0.612099854160504,-0.569103100541109,-0.510487620018556,-0.505626194918832,-0.513918200556303,-0.456932950102859,-0.446135409595898,-0.390784620986916,-0.394865403012353,-0.375093566623197
78.5,0,0,0,0,0,0,-0.359932987291342,1.205575203187,0.487918652235594,0.0994317060190339,-9.95865412284139,1.06966833716295,-0.137143378095608,0.484878477407336,0.166539035185198,0.333200079875918,0.023701070272937,0.0357330998908166,0.293355013038098,0.275117535582896,0.0185875715436583,-0.0499608899279228,-0.023729890858825,0.220069136995057,0.24482966217567,0.038779114333639,-0.297417838449398,0.028288689244997,0.088967644220451,0.151913331544696,-0.0978060465264565,-0.0248367541320168,0.00548901219852307,-0.0140904160477113,-0.0824135513417959,0,0,0,0,0,0.00523404969398338,0.00579158624650401,-0.0200549763773741,-0.132084926932212,-0.37037998238177,0.371148058920635,2.11308644250008,1.58379199607158,2.68424442641469,0.38340927732243,-2.84918700312269,-1.58802213437224,-2.63474986544287,-1.21917862859007,-1.18316027599619,0.920950414067531,-2.73233783055419,-2.20145664271208,0.333903689575308,1.30292664292201,0.0668915924048535,-0.594626845405752,-0.644141569947911,-0.618377854857139,-0.573477331257746,-0.515946779560496,-0.519561241955033,-0.506078194172389,-0.455757665260681,-0.450962221689273,-0.391916731647292,-0.39589363675443,-0.387220726015691
80.5,0,0,0,0,0,0,-0.362849122515306,1.72631155101312,0.489818244730192,0.0952877481142504,-10.0838463651382,0.97032996087016,0.120719289711361,0.561056535810107,0.26629863892702,0.162973108499498,0.0297818578436362,0.131970805262732,0.180125863793368,0.0632586415057998,-0.0703777124309259,0.0440652090707271,0.00608050374112783,0.214676460353227,0.10706518504275,0.101755387962257,-0.273250693091569,0.0133473479238963,-0.0171204224341493,-0.0101354647995108,-0.00874400722378613,-0.0536443781911605,0.035179632364645,-0.0694599685799407,0.0804482534946623,0,0,0,0,0,0.0029789370203927,0.00132040930572908,-0.0262108469051863,-0.13787020079642,-0.367843549895341,0.428762669369806,2.0810832410667,1.6263444233803,2.61126394417053,0.41619477288229,-2.85157706927938,-1.57552439200565,-2.66170523048404,-1.2113320173365,-1.19391764597852,0.90432888140586,-2.81071756230784,-2.22405686209755,0.298710423393259,1.29214394729746,0.0710226172552947,-0.59749946171586,-0.655026984966223,-0.628233590714613,-0.579850047789964,-0.521689999571895,-0.530001117666472,-0.498755420562443,-0.455531652764971,-0.457166080895145,-0.392553879642725,-0.396567414427414,-0.397349169617915
128,0,0,0,0,0,0,-0.336242444062798,1.95078140169678,0.496245375326587,0.0967139973244097,-10.2122252665722,1.1728471712494,0.104555211005495,0.356843473812866,-0.0597223090804254,0.122415263461197,0.0911760088329558,0.134170480267667,0.150600675631063,0.13709931527626,-0.131082537466208,-0.0665932150486622,-0.0586039492826837,0.0551897460745258,-0.133477822479222,0.0264304771185026,-0.102548326172808,0.0850520452801022,0.0336669051888503,-0.00987107806775732,-0.0532062110377274,0.013098130669098,0.202555760063804,-0.122161581073327,-0.0398739062145249,0,0,0,0,0,0.000723686063125711,-0.0026488333842068,-0.0310883728593546,-0.141095145223848,-0.361049025948976,0.493794089911816,2.06390764310412,1.67477495658315,2.53736055387349,0.480658632217663,-2.86871077813537,-1.56556775966636,-2.71002157215598,-1.19787306658317,-1.26147089181949,0.890395349338511,-2.86804720661203,-2.23227381950012,0.274830441449841,1.30961907205453,0.0732932944097704,-0.601253850389031,-0.666455644708462,-0.633746743193484,-0.587066248717019,-0.532533466580936,-0.541686666499617,-0.49442562243748,-0.45727354073103,-0.464876274571083,-0.394714462726419,-0.395985364018425,-0.397667892391812
125.5,0,0,0,0,0,0,-0.32511913668084,1.82220710740763,0.510073598088413,0.0990102960005519,-10.2798761378343,1.06500219639802,0.0803084737044452,0.572387332532217,0.326582803741399,0.300087134492855,0.0820349207933288,0.182238669866042,0.154898043824708,0.0690470472622417,-0.0425515269145225,0.0185267669411214,-0.0731445065550322,-0.0673375677418875,0.074827993105491,0.0987147925824165,-0.10383046284048,-0.127235466937388,0.0449827633787339,-0.0263280743354048,0.0298505035084541,0.0505700535252789,0.0672619609351186,-0.00305681268945984,-0.129842361545519,0,0,0,0,0,-0.00153168024762752,-0.00595706630868967,-0.0344028326585339,-0.142072157293392,-0.351971271753722,0.560325637434383,2.0528572870921,1.7307321367068,2.47836936939065,0.624212127054791,-2.87040755655559,-1.55806721344816,-2.7641651196955,-1.17690138090359,-1.45340305765272,0.878415483233972,-2.92819970633754,-2.28778916832192,0.244010801470606,1.37109551517251,0.075753903250048,-0.603735042360874,-0.676814181550087,-0.635801181946923,-0.596010515076392,-0.55209866187117,-0.555708679721734,-0.495259173178557,-0.461056317583754,-0.474986968298334,-0.398521246653988,-0.395094278796419,-0.394217715357899
77,0,0,0,0,0,0,-0.331624771671388,1.44929997057084,0.519477859088642,0.0983098311442268,-10.7606241949582,0.871999386532693,0.155577453197245,0.481853343756756,0.213102227446915,0.323763812869114,0.141267283488958,0.209485988732252,0.210981213587358,-0.00256382752579705,-0.0952630110923677,-0.0960744905286165,-0.103655702038953,-0.0460349066319357,0.0227319244624541,0.0676578568721927,-0.104566295921506,-0.231495916062689,0.0871825645726218,0.0926206017854473,-0.0247504805938591,0.053600700050899,0.00998342096507952,-0.0991555239671985,-0.0589039860609096,0,0,0,0,0,-0.00384851841721779,-0.0102069591926845,-0.0395264297361042,-0.146100314820743,-0.348224840880487,0.621920497775688,2.04396908019139,1.78700576159171,2.45338757103721,0.837109108711638,-2.84924390411434,-1.55913514505561,-2.81603964142045,-1.1602740984755,-1.71647789252159,0.870491604771475,-2.98891404689485,-2.35421357575115,0.210908155646325,1.46937314661224,0.0786562946946758,-0.601463249547624,-0.680103256555118,-0.635202878535404,-0.603550903028366,-0.570421178468194,-0.567800006782571,-0.498797661737123,-0.460886681563719,-0.482169690349581,-0.403678448333381,-0.396629838522687,-0.390932572273456
76.5,0,0,0,0,0,0,-0.339057934096986,0.985763494477013,0.509913454769312,0.100963578837758,-10.8384538499299,0.919615012510713,0.329930085991658,0.560162634611948,0.201514481931293,0.231345227110372,0.0696124480514352,0.142334083800051,0.154987438560537,0.00141643352922954,-0.0104306805971809,-0.0661879249435458,-0.0537039630412979,-1.25716669116616e-05,-0.0732147393781759,-0.0898550741121036,-0.172188386086903,-0.130616278360377,0.0847999130695232,0.0169494114763032,-0.00200340308953095,0.0808775153090246,0.0219107422535629,-0.100659301880272,-0.0418574240812128,0,0,0,0,0,-0.00628857866559343,-0.0163387686503598,-0.0482540017430922,-0.155166307075795,-0.346966078235307,0.683189306710451,2.03848959235295,1.84170714507764,2.47426920361087,1.08435720743545,-2.81117133863054,-1.56104842444417,-2.86091095287327,-1.1533003948382,-1.98595892791386,0.886361370961811,-3.05764377800411,-2.42885966183245,0.173294691983887,1.6050972362768,0.0805201170971739,-0.593931002536597,-0.670020953179754,-0.623754867898563,-0.603889219194806,-0.579599570475257,-0.572892811280944,-0.496759066698959,-0.4524626768469,-0.48208680407086,-0.406541984933349,-0.395726619670784,-0.384617966890064
102,0,0,0,0,0,0,-0.303358439644395,1.27180911049658,0.370445732216171,0.102569830874392,-10.7630263191648,1.07588672894279,0.391380267250476,0.573694968986821,0.360421321858654,0.33627685139239,0.182616108588633,0.207837090020332,0.116723397322827,0.0381925871889884,-0.0285597282337127,0.0342913213810015,-0.00677858653539011,0.108769194412863,0.000180675075982724,-0.079220792834947,-0.138005874479333,-0.0652663029509238,0.0659592096240139,-0.0500776159354126,0.0617186006830371,0.0345036888509856,0.00167980331238958,-0.046062124705057,0.00943443322140716,0,0,0,0,0,-0.0088130533365613,-0.0227825788941345,-0.0574733044958243,-0.164944587190844,-0.341930763985618,0.741186845224011,2.03826065383929,1.89533670115411,2.51682853624647,1.4126936980035,-2.74695160644456,-1.56655214251625,-2.89018502731973,-1.15435784428443,-2.22253872835695,0.941049602072479,-3.13384788474064,-2.54930863225875,0.133060556732334,1.74776691781209,0.0791747111099342,-0.586589945119127,-0.65386614820116,-0.606829709205122,-0.598635586895259,-0.585796176417157,-0.5740679744212,-0.493351492122252,-0.439107685521912,-0.473482343728231,-0.403556990498344,-0.389588105185643,-0.377760813962126
128,0,0,0,0,0,0,-0.248931150607289,1.33907170286112,0.379464364941387,0.0989310188152586,-10.6983172127883,1.09166867473356,0.433770987036388,0.543625691666912,0.353479287933517,0.343162216652738,0.21693899989227,0.22483331049303,0.140692171367832,0.0749005686367634,-0.023182233226357,0.0835927441589308,0.000632122968205931,0.0819389982605852,0.0126595988532778,0.0677723129165697,-0.0930837116826072,0.024248880270492,0.148760616380137,-0.0695576423853257,-0.0900640121789708,-0.038422076960849,0.136128336013397,-0.084569221408389,-0.0026192469761974,0,0,0,0,0,-0.0115609593303436,-0.029052845011757,-0.0661423567977453,-0.17476404960094,-0.338179962082779,0.802065315462298,2.04765510108484,1.95396303452235,2.56039505645414,1.66896266616973,-2.67278863483919,-1.57052233427186,-2.91705058922503,-1.1692202987604,-2.4249340355288,1.05177648910278,3.08696685001531,-2.71078157128634,0.0949317913936314,1.88037619365549,0.075593825369673,-0.579899232712587,-0.64278353361966,-0.587863527150358,-0.59393462816922,-0.590689804176775,-0.571634527698032,-0.49270932310272,-0.423732134867001,-0.46190322002996,-0.395536530442542,-0.380058488017888,-0.37841742528581
127.5,0,0,0,0,0,0,-0.237645618890424,1.84063516282284,0.567269724767875,0.0932908663172737,-10.3295725504684,0.865072122715174,0.465909792574007,0.625904802913908,0.331001879001608,0.262141749880309,-0.0145846704782454,0.00134603071152272,0.126412911964925,-0.0978031657136673,-0.0577748809429743,0.147373080288507,0.116255194198466,0.0980140144201269,0.024041574713815,0.0801125541439595,-0.24627377031295,-0.0614185726630821,0.0841995466694621,0.080185400024685,-0.0702767717094874,0.0225469381484178,0.0784770186927093,-0.129723279586136,-0.0195583003317484,0,0,0,0,0,-0.0145142877136045,-0.0355884523675374,-0.0750447942089289,-0.186094247290273,-0.341881321293375,0.871639353421147,2.07186228217368,2.02444222689991,2.60202393877353,1.76309540907869,-2.60225136899728,-1.56370468320292,-2.95395080281125,-1.19284161300079,-2.60255676166033,1.18179034743662,3.04257897299116,-2.90777971119773,0.0554926954287227,2.03577010547666,0.0704096374434769,-0.575453350334016,-0.639229002826107,-0.567701960203755,-0.587482043716795,-0.592463823172986,-0.565083507737117,-0.490468315861871,-0.411386806349277,-0.455855075459042,-0.39023305629815,-0.375631465353292,-0.382589830765725
126.5,0,0,0,0,0,0,-0.238382394084874,1.62185649133638,0.517831238500743,0.0890775807380657,-10.2408286146409,0.538753207562804,0.287892174621483,0.355461731410744,0.210301832561692,0.195172028958983,0.0715601826940193,-0.0420735979334343,0.0841910798217927,0.121739866639644,0.0550938419487624,0.107945046558016,0.0965886858837567,0.160080302765547,-0.0373706027996131,0.0412502381844018,-0.225023875395626,-0.0177690009094748,0.0882724614070606,-0.0495101460743545,-0.140424254883696,0.0298042480177566,0.143286459854555,-0.07059167403756,0.0123094767317828,0,0,0,0,0,-0.0174678677905214,-0.0418952813447629,-0.0833270532361019,-0.197435024223937,-0.352254830383465,0.938707183128544,2.10876364055642,2.10779460073772,2.64368064186949,1.84927554011918,-2.52086287834667,-1.55636188633221,-3.00169119253516,-1.21770319870949,-2.74417841490641,1.31922864814574,3.01465333267153,-3.1051674390349,0.0145865222646391,2.19152242982262,0.0623995607933756,-0.572760398238886,-0.635322580655736,-0.548733072200264,-0.5764813377383,-0.593163085455614,-0.560623393786952,-0.491244379736671,-0.407743437995288,-0.448187635964104,-0.391331112529043,-0.379973881194551,-0.379402897492045
125.5,0,0,0,0,0,0,-0.241904207012618,1.49325674669416,0.382434665616567,0.0827333899249175,-9.89930848322526,0.365725906074819,0.135088643010892,0.321030205507601,0.208985022027661,0.209600995648852,0.0544093649492208,-0.0344963216043467,0.0634632601556922,0.175138973794763,0.165508020419064,0.125463413639604,0.0440524719300173,0.146699248522427,-0.0650944127998338,-0.0238764778702083,-0.129995769546436,0.0550279618607929,0.203337183304652,0.0212269294100139,-0.151818059098077,0.00567444425345678,0.0770226174856697,-0.154543985922064,-0.0102370821805399,0,0,0,0,0,-0.0204216480560083,-0.0481947961312078,-0.0915592403943326,-0.209906381939786,-0.370664937418356,1.00209068160104,2.15809984460343,2.19549850430069,2.68589436897568,1.91513448709785,-2.42758618986459,-1.55761201187976,-3.04482273886069,-1.26031452469141,-2.87439660806404,1.49898543164385,2.9885417716107,2.97553418443578,-0.0218865689203316,2.35438851397572,0.0538741756748712,-0.571644224090695,-0.628553307052057,-0.534228879177655,-0.568760785844272,-0.590698002946308,-0.554387192270323,-0.49331468889618,-0.409412964433442,-0.434024081969806,-0.392255511542175,-0.389361180964765,-0.378557973746402
125,0,0,0,0,0,0,-0.251052001540559,1.75402327421204,0.403042198935326,0.0683132053459224,-9.60384667341121,0.323090788802943,-0.0264338137548913,0.340922789643468,0.187764142991176,0.191472634887637,-0.00486160768617032,-0.130257787584802,-0.00457041403016503,0.124469464242392,0.153002604492033,0.146911228082844,0.076553370113315,0.163207621861729,-0.0786874666728614,-0.0600707956308731,-0.159375826457042,-0.0478557307812305,0.137223977068515,0.0624368278578271,-0.135496606445538,-0.0234842504627895,0.0315385734417501,-0.0561530178486359,-0.00687607988656758,0,0,0,0,0,-0.0233755769840248,-0.0544865103869055,-0.0997455986495226,-0.222894348934577,-0.391857428903362,1.06157499173586,2.20989838094486,2.26622078504996,2.72106341520387,1.96685366788028,-2.34246683981601,-1.56989379437745,-3.0773934255302,-1.32987902753671,-2.9865082916871,1.67955328626212,2.9504630036862,2.80459749552029,-0.0603496792960554,2.51173625637997,0.0481635548322203,-0.57233111925027,-0.623437640933222,-0.531832615459749,-0.565345732594858,-0.57933232847821,-0.539854283277411,-0.489770827357275,-0.409891741535627,-0.418155796964593,-0.393250630195558,-0.404145915845524,-0.385633369408075
123.5,0,0,0,0,0,0,-0.260158780982474,1.49566333044657,0.396828820339675,0.0573367445211763,-9.38200346406876,0.431187073683222,-0.225254915073999,0.270574991083564,0.15655852873197,0.180384216471136,0.0304078580951953,-0.133403456139632,0.129599743223994,0.218763756490671,0.148514704791814,0.129152888846039,0.0887035347792623,0.149609240406847,-0.106008437171187,-0.0830258185630104,-0.132016373359774,0.0130546104684024,0.147178455138368,-0.00259007961197281,-0.202875254953369,0.014442751508532,0.0652745038377452,0.0238471603625964,0.00857344449005519,0,0,0,0,0,-0.026329603032967,-0.0607699414453051,-0.107921160573672,-0.235658976334259,-0.408564004210876,1.11550186709388,2.2554730179982,2.31820255483283,2.75539721624063,2.04047959787816,-2.27791795172045,-1.5912750345868,-3.10982987973379,-1.41476613438639,-3.06679176519081,1.84004988693981,2.91590626056556,2.71731281051771,-0.0929678754496681,2.63051400621613,0.042241845295652,-0.575715760550377,-0.619013593874474,-0.538664674983927,-0.56093500932209,-0.560204562431465,-0.52370610552934,-0.483399601240563,-0.411926263222966,-0.404527287195664,-0.394444643971246,-0.416596149622316,-0.391325924140062
94.5,0,0,0,0,0,0,-0.274919111031102,1.42978675203023,0.507392133337113,0.0588848320522417,-8.78455657031613,0.621380546668755,-0.315037055037214,0.234965332714423,0.0468163217355941,0.222121457453351,0.182528554127205,-0.143025406146494,0.220836275562931,0.184180677406067,0.0107271035059339,0.00963019862846181,-0.151816028385388,0.0993879843837443,-0.0607268558388627,-0.0509238279616357,-0.176861477450021,0.118810688978572,0.257209709754874,-0.0160149783152747,-0.231192400910791,-0.0158813388140169,0.0578449868072433,0.107437992485485,-0.0756994247484547,0,0,0,0,0,-0.0292836746510621,-0.0670446105255404,-0.116127997429205,-0.24919124851789,-0.427529168078593,1.14641307478444,2.29854114236798,2.36067683700931,2.79575222657858,2.11929531830116,-2.23446686053278,-1.62893185134109,3.1266308959955,-1.5846507677573,-3.12228103078233,1.99038746872081,2.89003642608039,2.67185699404717,-0.12788435648926,2.73437736165552,0.034552033112875,-0.58191941912212,-0.612543169250759,-0.54466494131752,-0.553059175368236,-0.538594990745109,-0.51105993756764,-0.476603060876324,-0.418616882393029,-0.400399015752292,-0.395974859286588,-0.420060675910203,-0.391056718431208
67.5,0,0,0,0,0,0,-0.285512981952516,1.27257429663178,0.652027266109246,0.0584022935783871,-9.1242726420041,0.898687066933738,-0.191431931239419,0.229375260641218,0.0593134191321027,0.277922979932377,0.183799149050616,-0.0383588273620877,0.0926518109437308,0.0485968627421536,-0.00605560372619476,0.138948088567159,0.051872782569096,0.142616698065731,-0.0434351655537841,-0.0209351766500449,-0.304048425701436,-0.0468854778674831,0.210933423870273,0.145287608294309,-0.131820750363156,-0.0608582428209745,0.110160432389109,0.0143757137105788,-0.0794843648332637,0,0,0,0,0,-0.0317207841361982,-0.0720538766001145,-0.122337933764279,-0.26081676180739,-0.449731572963049,1.11612176281629,2.34459091742767,2.39827552529737,2.8384372963139,2.19446557365489,-2.21136388946026,-1.68056636889436,3.06861506108635,-1.80876461077757,3.1157866290228,2.11119174772035,2.86318020079053,2.64137952657762,-0.182697242348895,2.82550489217729,0.0293656308699164,-0.584456142393889,-0.607627341806476,-0.549325722962186,-0.543721985654157,-0.519026724565761,-0.499759609220213,-0.470898694617614,-0.429026860102789,-0.403759820549427,-0.400136745333908,-0.420983915785477,-0.389648098040486
68,0,0,0,0,0,0,-0.284815928516175,0.935383372414009,0.571678166774519,0.0498257559533861,-9.26145996961333,1.27946545115179,-0.00183689152831766,0.344503230953027,0.222875117817055,0.238871398773191,0.237086311829135,0.138230692673539,0.0181795760532903,-0.0549564577634878,0.00647355487290417,0.0291951338923115,-0.0637036497075195,0.12583920045214,-0.0887921876125613,-0.0576244281625994,-0.225170309340924,0.0212056568671599,0.153655941594514,0.122171201186698,-0.161542073180151,-0.0581609747656072,0.00426701883738649,0.0176882417269296,0.10567942173609,0,0,0,0,0,-0.0329045637070235,-0.0740958219177743,-0.124336230408857,-0.267970338388106,-0.469112751352298,1.00193073363522,2.40162258170339,2.43646439408304,2.88408428315669,2.28429688926605,-2.21453494535509,-1.75617670221858,3.01206799313723,-2.24246393255831,3.07084514874305,2.21043215189524,2.83461828182096,2.63298243359044,-0.262303567022442,2.88514676079029,0.0276357981439158,-0.58635704901945,-0.606830186115063,-0.554570146480616,-0.540528252256371,-0.504702450799823,-0.487390903775964,-0.464081445482592,-0.438215261869996,-0.40935929300151,-0.407846628826424,-0.424862975678685,-0.387988344800309
67,0,0,0,0,0,0,-0.285582422996172,0.640979788244364,0.492001122094738,0.0498288135268051,-8.72313197924079,2.48875400607616,0.445772495809541,0.260317403250521,-0.086116484582836,-0.0965848055690199,0.129107367858074,-0.137776900962286,-0.112643183272474,-0.0439410833252714,-0.0333802769754872,0.217931185924312,0.0105531394320705,-0.00353872972624279,-0.134640082006827,-0.105130018197545,-0.193521732310243,0.141500706850618,0.214925431834544,-0.0297847274893037,-0.183336849077143,-0.0181257378698495,-0.00349475859007423,-0.0142977415983373,0.110173730165587,0,0,0,0,0,-0.0339144793539724,-0.075735201725781,-0.125864592244758,-0.274600734266995,-0.486176560171888,2.44147089961497,2.47354984553755,2.4742705011975,2.92095356115497,2.36727230329503,-2.23048619148319,-1.85578122415081,2.96453827321349,-2.70269347975283,3.03623013105898,2.30290016144393,2.80893721989321,2.6191589903956,-0.371502432134114,2.92926931063495,0.0274639122325253,-0.592233430293999,-0.60879440551629,-0.567279122313593,-0.5445991970983,-0.49536569671837,-0.47622174826416,-0.458428310941401,-0.44405096306178,-0.416405054427699,-0.419092662461176,-0.429034982158316,-0.38058395356959
103,0,0,0,0,0,0,-0.240554010549246,0.984686560509968,0.529576195042689,0.0570235317900726,-8.48510240890076,3.16527730812589,0.551799235377041,-0.0649735601579435,-0.186811254085541,-0.416383987675636,0.0205922208572501,-0.112275652147995,-0.268370422727889,-0.227418302494765,-0.0139018123090709,0.410803716417072,-0.11562317153797,-0.0677064398118547,-0.0798917967142193,-0.189903253415289,-0.15278937573663,0.107091599710205,0.273668764849126,-0.0503491302067093,-0.179843715385947,0.14111524561852,0.0484296691684528,-0.109739706024366,0.109330270268746,0,0,0,0,0,-0.0351249657502776,-0.0778039283041257,-0.12763279829106,-0.280120425300405,-0.49856245926113,-2.2530050370504,2.558747498676,2.50909126676814,2.94898766374714,2.44062394160013,-2.23456140344021,-1.97472568931134,2.92693680675369,-2.89143769554616,3.01291359960265,2.38721540442522,2.77971863471943,2.60311699196261,-0.479231762161466,2.97459764971983,0.0299664784542387,-0.598772145076302,-0.611946609106516,-0.587988219482036,-0.554123331944708,-0.488794620405428,-0.471112509766856,-0.456040423352963,-0.447649771909554,-0.42297854006989,-0.429606194400204,-0.426597390105669,-0.372541849940308
103,0,0,0,0,0,0,-0.173698937930732,1.67235896468914,0.554106823439801,0.0642317230494521,-8.36450008306303,3.36361124666743,0.519035662908357,-0.178070739294263,-0.00294806489409693,-0.505422762716875,-0.0691528227177668,-0.063806212720804,-0.367302358727568,-0.00575832199541376,0.0341976820684871,0.365386343966904,-0.228416828565713,-0.15410421765197,0.00350650162349234,-0.0937196873838524,-0.125335998542004,0.0630194274126516,0.140672306084113,-0.000128291574639715,-0.0866579272087726,0.203320665615367,0.0650003295303763,-0.13745537404187,-0.0601646796788727,0,0,0,0,0,-0.0355521885657888,-0.0781710450817646,-0.127091688807039,-0.283595132635765,-0.509845531139241,-2.1601837042721,2.65062270424831,2.54349273961359,2.97815932343665,2.50867073119775,-2.22322962468333,-2.10205317954514,2.8965415329652,-3.0218597877449,2.99581258033321,2.48688098009254,2.74935701730521,2.59965368146172,-0.587774547029038,3.02232068520996,0.036529353651533,-0.604001858585028,-0.616403909979711,-0.609545397561983,-0.568484114785139,-0.484976606196141,-0.471524567707566,-0.453519993240452,-0.449453913391673,-0.431819170133879,-0.43740425997763,-0.415431342509524,-0.365723019495935
65.5,0,0,0,0,0,0,-0.150352107801832,1.81236907659204,0.60730873095702,0.0757417765276518,-8.24209942374178,3.39181958912822,0.359368000518419,-0.195065162877512,0.162940719770784,-0.479110042865901,-0.155668376565276,-0.238588231687678,-0.216186396133431,0.0870483874016849,-0.0114301270227835,0.32735852999181,-0.351089324602284,-0.162966542278271,0.128098567326142,-0.0774202613482098,-0.140566380506539,-0.0153475802727334,0.0452147961206106,0.201939196385583,0.0151771255544436,0.0865651987140972,0.0870984744962499,-0.12196308255942,-0.176492868144976,0,0,0,0,0,-0.0352971993847148,-0.0771363687486449,-0.124868198866531,-0.286021672960107,-0.523795023685257,-2.02684110062633,2.74935843692092,2.5759894655249,3.00878072022069,2.55413846507264,-2.20873564567457,-2.20964283717176,2.86967462020313,-3.12521593369972,2.98624548266879,2.64079714617757,2.72376214882694,2.60809111368298,-0.709928176429893,3.06574019186955,0.041001760117412,-0.610278459149232,-0.621288826675669,-0.628478709965109,-0.583990068289029,-0.486349334091149,-0.473160375055067,-0.451463282024712,-0.453831593640525,-0.44378619703524,-0.445465631299692,-0.399938420116068,-0.351453293066531
65,0,0,0,0,0,0,-0.148665113932833,1.9631826165734,0.56839200245304,0.078455292011274,-8.2434720418875,3.42176076389168,0.17718326878612,-0.0862126524027812,0.248390548663052,-0.368462908632436,-0.268369729785589,-0.492338617495563,0.00273452830727605,0.174580406035072,-0.0378792113841182,0.178553064507464,-0.302913031690031,-0.0568751697243386,0.13549121010784,-0.177090262119556,-0.0810465398588054,-0.0861195739433463,0.0168886125157562,0.274153066439219,0.0688670802019995,-0.0551075963844893,0.105502188121883,0.0235550260543886,-0.231738707708829,0,0,0,0,0,-0.034464532806973,-0.0748609983237699,-0.121144720218343,-0.288090054881908,-0.542214062197963,-1.89273727469154,2.86255762371627,2.60783427151387,3.03683582835591,2.57383422365855,-2.19479264763564,-2.28466176337896,2.83976795845503,3.07996912806181,2.98259479208534,2.76842962277189,2.69521745087969,2.6188058259022,-0.802703256337674,3.10095841783564,0.0367811518715135,-0.621262661749918,-0.622187528078805,-0.638500211215668,-0.600007771205651,-0.495259652618519,-0.481247097612005,-0.453961112345177,-0.461299658018666,-0.451933330836054,-0.446463368161679,-0.377913199439655,-0.336735835173319
65,0,0,0,0,0,0,-0.147321850348578,1.86367371102213,0.408337685329213,0.0741993309779637,-8.54102986179445,3.4535139613772,0.305273201596849,0.17945150629465,0.254866570407112,-0.248003705654206,-0.441110185143245,-0.661714841558227,0.0485934878609676,0.316406328265483,-0.0706808592938828,0.00516731366149632,-0.29717401555717,0.112274417870031,0.0988038799106754,-0.341958612737356,-0.028199763536174,-0.0290225453327726,0.0508244357367745,0.223992743378429,0.0283978152278268,-0.000835843729098187,0.0135653870344286,0.0594658883877983,-0.119294094022029,0,0,0,0,0,-0.0332471901857923,-0.0717627443494473,-0.116462383114644,-0.29022893183508,-0.564558263907917,-1.80008824016341,2.9875308453006,2.64559630918406,3.06210595014102,2.58763682856745,-2.16714334610449,-2.32510399727038,2.81168039191281,3.01548542627782,2.97915563618043,2.82044076048464,2.66646537116386,2.62225292841686,-0.868188721474727,3.13022449764887,0.0265639541610893,-0.637903899646066,-0.624538203040304,-0.643859898478229,-0.616687406085617,-0.506088707124398,-0.493480579399909,-0.459697420771103,-0.467721417350591,-0.457205842352689,-0.440575981729762,-0.353638580596548,-0.324155454413584
113.5,0,0,0,0,0,0,-0.171592984117604,1.5157956840881,0.366650178926891,0.0739452501545434,-8.82014807477972,3.50113035813787,0.601356916399211,0.315620901004302,0.284442767698778,-0.334731412562881,-0.56699089089111,-0.503018787552679,-0.0129235880579407,0.208413576505416,-0.0650879643569438,0.00648049289191283,-0.290727476166362,0.0533433062196372,-0.0523173200481883,-0.269490427140471,0.0787999569595481,0.0776652145977506,0.11844810902153,0.117313632049231,-0.0678235608857047,0.0997021710716807,0.0338450136786448,-0.0932647472409607,-0.0137131677924745,0,0,0,0,0,-0.0317645538964173,-0.0682558794503333,-0.111310343363149,-0.291593333479599,-0.58645226465926,-1.74907364875202,3.10802662916942,2.68539397150336,3.08172119859475,2.61161489241584,-2.1250250157528,-2.3466923341108,2.79055641382943,2.95414053042068,2.97082509739687,2.86986311797536,2.64036060549049,2.62074258075308,-0.968089923172326,-3.12050306308095,0.0121040131446509,-0.660662155025319,-0.63791017102793,-0.654993300800573,-0.63640075970036,-0.515410650154415,-0.499162609634558,-0.463573150119938,-0.469819245580089,-0.460916937350604,-0.434388867756382,-0.33504442886951,-0.309461786863558
130,0,0,0,0,0,0,-0.285431954515074,1.32330354194559,0.382328776440896,0.0719411927145021,-8.90394687723356,3.55178703071643,0.626087452403217,0.422665072777692,0.271154805928255,-0.459140268206235,-0.58326679526631,-0.29690945893558,-0.017997168477968,0.0875144977699865,-0.0446373765160551,-0.112915708683571,-0.235281106307293,0.0756333168518158,0.0831967312473433,-0.365053626637159,0.0522726299058408,0.0618323811427618,0.179484290558249,0.17288277741799,-0.0593853695979776,0.0204041202749827,0.0628346865168424,-0.105483420026416,-0.0180167344821774,0,0,0,0,0,-0.0301020277132894,-0.0645588129716476,-0.106283257623525,-0.293840110380322,-0.609649815128692,-1.70987701169935,-3.06602279368483,2.72113730669962,3.09670829460811,2.63572430532272,-2.0965653126919,-2.35833732433406,2.77077093310524,2.89714964579258,2.9613098175977,2.91088438169067,2.61703791327343,2.62360319320529,-1.1104178492301,-3.09128464226735,-0.010989340590064,-0.690872063002783,-0.658209509400279,-0.674569001302606,-0.662128574604909,-0.527212990568445,-0.498962889449958,-0.465310686770402,-0.467123903497859,-0.464146525259111,-0.427108865363592,-0.318380440271412,-0.292039232184402
100,0,0,0,0,0,0,-0.421907540713726,0.800405411759523,0.412806072624788,0.110292323368471,-8.64661670779656,3.25327648195658,0.669322869651871,0.328363051430028,0.103171728295944,-0.319602898052679,-0.530517234611062,-0.217393702713515,-0.059440246439189,0.14035809160567,-0.192500624897113,-0.0630240051514998,-0.262021660106371,0.154005275809116,0.0228747744399896,-0.254330897060187,-0.0948514392038779,0.20533172984698,0.0989268793664629,0.0881866889682632,0.0661140537203765,-0.0121622151009508,0.0996181969217807,-0.113969052133018,-0.0734571355574097,0,0,0,0,0,-0.0284409675198249,-0.0608880513251953,-0.101207688396466,-0.29568181698407,-0.630300946329647,-1.67715447649593,-2.96792024748498,2.75397270106944,3.11549829735121,2.65275289055656,-2.10602939005709,-2.38140466703905,2.74702430628432,2.8432772627637,2.95171024152862,2.92507248773276,2.59851538172766,2.6324839348259,-1.25866857748502,-3.07432183004116,-0.0419338679807315,-0.724067217108324,-0.678788298483826,-0.70180705841371,-0.691400047883331,-0.541113373120494,-0.495253141631907,-0.465357989855763,-0.46481090978861,-0.470850348398946,-0.418974528827519,-0.29995022228832,-0.270179534342416
102.5,0,0,0,0,0,0,-0.481919937613196,0.737600990359741,0.499955780915585,0.227312154170693,-8.20286784576829,2.59878016730812,0.831592460059427,0.37108226304883,-0.0473354725120361,-0.236396961911722,-0.511181258209687,-0.293345777930099,-0.0583199125742229,0.211408320946214,-0.275852977502248,0.0918555749027179,-0.32025252811731,0.174645093818397,7.35983854991138e-05,-0.164178946941732,-0.224096028738451,0.297582979070591,0.123296360569293,-0.0043603129632801,0.041138729713954,0.0252926664349224,0.0969568279573928,-0.117065078101931,-0.0360825765429747,0,0,0,0,0,-0.0267820370241927,-0.0573291558534271,-0.0960681210791025,-0.29612758428685,-0.646347152301795,-1.65771923515015,-2.88497985116985,2.79134960201127,3.13617837377951,2.66255024392715,-2.16240474665688,-2.42898947550221,2.71324296940569,2.79101343474203,2.9367254595855,2.92373368671316,2.58720178979837,2.6454072324066,-1.39867722899124,-3.06180070220352,-0.0775546324399583,-0.757773761436451,-0.696958867560003,-0.723414468465568,-0.717012251085033,-0.550925729621922,-0.486225082951482,-0.456884858019759,-0.463211732453503,-0.479013406622433,-0.413080803100753,-0.283925363907914,-0.249068060944135
103,0,0,0,0,0,0,-0.483007707461156,0.538374845766107,0.52129830497598,0.345444881183783,-8.39224462491754,2.82827834740434,0.676131027693188,0.535696492748852,0.00141310689529143,-0.460318248361802,-0.474699729796344,-0.533115484940206,0.203138369379707,0.190925229084936,-0.206509879794626,0.161603385479674,-0.495778600955405,0.155660097144948,0.172420704072187,-0.327486227028035,-0.0866608435400012,0.25593228723172,0.00584792407538357,0.0310766700782714,-0.0308371005446299,0.129749339163577,0.0673628989093594,-0.0873517340402436,-0.0815007359630366,0,0,0,0,0,-0.0251252594815813,-0.0538187845960692,-0.0910946349861793,-0.296329054648137,-0.66125825934057,-1.6495414723616,-2.81372598266872,2.83147024292686,-3.12420484851371,2.67172291298508,-2.28153813115646,-2.48107515985081,2.67176342969363,2.74614954763551,2.91933553754162,2.91988724122435,2.58509330990732,2.66098419737624,-1.56839990000186,-3.05184468111332,-0.123565987196651,-0.795242534187803,-0.712423165373829,-0.736728900703474,-0.737339003151926,-0.551957073338022,-0.46851487428617,-0.441531267077314,-0.460469239336148,-0.485777261139414,-0.409747029787687,-0.274023920367528,-0.228898229681698
106.5,1,0,0,0,0,0,-0.473637590205673,0.556447389336441,0.52543489172357,0.361183780629905,-8.60822160595037,3.04061957182608,0.630944391593591,0.582854420810899,0.107204952804163,-0.5979797768976,-0.437361560216964,-0.746841229191974,0.393921995269591,0.150196023877134,-0.27361634442832,0.364002932009732,-0.573205333716373,0.106582804336726,0.230544274349791,-0.520269129086583,0.118277490610605,0.200383494170797,-0.0940124184137545,0.111160746003274,-0.130608099475192,0.199893496104339,-0.0118554382043013,0.00707896858209458,0.0109544470770945,0,0,0,0,0,-0.0234699683456327,-0.0505773433446707,-0.0867187484603432,-0.297104618090075,-0.675114290787165,-1.64137937016226,-2.75572802041021,2.86330496988652,-3.09628978889662,2.67898373492961,-2.50531304458643,-2.59217395408742,2.6246327007017,2.71015415670823,2.90163613856379,2.91922867734015,2.58217730127695,2.67695613978171,-1.76806648940951,-3.04322091674919,-0.188306399113109,-0.847482224432289,-0.735454016965977,-0.758568902091595,-0.762289610791491,-0.553492491269256,-0.451718242495454,-0.432287082350382,-0.460479018126241,-0.489195407747936,-0.401196780116594,-0.264370772725127,-0.207296716550012
110.5,1,0.108322892941387,2.0144387755102,-7.02322256390689,0.160988624536242,0.0887959183673469,-0.471002539841868,0.757174350250171,0.471271357800215,0.384060038054321,-8.7608726961699,2.96242797086231,0.817278615419051,0.658684539694787,0.0927848737634823,-0.55799407401595,-0.480911437501022,-0.652500152863956,0.376176134151768,0.0758506072965473,-0.224389620592946,0.33228514565633,-0.525263652450336,0.146467087935226,0.261528764910676,-0.511457493728051,0.143359601567487,0.0849706696671675,-0.129884411471542,0.154735468249202,-0.129903972264845,0.240688839310618,-0.00157978021187775,-0.0212338103962244,-0.0128677748696425,0,0,0,0,0,-0.0218161706756142,-0.0476768315237326,-0.0830198896601744,-0.297817346382252,-0.686808809749601,-1.63222740105251,-2.71281446304934,2.88388342729738,-3.06873679899075,2.67564897005155,-2.81346680026343,-2.70546310306392,2.56928845710578,2.68221333451932,2.8825051929312,2.91627530083196,2.56662350155376,2.69253878458834,-1.95164262585092,-3.03525221921672,-0.256899884258088,-0.901621447205685,-0.756356201735224,-0.781266839563416,-0.785070447798664,-0.55075676988624,-0.432190765147015,-0.420436016575929,-0.45806447373022,-0.489613425005652,-0.388530290156333,-0.253385473804495,-0.192107445537351
111,1,0.101695368903153,0.34965523986503,-7.3177776656125,0.21297773819716,0.0894939326407858,-0.469888468466075,0.756232743684862,0.39032189774025,0.416092943703529,-8.9502674607283,2.91415042821593,1.0444556691948,0.598689531728472,-0.0290433892888059,-0.453409023916766,-0.449053502806158,-0.46049558815292,0.302224758869827,0.0036644783683868,-0.21862655833117,0.146346112516047,-0.363887611410172,0.168439273185518,0.167428722114466,-0.371932788209073,-0.00294352625607562,0.172274930853295,-0.12484870121313,0.0993852412467952,-0.0590282790747589,0.190674628669461,0.0566679375970092,-0.0784191238242116,-0.0616234855337085,0,0,0,0,0,-0.0201334249204827,-0.0443624196450247,-0.0786710891793923,-0.296975392840847,-0.695471577334169,-1.62229434045158,-2.68125155724532,2.8977617151822,-3.04376876320829,2.66438361058989,-3.05882623037995,-2.74565614024816,2.50884117366819,2.6562871909254,2.86207459908345,2.91102873760365,2.54155796092379,2.70289011507207,-2.11194563165061,-3.0280488860742,-0.318428870775964,-0.950023305589567,-0.771529316504516,-0.800508005202466,-0.8012605968912,-0.537868150510894,-0.398807849001507,-0.398972175010265,-0.45196523152844,-0.489041088968746,-0.380243042011731,-0.247803033196706,-0.184165693374803
111,1,0.0943608659142109,0.317382860185993,-7.5015480568621,0.270794020232619,0.16305012837554,-0.474476553481996,1.58701835236443,0.384050401637589,0.413228743862811,-8.972073359158,2.71553854475306,1.18406258914164,0.521158479894356,0.0141157673074752,-0.365629266240259,-0.456348455051259,-0.303306822922364,0.289776163855332,0.0830998984360313,-0.170196738608715,-0.140769400932199,-0.373138347705268,0.259730939941053,0.159652512518804,-0.257018944331923,-0.0956770722714094,0.237148721392162,-0.145780497920783,0.0635711720474248,0.0550046019832599,0.132373127164201,0.00777704333198357,-0.113988169719004,-0.0280060962330986,0,0,0,0,0,-0.0183911248116338,-0.0401986609667951,-0.0729518846893643,-0.294266083358854,-0.702496468766657,-1.61266429253556,-2.65702206301856,2.90931181042988,-3.0207372558227,2.65068305789436,3.08706862464914,-2.77638190874335,2.43744573689127,2.62991203768423,2.83982482586373,2.90803752074051,2.52198234690612,2.70938139259919,-2.26100597158479,-3.0218284827179,-0.409767038304742,-1.0620166287458,-0.845365991299462,-0.876780643007629,-0.870749192816485,-0.568935699598593,-0.394973499057572,-0.403949591509565,-0.472071021199407,-0.501924206944826,-0.382667483177632,-0.246665358774424,-0.17172963861196
111,1,0.1232399446173,0.335577194026112,-8.72976678764269,0.249676535164894,0.122384579086026,-0.478161629071353,2.4151490072456,0.364594117115201,0.423853271843917,-9.36925244730485,2.35782766304469,1.4798816970642,0.565241718350731,0.057763351381562,-0.18560586223894,-0.394073246179862,-0.0562452020813745,0.242172557883486,0.132009439769515,-0.15532104579251,-0.205496431178924,-0.152311050299729,0.1777276371608,-0.0445320319752195,-0.155394998475741,-0.0624896744811019,0.0832213269005896,-0.0465329378533572,0.0845763596771108,0.0999570106093158,0.0581780014427377,-0.0039609984290951,-0.188739767633067,0.0384879160964529,0,0,0,0,0,-0.0166745567250195,-0.036068265170876,-0.0673550078505344,-0.291217375938349,-0.709238606099193,-1.6051456829646,-2.63815605675654,2.91965069461837,-2.99897334009484,2.63844091620608,2.99384666049388,-2.82081009101095,2.35205641884681,2.60381689805481,2.81613870440731,2.90570178288431,2.51079628812918,2.71496442980893,-2.39474635823442,-3.01237190377395,-0.510363474410173,-1.19149293580257,-0.927135139615264,-0.964963831580968,-0.952189195068403,-0.610118462284989,-0.39876590504832,-0.410240035786594,-0.497633863927006,-0.512519464495679,-0.383077761760126,-0.243374646016752,-0.155812100221991
111,1,0.0683150254532905,0.244331173780488,-12.2398837640142,0.609682338532919,0.124997022675305,-0.465370230510482,2.2303337554844,0.376275675165235,0.40732763550008,-9.61355040029697,1.95863269937095,1.65775535250755,0.525666367596883,0.00389061186903706,-0.0793731436159773,-0.25800235764463,0.092627075583756,0.251960738632377,0.0167491265671442,-0.0777831286668679,0.0155587871212066,-0.00978986854268531,0.10350744839723,-0.137793379168318,-0.134865433218041,-0.0104547967480588,0.0688598098292433,-0.123868667088368,0.00471858785657215,0.0723798775140926,0.022894331520657,0.0458411796484443,-0.0979868033362342,0.0395838435610738,0,0,0,0,0,-0.0150157083990465,-0.032417456795465,-0.0626154000201267,-0.288432094253286,-0.7150683317399,-1.59747972021099,-2.62361905899099,2.92619152121651,-2.97913506707615,2.62883061387895,2.92487950430714,-2.88318533213658,2.25796551623956,2.57545312168025,2.78806682929815,2.8969269152659,2.50306108372594,2.72253832383879,-2.51506395539702,-3.00337845955214,-0.588858207769006,-1.29034308103502,-0.983944739757756,-1.02228016629986,-0.994503727189402,-0.622436093859509,-0.392540651185739,-0.400853097805443,-0.501629822733814,-0.49980732359941,-0.37389707898426,-0.238388317791779,-0.138989758880012
110.5,1,0.113720380141882,0.299961419753086,-12.5564371892534,0.544338679329024,0.111267843364198,-0.452326572370374,1.63104886959357,0.416342761142669,0.383318754727709,-9.81321814728491,1.50304437004203,1.50064122469476,0.395868785973788,-0.0229060983477428,-0.0177122876021735,-0.211045785573393,0.121935605129256,0.188286925431094,0.0633677194484216,3.68083337138926e-05,0.0760527532024703,-0.0101659959488527,0.130438294873565,-0.0860118804960396,-0.108000364162602,-0.123451160211365,0.060242680214762,-0.106422612860023,-0.0526933124347067,0.0003243329193259,0.145582773444648,0.0165916100880573,-0.0749077042176538,0.0560476867289456,0,0,0,0,0,-0.0133583786124095,-0.0287860503515468,-0.0579335080318962,-0.284506468035629,-0.717377336352584,-1.589074760118,-2.61604395110433,2.92555104524664,-2.96392099094248,2.62065550376361,2.87067206803179,-2.94352097176502,2.16088586210845,2.54299783441022,2.75592970320841,2.88634991708946,2.50018632183704,2.7327535754319,-2.62810394829543,-2.99867134012283,-0.614844304505888,-1.30950907046582,-0.976053176899946,-1.00285991727944,-0.960355918700805,-0.580179819085622,-0.356015762444877,-0.363124473818493,-0.469909228419008,-0.456164301210931,-0.354080244961836,-0.23728075416381,-0.134533580095839
110,1,0.0894822120964534,0.253501400560224,-5.04256158686173,0.292022059452302,0.0761302560239782,-0.444854199912981,1.20788104159612,0.40011728781172,0.381604102972448,-9.895546647391,0.757191384331772,1.41208190286562,0.284680327054591,-0.200349019215941,-0.0551981682627168,-0.314616556177146,0.0498125907933188,0.112495844397208,0.126846164709481,0.00316093392933527,0.152057776699214,0.0708482696050782,0.272242696650721,0.046481379131057,-0.0762678038687845,-0.179095527370174,0.0337713991456028,-0.0176874658356515,0.0134765440145073,-0.043860029417932,0.107654299529581,-0.0117197642279442,-0.135651913403526,0.0339900016825729,0,0,0,0,0,-0.0117025743728817,-0.0251739866000663,-0.0533084855982823,-0.279058732538459,-0.714762565675352,-1.58157009419316,-2.61672216588498,2.92053240163463,-2.95362078538551,2.6047151471853,2.81828313548792,-2.98797002930387,2.05880384324513,2.50931676795446,2.72515472102994,2.88168504102866,2.5034359184302,2.74248800980055,-2.73085501853301,-2.99947192863984,-0.587142887871153,-1.24933204781541,-0.915627628234736,-0.937078829664719,-0.888614954258279,-0.528314271713517,-0.326424246062477,-0.340764529659786,-0.446765752548664,-0.422426149948475,-0.350497569175198,-0.255927102238719,-0.147220478568064
109.5,1,0.0416220223671577,0.245599953329028,2.85898997079994,0.337274164983957,0.0859813793168853,-0.4336547934102,0.966955224357136,0.399316541634794,0.414405876356202,-9.55843284610553,-0.193085467931807,1.47411314181281,0.11271634388479,-0.195807132210635,0.0589246207195638,-0.323783661802676,-0.113413093259103,-0.0353137964841081,0.0655070300796562,-0.00368059441550122,0.194152231575385,0.132205211726472,0.278023170138963,-0.000888450457400686,-0.0271248097399734,-0.181421245861287,0.0928716342782431,-0.0182281310793965,0.0396308699897399,-0.0388440067654399,0.00385513765550506,0.0467761015048267,-0.0930171404351763,-0.0376213022298343,0,0,0,0,0,-0.0100483026418813,-0.0215812049124078,-0.0487394971312672,-0.272256935587047,-0.707621131362689,-1.57179294717049,-2.62041284701701,2.91570283036375,-2.94355883655421,2.5794051631971,2.75914428652563,-3.02429752237598,1.94787052293795,2.47576902749782,2.69960137185863,2.88273176275467,2.50954772958463,2.74802709124448,-2.82203851712284,-3.00753503709114,-0.546222506502458,-1.19960654930453,-0.892209598529182,-0.918316873830043,-0.862873326478916,-0.537196784978106,-0.362193294471042,-0.378725492233302,-0.472618045981774,-0.427870732771444,-0.37315014395997,-0.291364041645246,-0.166185968244297
108,1,0.101216355455193,0.289124798392992,-5.35370158881727,0.411662451624836,0.106100167765479,-0.439518541751844,0.726265082938473,0.431904043413892,0.420935155918262,-9.02651080659339,-0.571965978805872,1.45034868481134,0.0184087680099412,-0.00599400883776931,0.218596196772715,-0.122529150578325,-0.0392023460805711,-0.0793596458480003,-0.0673859062737472,-0.0773555205871317,0.110283474720106,0.0218126273856067,0.131858139293012,-0.000943678528653475,0.0297596237878704,-0.113285990355694,0.0586901667018336,-0.0127899603923262,0.0400320905773976,0.0576589657455733,-0.0138857062030248,0.10374278349149,-0.0616817282814741,-0.0373672359849133,0,0,0,0,0,-0.00839557033439533,-0.0180076433143308,-0.0442178070364452,-0.264555293321118,-0.697904323665097,-1.55904847758869,-2.62398046733643,2.9127532581184,-2.93046276010912,2.55041488315067,2.69121198814524,-3.13433650149929,1.82682541912722,2.44109062249667,2.67647405197132,2.88386619480451,2.51181213757817,2.7509179610145,-2.89555740063899,-3.02292148423696,-0.489317995733423,-1.15011265750578,-0.872849547664995,-0.901179369086224,-0.844267623183644,-0.553376512559086,-0.400390900127771,-0.413941768421747,-0.495199702646672,-0.433763292115308,-0.393214984454599,-0.323702912734283,-0.184929678304629
106.5,1,0.122158381609036,0.264192780171661,-9.91366104571063,0.426510295314284,0.06107417469219,-0.448446650428073,1.13939950106667,0.471720392895214,0.407403696643937,-8.61189811474637,-0.729319655757517,1.43056848482608,0.0546229129869478,0.0488859264788484,0.216476461955041,-0.0482409069588472,0.181211178463333,0.0475247300651074,-0.184619765938426,-0.278781111574048,0.0163022642258518,0.00219933801404019,0.0839691192023316,-0.0351351535608819,0.0554689849902483,-0.0447427950446777,0.0563734726893025,0.100420919698814,0.163345803608078,0.0414403080477648,-0.0787100962628721,0.0547838249928253,-0.0154659847255234,-0.00758358639417923,0,0,0,0,0,-0.006744384318908,-0.0144532385292807,-0.0396851949678543,-0.256092613945661,-0.686879633480612,-1.54531157090117,-2.62630833463836,2.91296322304239,-2.91777557170174,2.51802004058437,2.62382985546289,2.99856922319024,1.70929402581601,2.4039362581422,2.64984403632957,2.88147144277454,2.50619413667178,2.75268944211871,-2.93984083631013,-3.03852409361766,-0.42746386451644,-1.10288851023453,-0.857730538700249,-0.883498976861068,-0.83408130229347,-0.571827105045518,-0.43484704278013,-0.44945355652385,-0.512041770849892,-0.436842540980732,-0.411003370977717,-0.352826813902271,-0.195525580575449
106,1,0.078828601141392,0.279506714876033,4.39557454688811,0.343210422034931,0.0951300486536923,-0.458133539521115,1.17444192871959,0.561445029489066,0.412607189673475,-8.22670485651724,-0.86250496561208,1.31519060950514,0.129156928421249,0.0133661768765085,0.170680625327491,-0.0626787339643219,0.318340126631786,0.0804317717470018,-0.140231542175008,-0.275228751317279,0.0717301104199813,0.0278801278262206,0.0708741187905029,-0.0901153112427861,-0.000744860688584065,0.021592957715936,0.143279704279763,0.0880607952033892,0.114769668754944,0.0309173257123883,-0.150100220379036,0.0661538184568029,0.0131428211645535,-0.00807288276497961,0,0,0,0,0,-0.00509475141733093,-0.0109179260210673,-0.0350725850626866,-0.246486472224708,-0.672942121767124,-1.52895152680744,-2.62761005572345,2.91312377797882,-2.90748927652792,2.48573127782931,2.55681299841961,2.84775249312683,1.60592146088612,2.3669082626812,2.61995756371093,2.87384823810027,2.49895086910286,2.75166168014593,-2.96116504795873,-3.05027901076368,-0.364691872353935,-1.05590305131706,-0.845104230923513,-0.869567503129127,-0.828429213138074,-0.590842101687078,-0.469295806848118,-0.487483218807227,-0.525897477506685,-0.438764012299522,-0.424206943832616,-0.374368846943437,-0.202654212506685
105.5,1,0.104875332405082,0.300321606559792,-5.22285984496274,0.399029881686685,0.115200600776485,-0.481883281523619,0.830447818810087,0.597600530818854,0.422698849098683,-8.05319716429219,-0.967351385452606,1.06321389104279,0.222385121294202,-0.0773517305426181,0.159038769101043,-0.0651309481304733,0.343237901089994,0.0412960838486839,-0.145715597038183,-0.216915052766598,0.0585268599154194,0.0288643071409013,0.0427783370469366,-0.138972637142873,-0.00857795449697322,0.0818349083917695,0.136302324538062,-0.0036143187969141,0.0882865734142968,0.0873111776331823,-0.170575665182172,0.07063348885207,0.0745322915860808,0.0208605975133749,0,0,0,0,0,-0.00370090060105419,-0.00796398920453073,-0.031124416776124,-0.236356348812668,-0.656047646969212,-1.51109478592514,-2.6304855725093,2.90963366755544,-2.89611594209972,2.4512930471313,2.47228191430794,2.66403696009907,1.51766085443455,2.33310936546691,2.59378118706183,2.86500326460423,2.49563925099645,2.74851879824039,-2.98254031308225,-3.06249235080277,-0.30418321011756,-1.01692443879061,-0.838486438900861,-0.857535454678908,-0.823035414693695,-0.607917372012466,-0.503777123559515,-0.521371933335172,-0.532531870252852,-0.440627475140606,-0.434533863656821,-0.385799953469699,-0.208654266933943
106.5,1,0.123384227428516,0.305320709495494,-4.30851582919288,0.312964853069957,0.076972160984697,-0.496784803199374,1.14882131151186,0.483689186626587,0.396061225179481,-8.171124892597,-1.03777913969556,0.750540037682672,0.323495968421706,-0.151570708587431,0.11394613347121,-0.197206118409422,0.28414861519197,0.0258221398986569,-0.0660957476945258,-0.180746978128258,-0.0968140346958831,-0.00525612593559501,-0.0079905279204769,-0.225387111215151,0.027878657397194,0.20036532885735,0.159287181678279,-0.0462011983382153,0.0586714198450409,0.128935604336501,-0.19732756099942,0.0570692385048557,0.0677685298007515,0.0432338292655689,0,0,0,0,0,-0.00292365861142208,-0.00633615288244216,-0.028603994002567,-0.226727214871597,-0.638875911705654,-1.49504522945063,-2.63567999492628,2.90480684189441,-2.88171401046673,2.4103742350034,2.35933974196593,2.48723272569562,1.43984796018932,2.30167761787349,2.57361483251841,2.86034208006167,2.49638873196889,2.74307682595542,-3.00570242771006,-3.06981538209085,-0.245131058936419,-0.982646720796183,-0.838874938167236,-0.842417993199178,-0.815342415358655,-0.624389985797843,-0.537439675845786,-0.551914441430403,-0.535499288571269,-0.44497177212493,-0.447015742589101,-0.394165659007215,-0.213763600768087
108,1,0.137952061383001,0.409391700698028,5.36502685280504,0.145064282460916,0.129513272344406,-0.503756314053488,1.87594441727086,0.328751844038463,0.302602721248411,-8.45147928723217,-0.800279640885983,0.491511944881145,0.420169217770239,0.0142408660804084,0.121031450015019,-0.370852818269,0.172113486582369,-0.00394290212722532,-0.0085454388061834,0.0246615413171643,0.0654479013484452,0.159904655858399,-0.0408189044022162,-0.363097495056719,-0.0302447001200134,0.14702504466583,0.112410063238411,-0.0352437794155596,0.127045574303922,0.129737956017417,-0.269776950229772,0.0550457637135773,0.0350584191130147,-0.0072719778806408,0,0,0,0,0,-0.00222808325320112,-0.0048355344800672,-0.0259863935410957,-0.216512735986717,-0.621218938566808,-1.47836555556037,-2.63777481714161,2.90114746205425,-2.87047523907109,2.36968254007181,2.0142453263686,2.26821244805234,1.36545476601359,2.27157630597941,2.55272900224277,2.85900200661163,2.50276951713991,2.7328659465826,-3.05148376769655,-3.06891976162147,-0.193863035486982,-0.955075026639848,-0.840231162008916,-0.825540924718504,-0.809985305145045,-0.642367925198792,-0.561799141879882,-0.575789104761299,-0.539350789968134,-0.453304220465526,-0.462619734962459,-0.402445520010409,-0.218284687408825
105.5,1,0.202586676182591,0.425433919744343,15.8383199487688,0.212548602653273,0.115238971315439,-0.419868705640495,1.78204029911338,0.316914105796831,0.30003997583083,-8.67218769926548,-0.19863087700283,0.662034720196313,0.660818650176757,0.279769700499282,0.118431658117303,-0.295877828273335,0.292538253646151,0.0644501821238404,-0.0608515475578256,-0.0333195744774799,0.0479997451780524,0.209139158234089,0.0968518932274084,-0.292712995374603,-0.160941824021236,-0.0167801320077444,0.0401799039872609,-0.0164727025930843,0.152639253351301,0.137125168508906,-0.228960330501207,0.0385318524322298,0.120020898452528,-0.113605662274715,0,0,0,0,0,-0.001430521886531,-0.00310105085653212,-0.0230905848116745,-0.205250973967753,-0.600872068303958,-1.45657836077086,-2.64230460692787,2.89446794952168,-2.87250931469093,2.32925692319449,1.39053074746785,1.93516095322957,1.30070432667362,2.24491116044088,2.5303805749979,2.85495174371895,2.51138408551719,2.71660491049308,-3.10306870581533,-3.06530854719678,-0.15186766388227,-0.933551656450975,-0.836371111853733,-0.809917094807586,-0.809614035124088,-0.658345814730509,-0.575078910264291,-0.594059403463349,-0.543765592782761,-0.465326454792801,-0.479891007742913,-0.411187868244886,-0.222438261610631
103,1,0.182297155709113,0.47619948792163,10.3343605236735,0.547238971985311,0.120727254068748,-0.259862001297987,1.86876007153532,0.425063896166121,0.34001660748844,-8.13971209890618,0.83570230570271,0.855074517019952,0.815353555401889,0.256549678286268,-0.192569440716316,-0.375659473339454,0.0463612820917787,0.0798848897952937,-0.0791908156484482,-0.178059657863127,-0.0192084428695687,0.119965781461977,0.0708197286143302,-0.0653740678084736,-0.108102104684677,-0.0309731962273279,0.0940150948885707,-0.0810532301006143,0.153864952782444,-0.0355825796181898,-0.155259327090743,0.101423283876037,0.114365486478199,-0.0929542584677269,0,0,0,0,-4.80158498393121e-06,-0.000880181771013957,-0.00189560213909991,-0.0209928504811738,-0.194755639236554,-0.580620796732042,-1.43473026413859,-2.65478451248268,2.87884762247405,-2.89484688976414,2.28185963838033,1.00972093877426,1.58780312585675,1.24972898675402,2.21915012426975,2.50672622336923,2.84117109183763,2.52179609111747,2.69613825867894,-3.10423939105839,-3.06426517142242,-0.118650484872982,-0.919746612479954,-0.830927680821867,-0.797991603122561,-0.811740508318643,-0.672521709357854,-0.58757980969785,-0.609734061192027,-0.542849771907104,-0.475689696623065,-0.491948361382525,-0.414174590642465,-0.225188390198972
103,1,0.160818845758113,0.420093509963264,9.11676281838064,0.482763098997351,0.125381680108737,-0.124359139780709,2.39921331426487,0.405790180465487,0.304547465829741,-7.92743481459343,1.57240551372703,1.10971336598429,0.900312680093013,-0.0116395150708317,-0.458840631881025,-0.522578042034725,-0.248933766055319,-0.0253653909582826,-0.0596581148161352,-0.170029541370167,0.124077108965062,0.0620626921124304,-0.0960915630866303,0.0913244607208063,0.0234364815765643,-0.0403743469240656,0.13588660927747,-0.13442611646947,0.208724529613552,-0.0961378051089782,-0.220822644027683,0.144647779267995,0.118604833050118,-0.0692930172971078,0,0,0,0,-3.00307780284086e-05,-0.00107501427371871,-0.00202674095293719,-0.0205279781887189,-0.186295453754164,-0.561337655093719,-1.41866593861462,-2.67462232837316,2.85903008650142,-2.93561897690141,2.23357580945808,0.953228004276671,1.39700404134599,1.20001535768142,2.18926901075,2.47771140374737,2.82033519527359,2.5370727182618,2.67112653462435,-3.01201149372123,-3.06898969589405,-0.0954755957963583,-0.91052048481768,-0.821660961015442,-0.785572728490196,-0.816288315072882,-0.688769798450742,-0.600779693732316,-0.62269846670685,-0.538710096325383,-0.485049508898359,-0.501496403188453,-0.409694977292966,-0.224297221514653
103.5,0,0.139340535807113,0.363987532004899,7.89916511308773,0.418287226009391,0.130036106148726,-0.0225779519614289,1.71505359119941,0.410782068865481,0.231373304884778,-8.19219263786525,1.76235639408886,1.30867662939682,0.963077677669974,-0.0738018614331814,-0.562939457105459,-0.565215600705691,-0.253553248031583,-0.162076957988378,-0.0479783871187705,-0.0963783575724296,0.161527006869983,-0.0295607843456075,-0.190295966786777,0.174920883623733,0.0452782618444364,-0.0852976893059744,0.144920108102694,-0.0341391461386537,0.190408771491177,-0.128227437846031,-0.254476947649718,0.221461464901961,0.107210920332349,-0.14283462760526,0,0,0,0,-7.11569667417445e-05,-0.00196244990686152,-0.00336278087529551,-0.0211883390539001,-0.177718260412077,-0.537663822829984,-1.40624429895355,-2.70962198572899,2.83496029564049,-2.99371864014174,2.18857987782447,0.909866226165173,1.16149117476558,1.14800238386213,2.15335777112165,2.4466921295241,2.79363679209811,2.55704802353835,2.6459196350708,-2.84101830882776,-3.07907571000753,-0.0809036194552575,-0.897861435356929,-0.808991552914487,-0.775924308106147,-0.819482168685402,-0.705295885815123,-0.614320490404883,-0.632926402508087,-0.53722888072446,-0.49713845581233,-0.508776879923311,-0.403058875166122,-0.22210725407638
104,0,0.117862225856113,0.307881554046533,6.68156740779482,0.353811353021431,0.134690532188715,0.0218261282951645,1.00453231083865,0.511708927220365,0.153775107077656,-8.30036855957365,1.84403680868798,1.23159460518054,0.985007795321149,0.0218102459312129,-0.601185135075455,-0.538799023985683,-0.173152751588648,-0.226518689750719,-0.0504781820622121,-0.0465738978282584,0.0735551465138738,-0.117777125377809,-0.206897723395404,0.242454917605342,0.0407803048194023,-0.12783448882144,0.170012286463206,0.0574851384257729,0.102274244336691,-0.141375631454843,-0.167547562801831,0.20869052044034,0.00445581751652857,-0.104048761164353,0,0,0,0,-0.000112283182992978,-0.00283989449486762,-0.00465221794917478,-0.0216826191906654,-0.168338696089115,-0.510445264698734,-1.39070697071232,-2.75603176960061,2.80570134477948,-3.07724034725197,2.1384221418096,0.88139537771633,0.967491937084031,1.106472329102,2.11360991482118,2.41987852686276,2.75597569855504,2.57361938930267,2.62510070191514,-2.67726109543438,-3.09064749221534,-0.076493500610849,-0.889452505934126,-0.79836175985438,-0.773224723275068,-0.817269669246751,-0.71916656827102,-0.623511200225716,-0.633775743228174,-0.538450540242172,-0.510951712942672,-0.510990747939954,-0.392518404668217,-0.222399518644761
103.5,0,0.0963839159051129,0.251775576088167,5.46396970250192,0.289335480033471,0.139344958228704,0.0313447226065739,1.33268939770927,0.467939473957212,0.142026673988067,-8.48147763674146,1.86814015514967,1.12208537369838,1.05886700699323,0.0456944601747575,-0.510436724059919,-0.508235081960056,-0.0711286332985358,-0.070893131081206,-0.0863786439811621,-0.11335785077026,0.12892139521145,-0.151244058634519,-0.256184925894179,0.275448425382082,0.119591077489604,-0.135676328142479,0.0795039360612561,0.0287270707353299,-0.0144886100003785,-0.0509711141021329,-0.0660497472557804,0.159848283813348,-0.0214993491677871,-0.0528503753717032,0,0,0,0,-0.000153409426643017,-0.00380951722406612,-0.00614436881815687,-0.0225336599592116,-0.159224133286049,-0.481567897058072,-1.37022052689738,-2.80389833539197,2.77918439644299,3.11536896842417,2.0821464234143,0.864279474793214,0.936090895894317,1.07721453841934,2.07722136590313,2.39878147085685,2.71122911023382,2.5853915312131,2.60583613308902,-2.53258781563961,-3.13101437482517,-0.0821363975843096,-0.891750228650694,-0.789435996179109,-0.769035681210997,-0.813405694050632,-0.729076466745857,-0.626886862291881,-0.624248477347529,-0.539535233675726,-0.524151460246567,-0.512628266852786,-0.381577847843317,-0.223137407760266
103,0,0.0749056059541128,0.195669598129801,4.24637199720901,0.224859607045511,0.143999384268693,0.0369698769400646,2.14049837025628,0.453351460689168,0.16615659235165,-8.89397960590133,1.84315860399414,1.18114573626048,0.943413712568039,0.035480301005741,-0.397120000489844,-0.450514355425022,-0.00349436999763622,0.136044857087999,0.0226400756179755,-0.151192465620133,0.189939109587532,-0.162297956011754,-0.249920539019217,0.25478198759435,0.131831760108345,-0.175163922028019,-0.0148055341560809,-0.0328967377638373,-0.0604461969599031,0.0462577921163206,0.0179792168252254,0.0788909291295882,-0.0367384614524013,-0.0671375600271845,0,0,0,0,-0.00019453569755277,-0.00486960157670944,-0.007835793482252,-0.0233419208939825,-0.148580037582954,-0.44669782155102,-1.34251841601232,-2.8522913968823,2.75918026099449,3.03164930524875,2.02557986262411,0.845947119053061,0.881041191835301,1.05048133669834,2.04579409346475,2.37209933788159,2.66482712273679,2.59282383754814,2.58286642361642,-2.38000211334569,3.09887893940952,-0.0977273788449875,-0.9013884503535,-0.779170835720085,-0.765820641498982,-0.808497829247681,-0.73482151988825,-0.630114829158892,-0.61242268183136,-0.537980179256492,-0.534404352225816,-0.5088287297776,-0.373177158808104,-0.226983162538813
107.5,0,0.0534272960031127,0.139563620171435,3.0287742919161,0.160383734057551,0.148653810308682,0.0173172366183446,2.23526138363851,0.557554642626719,0.216892044767173,-9.52164466929625,1.71584981799858,1.3027907817851,0.830903261127094,0.10667268642016,-0.256291321117253,-0.370398232780509,0.0675890450556612,0.0421226280540284,-0.075364871306647,-0.161141814985289,0.190344051990307,-0.0635625745804176,-0.169934646103252,0.0790011184145563,0.059380453989923,-0.0916192594345835,-0.0151662733302257,0.0208330510396213,0.0944902576313436,0.0840734954450755,-0.0560557355334877,-0.00307643242384906,-0.0163145768850028,-0.114346234792564,0,0,0,0,-0.000235661995583144,-0.00600411060155209,-0.00995461058497047,-0.0247502256225972,-0.138128545893518,-0.410191211868423,-1.31244481254415,-2.90780739399831,2.74100577533685,2.93213259099969,1.97282099129856,0.823329767802872,0.760355427055936,1.02982090812581,2.01396180684057,2.33835709778151,2.59790146299934,2.58623260012249,2.55216323060124,-2.21182749933582,3.07223377460535,-0.121988236870904,-0.915969094523627,-0.765700891494511,-0.770089561878066,-0.801920692517612,-0.735068221539564,-0.630262216533988,-0.600192636887599,-0.537091492125888,-0.544685630984911,-0.497455588168323,-0.364711244382551,-0.236620421279083
123.5,0,0.0319489860521126,0.0834576422130693,1.8111765866232,0.0959078610695907,0.153308236348671,-0.103740402864734,1.72743827094899,0.524816969306009,0.269880648801062,-9.75356061855239,1.81442543280541,1.41034324223995,0.798933742208294,0.142999844146973,-0.175941182768175,-0.338365714544802,0.154647865648676,-0.10255151564469,-0.184070872869954,-0.0525045087595763,0.130141375001473,0.0296178688166564,-0.109277362997687,0.00983318293166019,-0.0194617686030365,-0.0382289400849397,0.0122116861252734,0.0999044546465905,0.150924209338528,-0.00978396261385817,-0.198051759631424,0.137486004555585,0.0229158225268765,-0.13986354202244,0,0,0,0,-0.000276788320595047,-0.00728864545111146,-0.0128577969196587,-0.0276494886999712,-0.130894388074874,-0.37891724734788,-1.27794778410292,-2.96255920598909,2.71993734669369,2.82243589897189,1.9255872927308,0.794788049948742,0.647915351859262,1.01583053545048,1.98379326474618,2.31950062823686,2.50779172432657,2.5587047965278,2.51640037940265,-2.02077832450322,3.06329917747517,-0.14671125036238,-0.931803712893343,-0.754772117522734,-0.778606458520921,-0.795498445127831,-0.729885442074361,-0.629558845831161,-0.590621505959172,-0.538206121581306,-0.557446207245839,-0.481963799460313,-0.353436871891556,-0.24551622432135
134.5,1,0.0104706761011125,0.0273516642547034,0.593578881330292,0.0314319880816306,0.15796266238866,-0.258148685604945,1.98344180551658,0.531115772819864,0.293605060545406,-9.86247931073006,1.87196788609048,1.42298512327399,0.668469777092768,0.137763375788037,-0.165764679386431,-0.203966834459844,0.103707279515677,-0.133947790152085,-0.162871507678586,0.0233387778163795,0.104555192782431,0.0469688749302093,-0.0938244792982759,0.0967820071944773,0.0106361122629045,-0.120408959306938,0.0252677554830645,0.0617622274249581,0.0140928248378751,-0.00820864810497483,-0.0958997661232405,0.100437975937221,0.0156467849475867,-0.109019439058792,0,0,0,0,-0.000317914672449384,-0.00847591815669023,-0.0155623289088683,-0.0303884408584942,-0.124786170535244,-0.350085261637903,-1.23218124463102,-3.00840742510741,2.6960959960318,2.71102982875947,1.88401884834574,0.772187726332465,0.586316496463264,0.999294514088028,1.96353079771976,2.32019579326712,2.41930931729763,2.5036489029619,2.48311397332303,-1.76142445912927,3.06461769194739,-0.16730615000156,-0.947102712840404,-0.749858238061909,-0.790945472968433,-0.789549644839216,-0.725073630946921,-0.634846954550513,-0.58495059205096,-0.540924009939755,-0.568433160716104,-0.461618149684086,-0.33471630472595,-0.247090988056923
133.5,1,0.0222590298766277,0.130739795918367,0,0.161512609155721,0.122813676242325,-0.339500659769434,1.72060394841705,0.661514108527081,0.335265497993469,-10.2421819601005,1.67630411921499,1.2709554521216,0.534719587370113,0.106375322384363,-0.185285302271298,-0.0964659513950011,-0.0132505979053485,-0.282126873050783,-0.224645805267141,-0.036762158775434,0.204422775577922,0.0330985907838898,-0.0863433665071842,0.067369589364551,0.0973500414557658,-0.116068483287374,-0.0477490705817162,0.0484283535393753,0.0381231859825999,-0.00868001366492766,0.00400505381653704,-0.014511801916512,0.0354472142649056,-0.112899873856523,0,0,0,0,-0.000359041051007061,-0.00938475533031264,-0.0173843775075156,-0.0318769505880347,-0.117602492530137,-0.321135593368959,-1.18572822251211,-3.05018220431295,2.67333338099778,2.59219545587447,1.85148645621232,0.749917197138544,0.475185592951785,0.980413657792401,1.95136316094368,2.33301583256931,2.35707880649574,2.44917022603063,2.45281046370171,-1.1631886306092,3.05957932562505,-0.185167570845965,-0.960104906878575,-0.745180273440735,-0.807550473404706,-0.784179752311448,-0.721048480899587,-0.645229772538752,-0.578517826767383,-0.551236672957942,-0.574002095815553,-0.438206512561468,-0.317347316173496,-0.242256698768082
133,1,0.0617544590429852,0.33011647519333,-1.26061848777041,0.285966978853691,0.118247117292005,-0.377859002024156,1.06901452194472,0.659223913756882,0.317545925848548,-10.5162662153354,1.5007689907735,1.06193713311691,0.526097950922817,0.0554796378617379,-0.218898802695315,-0.181390833837658,-0.0470601462836504,-0.318149033559409,-0.191170590136589,-0.0170906488166436,0.118673088244926,0.0382138681084256,-0.00440983625841853,0.0798725643411291,0.105315369717357,-0.0643870958951128,-0.122516454060049,0.105013714983901,0.186066189394673,-0.0923673361083838,-0.0294787051075139,0.0233371389678693,0.0149661942277992,-0.0861064964261612,0,0,0,0,-0.000400167456128985,-0.00999097068434918,-0.0183109884893636,-0.0321346892140184,-0.109523658083814,-0.290125747225654,-1.13087392487637,-3.08791300766698,2.65732766941944,2.48480030120893,1.83068968384212,0.720527494863881,0.379599221563961,0.956515167699254,1.94276482873745,2.35320863863888,2.33450652635356,2.4179882553679,2.42600709131145,-0.205639177684485,3.04062041945121,-0.199964516050578,-0.97497774285706,-0.745721279733579,-0.826160328932278,-0.778763125617245,-0.715726886536973,-0.65448520574046,-0.571611130603363,-0.566422741146368,-0.577871140248032,-0.413079360060757,-0.306730935244131,-0.234708233907906
130.5,1,0.113047582237928,0.412592049205767,-5.69871884035454,0.206028152608427,0.106214710944333,-0.391560301495793,0.971734498816761,0.603647666110992,0.227952723789962,-10.0011176129065,0.92932566181496,0.490456462055823,0.793550181809499,0.0086644280410457,-0.252553202939186,-0.262008482532723,-0.00645448606007229,-0.0848755187736447,-0.0825577292652933,0.0944240583551766,0.0528236253135703,-0.0184612096818167,0.127475020537899,0.0553730104306708,0.0424785270841669,-0.0765715012627849,-0.0565203284868212,0.10335521546664,0.135929902554569,-0.109432842375897,0.00119243172718892,0.0557720022380185,-0.0739542252693666,-0.0153515960780635,0,0,0,0,-0.000441293887676059,-0.0105430527181633,-0.0191105771616031,-0.0323107668676046,-0.10203689151422,-0.257561887459089,-1.06349392125844,-3.12956561252503,2.64664211769368,2.38940858717911,1.81723657846103,0.684968949199762,0.313329536128557,0.927390637973178,1.93993177797678,2.37975057696506,2.34120377297801,2.39458623515853,2.40476753920181,0.387773109678398,3.0158143023938,-0.209968503446345,-0.995201727298285,-0.752896954422947,-0.840851664969844,-0.778462658361297,-0.714692496223851,-0.662712419366987,-0.566830550753591,-0.583582161353776,-0.581855207809486,-0.386305184596981,-0.295134731862906,-0.22640205214555
127.5,1,0.107011381477233,0.417925688280852,-6.49071547721319,0.392554409832825,0.0973996904856125,-0.415696507762454,0.743122493779646,0.566193571727138,0.210388702683738,-9.0018228806848,0.52118531554667,0.0395568248625919,1.1008966229758,-0.0458172867851804,-0.303967332364821,-0.294556885981259,-0.04354913027535,0.0636775728337663,-0.000684318120772198,0.0814388148466164,0.0625443670470341,-0.189474513184151,0.150303784502188,0.00527126995967169,0.0495477202073653,-0.0549705396106932,-0.0234423480428277,0.116513312200524,-0.00547872508542382,-0.0979143693016799,0.0353061382793464,0.109224264844053,-0.120371944048041,0.00758819143879954,0,0,0,0,-0.000482420345509188,-0.0112419330559968,-0.0203656201126532,-0.0331849887860254,-0.095579320900443,-0.224002411432753,-0.991147798294302,3.09244357258749,2.63762639175155,2.29507761880214,1.80512777052199,0.638687452322766,0.186187452234567,0.899005788884398,1.93994611121454,2.40980464098676,2.36123099231825,2.38838135550783,2.38535439674849,0.478941055622496,2.98032047921485,-0.213368961657978,-1.01277048289162,-0.764197947157887,-0.85107917754963,-0.783104326335453,-0.718676706009001,-0.677093283790699,-0.567456282442732,-0.60388185464968,-0.580277867337227,-0.357998456182953,-0.288173400600867,-0.217756124684694
124.5,1,0.115510677202103,0.399032639406604,-2.46538220336635,0.229899069837944,0.10697835216204,-0.44777874615547,1.18199148473937,0.549450488582395,0.247792794378563,-8.93362205360168,0.897571660794763,0.434720445345502,1.26180313883695,-0.0440581738858834,-0.294513251193041,-0.360145368870725,-0.178044497068689,-0.000848607992694903,-0.106323804693875,0.00508386818874666,-0.0248333384121922,-0.172842250661675,0.112266104115428,-0.0266603305521285,0.140392822276394,0.0189816121846836,-0.0221993057258394,0.170809440089955,-0.00453502599963059,-0.074405721462707,-0.00747095040367626,0.165732492778894,-0.088280286138541,-0.0147157590976842,0,0,0,0,-0.000523546829489276,-0.0119338187912981,-0.0216053619989697,-0.034033426829458,-0.0891696338869998,-0.187944702871746,-0.903718486811733,3.00346596713487,2.63057604255116,2.20716195698451,1.79095032433277,0.587210568648257,0.0505186515448495,0.867978979071982,1.93957358514407,2.43118300528094,2.37774778182215,2.39566102012247,2.36482150574032,0.523699629003554,2.91548022496964,-0.213848887700133,-1.03241050843647,-0.787895447930801,-0.87039717793906,-0.792904147657291,-0.731158220115462,-0.699596846018466,-0.581138368739532,-0.627301996641418,-0.57450442045291,-0.329338579509337,-0.28554090840113,-0.205755143592813
122,1,0.170316096985337,0.553807735352697,3.31241640310371,0.231939294649915,0.123911728115427,-0.459711945829933,2.06742900449382,0.606648204156318,0.309131808880639,-9.24537173809763,1.59134437833639,0.834941176773174,1.28412259399292,-0.121307159935312,-0.371695372654108,-0.407153760324821,-0.142967229704764,-0.0235243481094785,-0.118115168950448,-0.0266430329136633,0.0823868768336492,-0.0667992070789158,0.111558608102315,-0.0563049458482049,0.0520573649418849,0.000293073602147568,-0.015381501438913,0.121573688870924,0.090092817574152,-0.0771024724812489,-0.100125937089984,0.142975661883731,0.00722270415210734,-0.0307673135146437,0,0,0,0,-0.000564673339477225,-0.0126263333590012,-0.0228523979475853,-0.0348943661769746,-0.0826688591423403,-0.149291907021355,-0.776945595640147,2.8856696139976,2.63045607068344,2.12707554672445,1.77550944318166,0.534495243115199,-0.0265358651915282,0.833906659814523,1.94512414206303,2.45562717748902,2.39267956941541,2.39839211494302,2.34342901348487,0.546459233081828,2.83213561966352,-0.208382355088196,-1.05008808817668,-0.817486640738,-0.892569239450667,-0.809876637044629,-0.75222786386804,-0.723771567695211,-0.60466601977097,-0.652773584193228,-0.568391097606467,-0.310075987949245,-0.283584148812375,-0.192089519109901
122.5,1,0.200712512482193,0.669133503371977,5.35769151848543,0.290317194652058,0.126887466667118,-0.449240281932935,1.7987734971607,0.556722566185879,0.267409903026533,-9.73267461335875,1.85902902079405,0.813394505615995,1.06204477683757,-0.126252689733048,-0.474239705411797,-0.384909340235947,-0.122350116050193,0.00133526531184812,-0.0703659207769941,-0.0595722492091821,0.246778125456336,-0.0135583355510879,0.150551286421281,0.00714205804007662,0.0291148959021484,-0.0123295579299302,-0.0665066338697949,0.0234705596586567,0.172900024163347,-0.111105359662789,-0.182383787755309,0.0291445006614778,0.0315426564989849,-0.00771364623692031,0,0,0,0,-0.000605799875333938,-0.0133194769516505,-0.0241067886077237,-0.0357680838783517,-0.0765858225308684,-0.111640497030344,-0.605831929291153,2.75561160809047,2.64753475787712,2.05034640225689,1.76060195966373,0.475955827019619,-0.0963845823892653,0.806183604996531,1.95886251903034,2.49381214640973,2.40460791758766,2.38916120782954,2.3238972960148,0.481377211367952,2.7632727074661,-0.189401532133311,-1.05108281281145,-0.837437601153614,-0.899646747533381,-0.822734729340552,-0.769246761469733,-0.741032195316523,-0.624533319221134,-0.673735165878437,-0.562275178035974,-0.30305606722552,-0.286086699687667,-0.17939982293748
151,0,0.196857752909854,0.656282541838005,5.25479503031382,0.284741543332369,0.125823564170497,-0.447489344312566,1.7987734971607,0.414557833564663,0.120322369767688,-10.6180952494818,1.5415997544086,0.719516511349192,0.83842517222255,0.0268094794241937,-0.398320473252022,-0.276086231614249,-0.132951219509832,-0.0903259894720714,-0.22766235320956,-0.0104956441196512,0.249582460079842,0.0675131204585627,0.273270826233281,0.0331134708478695,0.17380793995308,0.0284042979132404,-0.0394152301738534,-0.050307468476618,0.137179765589879,-0.151042545022451,-0.17574849744581,-0.0216449304364549,-0.0420318218667113,0.0139499155953987,0,0,0,0,-0.000646926436920317,-0.0140132497597222,-0.0253685952535241,-0.0366548651911159,-0.0716711006422279,-0.079561369985416,-0.294011354031241,2.6283513352506,2.68280577988538,1.98150476508781,1.75255937930767,0.420032598868225,-0.157064691409535,0.773692438644868,1.97419670871802,2.52694290250407,2.40133796229312,2.36427318254419,2.30854348302995,0.402182221502657,2.71656074868113,-0.136324051544442,-0.984618328183493,-0.793962150967812,-0.845243214811605,-0.777619312635663,-0.734121013241196,-0.711518442544307,-0.603035490558874,-0.662544831235542,-0.544302941388378,-0.300458337570261,-0.301972487653665,-0.194725770837344
172.5,0,0.193002993337516,0.643431580304034,5.15189854214221,0.27916589201268,0.124759661673876,-0.465411662356174,1.78958355069106,0.407880429487506,0.0630644204072891,-10.9370640099031,1.41977158277012,0.620608404227749,0.768704340280135,0.0548815512104515,-0.219700041783107,-0.107850624251358,0.0050835847687156,-0.181158897162635,-0.247421917656446,-0.0290727658286375,0.204934022336161,0.0875612341936348,0.246183354249757,0.0490757109098073,0.0833981718540475,0.0313444553908732,-0.0594291477796647,-0.0514813340324704,0.123357039893957,-0.0904389278345498,-0.0298120890429477,-0.095509901520297,-0.0571783614885628,-0.0119179595177843,0,0,0,0,-0.000575744586216415,-0.0142363298652407,-0.0259087760151175,-0.0367299648004619,-0.0667295044899841,-0.0499214430699177,0.0929458735025852,2.51881510460669,2.72448517290984,1.92825139695711,1.75584580670176,0.370239887849189,-0.203193711188783,0.735670548767938,1.98595676911433,2.54186354177886,2.39071553138339,2.34273010618245,2.29637455877542,0.36661300159492,2.67230696113342,-0.051901291023261,-0.845173132897224,-0.681161020795077,-0.722909934468164,-0.670843751696846,-0.645237520139736,-0.631288015111795,-0.538069554778706,-0.617987064571001,-0.512310662602397,-0.299147676572783,-0.328734182734244,-0.237845065923015
170,0,0.189148233765178,0.630580618770062,5.0490020539706,0.273590240692991,0.123695759177255,-0.463401670542846,1.17298645460036,0.471450345580604,0.0600116284489751,-10.9518025099742,1.40497037821977,0.598721064734516,0.72775613053393,0.0882194517345389,-0.112585482216504,-0.0313935570671144,0.108197756296875,-0.115266111582818,-0.153219429773475,0.098865746598531,0.172698115518577,0.0753313677640813,0.155597697453852,-0.0109610453154979,-0.0847688265501139,-0.0760773954570619,-0.0536967144332034,0.0709711494492457,0.180361959438998,-0.058454481010701,0.0104190884712687,-0.0924191566299204,-0.0373693505499753,-0.0123008169427795,0,0,0,0,-0.000274960701646827,-0.0135561159369664,-0.0250340021751667,-0.0351325951852614,-0.0604913802752763,-0.0199561164782724,0.3274882043827,2.45084441482492,2.771147143963,1.89549047245772,1.76512288205423,0.320231443481483,-0.227692577612459,0.705290899668926,2.00114885492073,2.54163815274675,2.38266656306229,2.34858342068175,2.28899087413347,0.328359467706823,2.66672317434698,0.00776120101113343,-0.747597398511838,-0.614899776038475,-0.640049065430048,-0.602074560850044,-0.591998406578262,-0.575550724091884,-0.496358948738747,-0.582547835230408,-0.491054818719865,-0.306087402444918,-0.345520511222027,-0.266308769465642
149.5,0,0.185293474192839,0.617729657236091,4.94610556579899,0.268014589373302,0.122631856680634,-0.311065541899417,1.17063385102101,0.459181656316933,0.0592196323910377,-10.948042092987,1.44126771210766,0.621012336440538,0.644754208209647,0.223517748136298,-0.115108834339274,-0.0321880332743424,0.103163689275195,-0.0878750091683041,-0.0881236518982137,0.184058375254818,0.149408099296644,0.0297313539306684,0.186059158626598,-0.00221855696749692,-0.0836314343931124,-0.154285627108122,-0.00943180104813755,0.125835401758357,0.165273025634332,-0.0926587838168511,-0.0338929306887807,-0.00516521427147266,-0.0253169285371692,-0.0203345806963018,0,0,0,0,0.000215661681335074,-0.0121261899059383,-0.022916809310022,-0.031934854092526,-0.0531163278056748,0.00922116768752524,0.4448011482502,2.41802726778111,2.8223899664124,1.87704949268628,1.77217961195363,0.276041109729113,-0.249167015637538,0.687372602686081,2.02723246656007,2.53985322920568,2.37965410862675,2.37441039694005,2.29336545095575,0.299749248910008,2.68636325716508,0.0322009655727285,-0.71034659175489,-0.610243916256199,-0.61768454711764,-0.586902541284264,-0.577541227201171,-0.557127090615129,-0.488212887895423,-0.564976298363497,-0.482712215996183,-0.324129301040114,-0.357060935960692,-0.278050300766884
120,0,0.181438714620501,0.604878695702119,4.84320907762738,0.262438938053613,0.121567954184013,-0.181925937626017,1.51348738749792,0.421574974780554,0.0636997207828927,-11.0327644377321,1.52503392267922,0.684603699617093,0.521427296836579,0.178028496888282,0.0135677976037451,0.0909434631401366,0.0702814191261188,-0.147204549714495,-0.124650339552611,0.0302497665450654,0.155898298000999,0.018506697479408,0.231108912915822,-0.00238359087400358,-0.0543335691322825,-0.177423990307441,-0.035651207931329,0.0987575416014307,0.0859902345226012,-0.112245914055616,0.0233502782315659,0.0628177961396073,-0.0343910670183248,-0.11590000684041,0,0,0,0,0.000842314174539036,-0.0100375272674588,-0.0196390975687547,-0.0271737194416593,-0.0447144203027243,0.036109458954502,0.537590960573949,2.4202599029764,2.88356988476116,1.87328472774079,1.77880167343931,0.235824054267915,-0.290320129236082,0.690426111866589,2.05956047987317,2.54297100099777,2.38569482181039,2.39166981694432,2.30806619412408,0.267298592691846,2.67530751301204,0.0444321534967136,-0.683976158104853,-0.612944901037964,-0.608269357247431,-0.575670112227549,-0.557448206191783,-0.54020349808292,-0.48352286562321,-0.545309529102041,-0.469692151800287,-0.345678830189531,-0.374802330091365,-0.286592036739481
115.5,0,0.177583955048163,0.592027734168148,4.74031258945578,0.256863286733924,0.120504051687391,-0.21633835600537,1.3175944556268,0.543400977807149,0.0648443051055464,-11.2358391560893,1.53121820001972,0.741163691006717,0.491250010710147,0.118710638280872,0.198102033649084,0.218225458707672,0.212947071528683,-0.0259447820995509,-0.109276170603486,-0.0786881283346243,0.0469180700238647,0.0600993438979106,0.183373603216211,0.040123427208329,0.0274129228233189,-0.113539492893168,-0.00399381261563961,0.168793865668183,0.0379784063173725,-0.176744689130102,-0.0341334158331464,-0.0163452351877925,0.0322241377061447,-0.0855688453328134,0,0,0,0,0.00153226320936797,-0.00760531014079556,-0.0157319993854278,-0.0215660910495932,-0.036588914853287,0.0582118178382859,0.605143051766715,2.4441412234116,2.95638962642503,1.88933730618708,1.79245341612404,0.181861474983981,-0.334730553012064,0.752416337890277,2.09196682976795,2.54628419941261,2.39135245284709,2.39294899464306,2.32753179706482,0.191410513114816,2.64696462952618,0.0509824379128043,-0.666750037874172,-0.618748861352103,-0.603738964869564,-0.563501678629412,-0.538154427488048,-0.523428736270601,-0.48014733905492,-0.522353243437772,-0.456739241421222,-0.367832684204951,-0.391858111437603,-0.294070434549547
116,0,0.173729195475824,0.579176772634176,4.63741610128417,0.251287635414235,0.11944014919077,-0.23794246765617,0.73445705470029,0.503899768353845,0.0650187087131813,-11.4456004995421,1.47430696520272,0.7410669921423,0.478349212047671,0.248899809916566,0.37040458344265,0.186641282221917,0.199330149140257,0.0259725520818508,0.0485355804079458,-0.0256779151927965,-0.0248844803007462,0.0401551043609477,0.168656142396202,0.00736253117976005,0.0234848215816603,-0.0210350633834492,0.106589731206728,0.148511838087147,0.0558902371445473,-0.149529289972705,-0.14472697836592,-0.0879290724534835,-0.00240611936373254,-0.0525231984637372,0,0,0,0,0.00222227302581105,-0.00516662511441904,-0.0117797410644634,-0.0159107531265187,-0.0286747259606053,0.0787569550883644,0.645127783055047,2.46231475535353,3.03445682108634,1.91123936937546,1.80815540923463,0.117823565585563,-0.36480067674253,0.86056790388897,2.12667048979336,2.55250076484712,2.38496070643427,2.37362925759719,2.35515007571781,0.0665352917964483,2.59734279537057,0.0573421114560751,-0.652615386925883,-0.625371209027371,-0.59821752730287,-0.555142411601815,-0.521180033310099,-0.505855716094331,-0.475601650206945,-0.503887319263683,-0.449232514808701,-0.390180686574735,-0.404711490611161,-0.300563078989905
153.5,0,0.169874435903486,0.566325811100205,4.53451961311256,0.245711984094546,0.118376246694149,-0.280115480870153,0.838666481601748,0.495798640982471,0.0698970747910989,-11.5250665719138,1.37135393589463,0.649022389415781,0.416436523430253,0.288980724507595,0.424584654754738,0.147316565944531,0.128138139516214,0.0303889544711694,0.0256239437587962,-0.069728893113242,0.0157008634965098,0.114362408427198,0.192478520564352,0.017999836547139,-0.0293898952459652,-0.017039537684656,0.0341228237109447,0.0793463235304193,0.052115749107879,-0.0828315800230722,-0.127758281348215,-0.111652166180765,0.00199512137747896,0.0627368983199038,0,0,0,0,0.00291234297476853,-0.00272147547665705,-0.00778166072816107,-0.0101839759310544,-0.0198457065656406,0.102167436407513,0.676463573268224,2.46164349199781,3.11046525797729,1.92500699291474,1.806943872352,0.0450364403886194,-0.391068573746925,0.95938866642405,2.15967809714191,2.56212745646586,2.37415129276651,2.34185442264903,2.39555119496035,-0.0709872989270606,2.522044853307,0.0584193978708158,-0.641644473879635,-0.629842272796965,-0.594615042845363,-0.544197222643398,-0.502097374788553,-0.488125235406672,-0.4633163343691,-0.489805334186664,-0.448490077383355,-0.409625818247044,-0.41543825466171,-0.304835838105012
126,0,0.166019676331147,0.553474849566233,4.43162312494095,0.240136332774857,0.117312344197528,-0.351556657150939,1.20899367324683,0.585295579230225,0.0835610607862394,-11.5635942697678,1.34807591442285,0.627193173722441,0.418037385162315,0.256146164600492,0.343211917651667,0.237068770007922,0.248853156672092,0.0690838854192655,-0.0594467906425798,-0.116817735573802,0.0813099691202757,0.171132208759065,0.22581783398379,0.0602275686332598,0.012732974679424,-0.0222854982914134,0.0170474524437305,0.0311724693559318,0.0261150548177757,-0.0935418023455085,-0.0759065481439025,-0.0479658887829347,0.0474362786190357,0.0716513474641972,0,0,0,0,0.00360247240679842,-0.000269864842493532,-0.00373708692349576,-0.00435791677534793,-0.0112160924422039,0.12594191298806,0.710306574830898,2.4515563447334,-3.09545090830882,1.92809661979916,1.78676850625012,-0.059600364949568,-0.419063967109772,1.02309275077489,2.18056775234914,2.57479849780686,2.37073058330265,2.31389353053203,2.44516635626332,-0.22320969047821,2.43982949685122,0.0541691710478079,-0.630965994421511,-0.63014549325808,-0.592473598628991,-0.526534532716444,-0.48397543606217,-0.473538527216659,-0.448894510300658,-0.475316682539372,-0.450902401647232,-0.424758683820703,-0.426222582873207,-0.312021692914258
61.5,0,0.162164916758809,0.540623888032262,4.32872663676934,0.234560681455168,0.116248441700907,-0.405443418987378,1.35443429361981,0.508363531960898,0.0938750916106331,-11.5838966613334,1.33026553469625,0.659619238025187,0.465311893280295,0.249619719545616,0.263281156490098,0.261293805671898,0.316501646429863,0.0854418995376503,-0.0147840551719813,-0.118894552356731,0.0735124321498818,0.158046333659184,0.286473532037167,0.101210491897637,0.131766584622616,-0.00620627966649959,0.00857080330481905,-0.040032153580553,0.000486630104266465,-0.157211077999837,-0.0469713830007309,0.0299672994809706,0.00886181943052416,-0.0568529640709712,0,0,0,0,0.00430226701655122,0.0027182932301239,0.00135190437991366,0.00297572668370317,-0.000483604062068876,0.150161172625924,0.734701037824587,2.43229773926178,-3.00708231579989,1.93085262491817,1.76348192986093,-0.199738331127248,-0.44496962926145,1.0326125231055,2.19768913785128,2.59771766104518,2.37862300443554,2.28791875541742,2.50252545558682,-0.401196363502019,2.38057195105721,0.0493102759274331,-0.619136701481257,-0.630289553126523,-0.590918748391735,-0.506755335190546,-0.468214587480944,-0.457783571303902,-0.438338781312274,-0.462627484722807,-0.450748395722119,-0.435915324633186,-0.440411750096073,-0.322633832377402
74.5,0,0.158310157186471,0.52777292649829,4.22583014859774,0.228985030135479,0.115184539204286,-0.406706393923081,1.34108849763551,0.516153697045543,0.0954552792912821,-11.6138918476638,1.24595961025686,0.587696866673476,0.40973361226279,0.299125846024445,0.343033234660778,0.278786612976763,0.289339739011507,0.107109693070575,0.0923104589424264,-0.0518580566351311,0.0865775296010361,0.17302847463861,0.343621027081429,0.148201161031567,0.125070568034372,-0.0327988044610161,-0.0786209774924648,-0.106864775636668,0.0504170900241195,-0.0978450101575097,-0.026403781042219,0.0123737477071036,-0.00901951612099461,-0.037220116456601,0,0,0,0,0.00506108442256646,0.00775155795107047,0.0100160577245794,0.0145624878646449,0.0138082812899188,0.17179548516586,0.740789216689145,2.39705027394673,-2.90302779110788,1.93803704930984,1.74577600722305,-0.338756586216221,-0.471857952109336,0.992673632955314,2.18675649905575,2.61962300514355,2.38524765246842,2.26631470067707,2.56143557309873,-0.553686597857109,2.3457121511169,0.044162661243254,-0.611525406302321,-0.633311500116247,-0.595315804742571,-0.492093499814834,-0.453873260151159,-0.443851542188021,-0.432865736244951,-0.456014868403301,-0.449887972675075,-0.441346132893533,-0.454046289079234,-0.328895221720688
102.5,0,0.154455397614132,0.514921964964319,4.12293366042613,0.22340937881579,0.114120636707665,-0.388972062969277,1.1750323408158,0.646679784707222,0.0940116702328099,-11.5677700451479,1.25595260902169,0.561597146632542,0.384213947330894,0.298690817901517,0.452348370382833,0.2933873238787,0.277897886312132,0.0836210569306136,0.0936699556291264,-0.0978016081792753,0.105604958687038,0.226622407404477,0.335061973002922,0.179702982850237,0.0837835996393893,-0.0776525291518134,-0.152472455811636,-0.094469730804263,0.0692948049524036,-0.0333970468752292,-0.0776815758961783,-0.0140427233269723,-0.0130782660217249,0.0526971205857071,0,0,0,0,0.00587032191609143,0.0139797079755852,0.0206019507065842,0.027918684338484,0.0271684208556271,0.186168934769358,0.731760960269189,2.3502971569778,-2.77140745930801,1.93917605129147,1.73238028803416,-0.454663586759057,-0.492017528985479,0.947042141765018,2.1114779638467,2.62303090106522,2.38388953744762,2.24612189701953,2.61299691327896,-0.65982395440868,2.30807235761634,0.0402547564214236,-0.60383363966208,-0.63364640868531,-0.600936951204297,-0.48447636959233,-0.445340759451025,-0.438211957938397,-0.433223053060679,-0.454945560470793,-0.451640857595952,-0.439625569650891,-0.46385363639332,-0.335033602960939
117.5,0,0.150600638041794,0.502071003430347,4.02003717225452,0.217833727496101,0.113056734211044,-0.385715806471721,1.6749319056953,0.647226199075516,0.091131428613398,-11.3906675959442,1.27418800121252,0.63751407162681,0.468420834989497,0.283427984962205,0.486551021265312,0.228691506023117,0.193867207758843,0.0520021458326165,0.0318272153634347,-0.0662490675279938,0.14026296172077,0.176701689295326,0.25292447303834,0.139077872915185,0.0521258356244531,-0.0789620851007162,-0.100896947206419,-0.0486939812943049,0.0528072065636115,-0.0452894420596744,-0.107452097509467,-0.0227240006789678,-0.0638116215908969,0.0479563581850551,0,0,0,0,0.00667962432681088,0.0198932258518473,0.0306308404707557,0.0405933232025886,0.0390486889428908,0.195620150664298,0.715881547746422,2.29496089293549,-2.59985409316793,1.92134516643725,1.72232713470244,-0.554335506659896,-0.497254849518518,0.839341867632585,2.04711980550174,2.61006062999578,2.38881960316772,2.22295526054589,2.65866710902321,-0.749171166245525,2.24338412455851,0.0405334501156559,-0.593523622140201,-0.628083452094607,-0.601256520173857,-0.476558697762788,-0.444829148325039,-0.440177289951574,-0.437709405787559,-0.460457477855275,-0.457897881744397,-0.432111142494058,-0.467158326151701,-0.345956692903445
113,0,0.146745878469456,0.489220041896376,3.91714068408291,0.212258076176412,0.111992831714422,-0.384028622321713,1.80485135622928,0.50961321765647,0.0866903378263934,-11.1066189923382,1.34619176660355,0.70352498382352,0.548144688820455,0.403900496463299,0.486490331717059,0.147065657352396,0.145476074051172,-0.0972822006138831,-0.101186671660669,-0.0930866201662301,0.0966837704665207,0.112798333549388,0.119871240498338,0.030404627793388,0.0115653783481364,-0.133739188015369,-0.0583532606425704,0.0321492282655868,0.0474773667212569,-0.00728562370479333,0.0351836385181439,-0.0124879329140899,-0.0555714751735324,-0.0400467353254332,0,0,0,0,0.0074889906022727,0.0259790876625052,0.0411886177345352,0.054424179810952,0.0518929502601655,0.201467257912124,0.693528226465562,2.23136688667876,-2.38926813176978,1.88222656934866,1.73977599469577,-0.662650344720026,-0.497276145497436,0.693840908948707,2.05506124183751,2.58789142753171,2.39641861510052,2.19923452740128,2.69551034558066,-0.816505920996321,2.15716985834087,0.0433694574034846,-0.581647405658081,-0.622643906753775,-0.599836762300976,-0.47106978165312,-0.448510756109327,-0.442442152181579,-0.441383446840493,-0.467901514244186,-0.469106692485147,-0.425852360540902,-0.464383272039354,-0.3585557716839
92,0,0.142891118897117,0.476369080362405,3.8142441959113,0.206682424856723,0.110928929217801,-0.388980806804607,1.62727089635937,0.41345786711189,0.0858140514153491,-11.1885744910204,1.34777351659138,0.547004188082403,0.444874471862816,0.319735230504321,0.248870791050146,0.304840880560804,0.243209118069355,-0.0918337604405325,-0.0180112680052358,-0.0554683266445198,0.0505509631086293,0.0498447387189234,0.12529355999364,0.0444095362287465,0.00913047509986677,-0.187103270056141,-0.0486215600291331,0.0687226533350309,0.0553731911921807,-0.0632457068173999,0.0682706467804039,-0.0657724253356182,0.0886967973298603,-0.123107263335159,0,0,0,0,0.00829841968952402,0.0323783378333776,0.0526688135997198,0.0698900602289423,0.0660531351961053,0.205918038737174,0.671215806322579,2.13589361900138,-2.15907536370066,1.8079684482208,1.78334801349493,-0.783514792012168,-0.501299217896998,-0.607290716884588,2.17687844898442,2.5688307811948,2.39556449840624,2.17410274898112,2.73003279712818,-0.864235830476714,2.0707343915679,0.0449301957917292,-0.568304409637542,-0.619550068715456,-0.599226903965926,-0.47126438485636,-0.452896889084272,-0.439831003306414,-0.441646858710556,-0.475514058618433,-0.482284265815369,-0.420644274756828,-0.456760137035741,-0.371771364166292
74.5,0,0.139036359324779,0.463518118828433,3.71134770773969,0.201106773537034,0.10986502672118,-0.38095991627942,2.31892054658121,0.327030276982458,0.0809330409089789,-11.1635905983191,1.1909444822388,0.446669387514285,0.390980443857575,0.32297286444837,0.316079582650134,0.287486071115188,0.336440572580186,-0.127405692563148,-0.0463845921119675,-0.0695189932961386,-0.0258657179274001,-0.0373812803121555,0.160557707375825,0.100677194760403,0.0600802851584085,-0.0847543848024352,-0.156670516800147,0.0381805849689009,0.116748804369003,-0.0857618803567625,0.0390817146342296,-0.0722658354339086,0.113533390410379,-0.0755634032477947,0,0,0,0,0.00921434765601058,0.0394777513765778,0.0663278881624771,0.0892532321144105,0.085002945586677,0.211836401266754,0.651146356172641,2.02897502406497,-1.65452347971156,1.70744971076235,1.82519534268016,-0.883389823502513,-0.51048869586426,-1.85453746069645,2.93369200913243,2.55238285716237,2.39463343164801,2.14886743399873,2.77435517351493,-0.94169569465254,1.97375696886996,0.0450466867958979,-0.556555986823911,-0.618980753173278,-0.602195315415753,-0.473727290113286,-0.460783137662497,-0.438219239352861,-0.440385472602953,-0.48106728684348,-0.493705375648278,-0.413734420246298,-0.446516935500423,-0.383574977578765
73,0,0.135181599752441,0.450667157294462,3.60845121956809,0.195531122217345,0.108801124224559,-0.365001796350735,1.97243710512082,0.343037082257449,0.0777344326093834,-11.2086511039049,1.51234654407655,0.636453745967423,0.389617527791415,0.286019334014666,0.446577057966455,0.297233361243053,0.311880008022764,0.117437831055207,0.0818896492145456,-0.0199109407588838,0.0635927338033724,0.112985465811839,0.111581671981505,0.0696811783245338,-0.0175487107372449,-0.102511734756128,-0.00843019689134739,0.0806485705921317,0.103524306020947,-0.0434395643996698,-0.016330502015375,-0.0595679859712229,0.0441686747041939,-0.0137743685147984,0,0,0,0,0.0102394884120785,0.0472732463118291,0.0825239015586398,0.11348661145713,0.112379665110116,0.224743115067176,0.637341301813581,1.93239653036998,-1.16285662915308,1.61599861075211,1.8523244826945,-0.956217064049339,-0.508297685496509,-1.76899199920933,-2.24728693648811,2.52195576299091,2.40874884736313,2.12367232807591,2.82906904114588,-1.01815353173512,1.84123645025601,0.0438447501301249,-0.546090188710998,-0.621218818791574,-0.609774326987764,-0.482613474689473,-0.472051421560689,-0.441422265700242,-0.444371982794374,-0.480346272146049,-0.501168002799383,-0.406755742884382,-0.437178280812783,-0.391628066579168
71.5,0,0.131326840180102,0.43781619576049,3.50555473139648,0.189955470897656,0.107737221727938,-0.355859640882242,1.97243710512082,0.447349276709771,0.085027366397779,-11.6824964564947,1.35870376591596,0.657799377963317,0.370524257286569,0.286117469897948,0.338627903316531,0.232656870948773,0.283237560271274,0.111632199605229,0.00146126788665739,0.0275749745736151,0.207118136188265,0.211855747406007,0.253197930757957,0.0664179999462474,0.000622439304740633,-0.0657516009459422,0.0738474259767314,0.177981142170758,0.130755641262171,0.0072132964484154,-0.0616586190686371,-0.0927728295779134,-0.0374104785512911,0.00660953879648601,0,0,0,0,0.0112647295046531,0.0548857804212467,0.098357273418913,0.137564138448208,0.142132470828993,0.240968462257888,0.630051444012419,1.81984594335837,-0.994230939680025,1.52602514743554,1.8711012349403,-1.00291721238311,-0.497835173885062,-1.68626221025468,-1.66533388695864,2.47957034103355,2.45203900747997,2.10251253142553,2.89431144689973,-1.09534761383341,1.70450269972038,0.04657650835476,-0.527677347891021,-0.609750232540852,-0.603530116367027,-0.483733409195389,-0.472983929167017,-0.434835793567762,-0.442300358102,-0.471135687911432,-0.496722948182759,-0.392138499242683,-0.422556345904917,-0.389782157495393
71,0,0.127472080607764,0.424965234226519,3.40265824322487,0.184379819577967,0.106673319231317,-0.352691559488888,1.65959195124662,0.414785282370387,0.0962517386793566,-11.6982131756137,1.2799334594894,0.639153429764864,0.421394882667165,0.267184481757169,0.338826194940405,0.272102602131856,0.303013144917662,0.159884953849954,-0.056025317025902,0.000932441164051943,0.184082684171594,0.204229333530643,0.225453425754249,-0.00468467795215272,0.00254619063289029,-0.016195050207216,0.0980625362619215,0.0961969860774737,0.0731265060947802,-0.0582029049342936,-0.0821211050687165,-0.0853009124558997,-0.0082830719700992,0.023950837456949,0,0,0,0,0.0122900687928541,0.0619417884635357,0.112259414259455,0.158369793896735,0.167152759299131,0.249975369637862,0.61366517775784,1.69481828429075,-0.882033209892973,1.42271190071733,1.89974468239895,-1.03787434589092,-0.4910536910137,-1.60538202227475,-1.46062092130602,2.43489000853476,2.51453281766788,2.09619152102242,2.988971749235,-1.21295203903736,1.59396563914555,0.0521673646580407,-0.505731642135005,-0.587543762353391,-0.58817454699885,-0.479941267856669,-0.467557170990315,-0.424191878089673,-0.433193780311089,-0.459052779667916,-0.489188831536345,-0.377552582928758,-0.403775864371922,-0.380110857273433
71,0,0.123617321035426,0.412114272692547,3.29976175505326,0.178804168258278,0.105609416734696,-0.340155443170156,1.30470675309594,0.4255416850909,0.108425139890798,-11.6607342129683,1.25569588773474,0.675146318948513,0.477606663316623,0.236868259077502,0.380699435226389,0.274870203799872,0.335054045699759,0.143787188215603,-0.0751825675927623,0.0178557445636242,0.151343270971071,0.144417566170543,0.174263064037815,0.0130745450301501,0.0124729955956812,-0.0219617232621318,0.027755954159049,-0.0157516926883702,0.0664968080523461,-0.0416117788981381,-0.0877637231109571,-0.117573118809018,0.0208251345765099,0.0376885992692948,0,0,0,0,0.0133155041345654,0.0683877052184673,0.124148264222725,0.175652056405878,0.18616810815387,0.248899517698486,0.593240238221939,1.61562617932749,-0.825521809158333,1.31770850329436,1.93372395076744,-1.06632090004301,-0.484310248718754,-1.54800309554129,-1.34320083007353,2.39317857974037,2.56817028919164,2.10022974161785,3.11509089839964,-1.33465031786101,1.50471067534539,0.056878181600461,-0.49168984942274,-0.570292461488327,-0.580656954988314,-0.483885532206704,-0.46937454812572,-0.423905660355702,-0.432834749136609,-0.451590703247303,-0.487827280289073,-0.372846830956263,-0.388249022616009,-0.372232797038298
70.5,0,0.119762561463087,0.399263311158576,3.19686526688165,0.173228516938589,0.104545514238075,-0.333174127691624,2.14161580830043,0.480894473533708,0.11180862569287,-11.4465917255856,1.37199897125455,0.710394302683479,0.534543274693363,0.287481087245467,0.421497195058688,0.293479326923769,0.300984665006151,0.053733660503432,-0.04964009698856,-0.0123914718752503,0.148040705126721,0.0709340076181943,0.19575328072188,0.132386624101581,0.0586086174874275,-0.0331299983196105,-0.0311516388858835,0.00507549938004293,0.0998724780846188,0.0370313135251053,-0.0592873592555253,-0.104342436096501,0.0656668963194247,0.0168630574700331,0,0,0,0,0.0143410333864614,0.0747292289615561,0.135689088588295,0.192346624932453,0.204020368974976,0.242115516967382,0.569797274880691,1.55309707859276,-0.805973000625557,1.20081100354983,1.93330052795712,-1.07896520968249,-0.474272222635833,-1.51449840237111,-1.24910416495659,2.3531124530912,2.61642925411167,2.10463115840554,-3.00820413520971,-1.42773115611787,1.44343063401477,0.0619464603546743,-0.485208980094831,-0.559121941305891,-0.580142331510022,-0.486851359611286,-0.473060705084662,-0.425058702500841,-0.435005182008672,-0.444876311921434,-0.483890949174432,-0.371601356997526,-0.373721433023483,-0.360940720532487
122,0,0.115907801890749,0.386412349624604,3.09396877871004,0.1676528656189,0.103481611741453,-0.337671289273725,1.75126942196969,0.433912356831329,0.108211074311169,-10.960683217363,1.59056636296674,0.609237448665144,0.519428282745885,0.402158245470831,0.402866811987778,0.286198227198111,0.224752009791058,-0.0385947972486685,-0.0284698564136471,-0.151541018575975,0.0586370373216568,-0.0634026584637445,0.114428854868601,0.0978391604803282,0.00751807709790886,-0.0394606269399986,-0.0631111511911935,0.0644612992575507,0.0104791589512598,-0.0441309690857622,0.0260700016411862,-0.0926449824254169,0.0928892606390283,0.0147593870615115,0,0,0,0,0.0153666544040341,0.0812508675772177,0.147929370326179,0.210228630779506,0.222787424765211,0.230273524677106,0.535463425788749,1.45229391975768,-0.806901356667066,1.07496236839207,1.87779494741727,-1.08486974245357,-0.457181064664582,-1.48964065072663,-1.18441337995342,2.30671345040778,2.67589260003135,2.10495878438977,-2.81011729062657,-1.47124084068137,1.41110527493871,0.0641814477106037,-0.486563408783603,-0.558193948305074,-0.58700992220995,-0.49196896684224,-0.476109191496206,-0.421866833532607,-0.43398069684117,-0.43394697631656,-0.475422133248222,-0.368731241968814,-0.360608061882532,-0.345515575942724
174,0,0.112053042318411,0.373561388090633,2.99107229053844,0.16207721429921,0.102417709244832,-0.337470692832242,0.679694157836862,0.405776715224673,0.0980016314283591,-11.1086668107761,1.42450824348049,0.525347300173276,0.43866668301551,0.359603023047778,0.451408112416199,0.256131287747284,0.241143440029927,0.0666762603982993,0.0373279370298002,-0.0540050105800849,-0.073585133671657,-0.106874726456821,0.063809641057259,0.0756976429275402,-0.0946699971107251,-0.0594958881821042,-0.0456791313280124,0.16553475933563,0.00686988877058937,-0.0842160035432041,0.0843437035487871,-0.0694320778138219,-0.0547565568614182,0.0778972707730742,0,0,0,0,0.016392365041619,0.0876272265065902,0.159826022213617,0.227530571986115,0.239698254907489,0.211194479697193,0.494524765962845,1.36685948798391,-0.817774429608167,0.937804400805544,1.76318967103955,-1.08947393319569,-0.438742195051456,-1.52477234247114,-1.13574050061473,2.25527440731535,2.73498210076926,2.1010437314428,-2.63068051615771,-1.49320647645271,1.3909706099969,0.065278962238036,-0.493089160250038,-0.563079595236206,-0.592486892978674,-0.495091707647328,-0.481478466937609,-0.420096566952099,-0.433046542385493,-0.422368133248835,-0.463474288498994,-0.359790914842892,-0.34987037768651,-0.332515834232351
174,0,0.108198282746072,0.360710426556661,2.88817580236683,0.156501562979521,0.101353806748211,-0.339052548538537,1.42492574231829,0.380897178011952,0.084373104967172,-11.0962959403521,1.50242877524757,0.651587434522625,0.35431240980454,0.342182726781549,0.512283356889518,0.374406582858113,0.318509118040168,0.11865611825665,-0.0121233147997961,-0.0183139713610835,0.0812939709393412,-0.0449733652141898,0.0165389983178851,0.00922478881414609,-0.125589314036201,0.00606359374832,-0.0453328604205814,0.0576761686377875,0.080779062370083,-0.101743242100705,0.0176837818732328,0.00474967282581906,0.047707647915048,-0.0619157727367734,0,0,0,0,0.0174181631524227,0.0940063959475775,0.171750875141606,0.24491466726142,0.255915758991106,0.190284026976724,0.456849828187024,1.34532266797627,-0.828236568188477,0.788866852903429,1.50651057914482,-1.08566754800503,-0.414987662888272,-1.52594616221388,-1.03315736321029,2.17882531663089,2.77360253950142,2.09039594807785,-2.48840128425191,-1.55408593372122,1.35459670851994,0.0642120814473139,-0.501418909158901,-0.566722990117701,-0.595875796922857,-0.495886875328568,-0.487092611849101,-0.423797506973198,-0.436678364524361,-0.41357167728629,-0.44625290386956,-0.348238190521285,-0.343010532185365,-0.319920816655809
174,0,0.104343523173734,0.34785946502269,2.78527931419522,0.150925911659832,0.10028990425159,-0.343031113468498,1.83185110002078,0.453651929978665,0.0806463240873288,-11.2727844897639,1.50727219680301,0.627042708185457,0.403463622903157,0.337196958557021,0.419404592758105,0.259589528067524,0.244897118388384,0.117498108259687,-0.0553625152830244,0.0705690909638214,0.136163309530366,-0.0303336820161505,0.121099786597701,0.0581265930788434,-0.122298450151534,-0.095659371550117,-0.0740378329818072,0.0824859987424069,0.010316534509531,0.00807862821026924,0.02428917836795,-0.00149151304264111,0.00178103638023231,-0.0120492749086458,0,0,0,0,0.018444046588549,0.100396791983748,0.183722381800399,0.262411461513056,0.273020360701792,0.172995581795042,0.429664331133874,1.37417503088644,-0.835099395971922,0.649718414308273,1.13624119304981,-1.05604058357983,-0.379106466112129,-1.4540567077859,-0.891564867865467,2.0832742745382,2.79886346419555,2.0715370346719,-2.29188922503418,-1.67291866028726,1.30122720115802,0.0627857723562392,-0.508521684620602,-0.56843920638004,-0.600311427858426,-0.500923753027009,-0.488262815284379,-0.422594107552579,-0.442361415594503,-0.407482149720707,-0.425631048427858,-0.337550098553498,-0.340492866532623,-0.307809879935419
116,0,0.100488763601395,0.335008503488719,2.68238282602361,0.145350260340143,0.099226001754969,-0.338257298658093,1.52211462967287,0.577108347017489,0.086713134812958,-11.6654156840714,1.46473694632465,0.760254609085662,0.429107072514837,0.321235536793709,0.39730114152073,0.239476248126969,0.356540274428477,0.0977853800259814,0.0267757107993246,0.0306768393986895,0.0813710434411538,0.0393430475500688,0.0594681724337968,0.00783263281026191,-0.134797966361803,-0.0939794992693185,-0.00913414656928865,0.00225537263895607,0.0441155402342721,0.0860376733942365,0.0908234369293615,-0.0529805168694673,-0.0446108507296808,-0.076199778608873,0,0,0,0,0.0194700132010262,0.106797921022646,0.195737366151713,0.280011245080513,0.291040446596457,0.159272445996073,0.410050674611628,1.42594521890259,-0.83418561673247,0.54283176593368,0.783626482448056,-1.02071603957185,-0.337642144923177,-1.5478984823942,-0.813899474540907,1.99595607896183,2.83571572491974,2.03837773933,-2.07374256201387,-1.75846088758918,1.26616882746873,0.063743773822044,-0.517421948122057,-0.570355699231956,-0.600704127849339,-0.505012569710797,-0.481663922663675,-0.414614229900884,-0.444971399301446,-0.405974482643523,-0.406128962760358,-0.330017703562569,-0.341210188283623,-0.302603606082052
57.5,0,0.0966340040290571,0.322157541954747,2.579486337852,0.139774609020454,0.0981620992583478,-0.330530487927649,1.66752105648439,0.570879608322376,0.0992140232541698,-11.5990946836511,1.47018686658423,0.739840393747959,0.554232100327972,0.331994210137258,0.353006850671878,0.305643744328758,0.404404310525829,0.0706315712477701,0.0518426071174992,0.0707851164084526,0.122970455874009,0.0776202724093246,0.0756833073880233,-0.0357250146999157,-0.0868165941649101,-0.0525264348701142,-0.026856996109075,-0.0532233031808052,0.0472898292863027,0.0382466107576121,0.0357305452957063,-0.0561669351855029,-0.0890802403075465,0.00461738792532828,0,0,0,0,0.0202593503638604,0.112173394966562,0.205892443958567,0.294630574122396,0.303833481748655,0.14045401138074,0.391526916970454,1.47339177359102,-0.835973861353238,0.508459299121835,0.530872574685466,-0.988507690491261,-0.29790490221911,-1.84386105828836,-0.824233337096649,1.91752083605984,2.88845874995091,1.98227028124382,-1.89023115412163,-1.78566083174709,1.24002158397456,0.0662063324752229,-0.526399836469529,-0.574843333061515,-0.595908813401535,-0.506676419258815,-0.468006510809114,-0.406463254139652,-0.445724288902436,-0.407377718634743,-0.390672871588713,-0.327789243096055,-0.344256586097592,-0.303632667482617
57.5,0,0.0927792444567187,0.309306580420776,2.47658984968039,0.134198957700765,0.0970981967617267,-0.327431742354345,1.9766370467275,0.414165609885896,0.10780165220933,-11.5815793784163,1.42942638327049,0.687670276907149,0.607120995533638,0.298830535498493,0.39319609128057,0.408795176215459,0.344504060528163,0.027587853300923,0.0665461061307461,0.0514066260552672,0.0971617307228572,0.0749418813165909,0.0930702539196264,-0.0212852939831957,0.0454537550459908,-0.0524225272160667,-0.0097661657765485,-0.00169616368916589,0.0395261056340869,-0.0314611360291463,-0.000243181349095982,-0.0533503504304381,-0.0483482300759472,0.0285168782116157,0,0,0,0,0.020734666528152,0.116003519361765,0.213170009329677,0.304276976055441,0.307810477465333,0.114085704771343,0.376631546432077,1.50982510850401,-0.836141957827596,0.526124924569367,0.354060672337046,-0.945346335905388,-0.268976428013683,-0.557660680860175,-0.899879466852429,1.85059103582641,2.95449293438678,1.91044559432663,-1.77725697479253,-1.81237356720078,1.23769872489578,0.0717175310854616,-0.531968821686645,-0.579347032073321,-0.587111808575394,-0.508248353762829,-0.4536875442455,-0.402191318390938,-0.450105078419329,-0.409086630798781,-0.3788156104499,-0.331178221789508,-0.347782797925221,-0.306652472971139
58.5,0,0.0889244848843804,0.296455618886804,2.37369336150879,0.128623306381076,0.0960342942651056,-0.325426883573462,2.07921847031019,0.346046206084358,0.105611294577168,-11.5735909424148,1.38107522982335,0.636371513980931,0.553150405006917,0.311893820318021,0.412542782650549,0.391612272922488,0.281647134702229,0.0428257662684785,0.0324296958131524,0.00963179440045645,0.0819168945811846,0.0713213302295351,0.0847768984563992,-0.101461628008012,0.0847752766850666,-0.0314731636524168,-0.0349000819665777,0.0234832205105199,0.0695594817794875,-0.0164070055031674,0.0519604780082883,-0.0319571008240376,0.0680800841821654,0.0422920316762719,0,0,0,0,0.0209916201636526,0.118667501038284,0.21817700494026,0.309641595712816,0.304842628828761,0.0835277276377558,0.366002023017448,1.54912146726947,-0.831238970795861,0.585203847064674,0.146131270425079,-0.903868428406182,-0.243933175359355,0.950952906968997,-0.92660384756947,1.7903967209962,3.03574100923579,1.83474632288293,-1.76701358100155,-1.85114387029574,1.25952237568781,0.0787711774201554,-0.534544623610075,-0.578973014745779,-0.574277334531117,-0.509528870489166,-0.442961864322918,-0.402548429838497,-0.455726533936403,-0.410345093567952,-0.367633988940957,-0.334933226636532,-0.351883194008851,-0.310804774134467
117,0,0.085069725312042,0.283604657352833,2.27079687333718,0.123047655061387,0.0949703917684845,-0.331564802617295,1.65497627807376,0.368940920435038,0.104336949218756,-11.5925388522171,1.34497083982232,0.604391631609689,0.457955411395985,0.307148512467953,0.336863949180974,0.256276976729135,0.297022092150727,0.0217643018119962,0.033246313231431,-0.0496773823114282,0.042774326721455,0.0934136356103931,0.175915113328309,-0.0899680448458158,0.0591720762503949,-0.0336655013435983,-0.0313161621492131,0.0096376680458924,0.130585635661259,0.0470773772966369,0.0725016318479327,-0.0541929510515865,0.024894209867922,0.0898902932144982,0,0,0,0,0.0209761503730227,0.119957939269389,0.220484623170385,0.310102565305381,0.294528363943432,0.0516486738423167,0.358973692437997,1.58481034549494,-0.82207125493744,0.663620538484923,-0.145315636874139,-0.86970440252593,-0.208462115714966,1.01306732445248,-0.864033760730219,1.74042877155453,3.13876343276368,1.75220281887843,-1.78837725544647,-1.92639591112625,1.26850469646445,0.0839799185471801,-0.534052303821988,-0.574370596610096,-0.560477148291239,-0.515320728843773,-0.435952060337523,-0.405041202155317,-0.460420550784109,-0.409324736146561,-0.358429219530496,-0.333568638874181,-0.353664942610308,-0.31793733970303
175,0,0.0812149657397037,0.270753695818861,2.16790038516557,0.117472003741698,0.0939064892718633,-0.33734561321233,1.19158191754693,0.43368145385944,0.0977057360659598,-11.6295564591992,1.33738761840601,0.620907285560788,0.353583855228146,0.266026613496203,0.366106575482691,0.22099511100971,0.299860056263084,0.0463499861322136,0.0875443038657892,-0.0357139045986258,0.0519338795615524,0.0762587662425856,0.20236393059905,0.0169706284815833,0.0816431161019948,-0.112075176138898,0.0102222462023842,0.0887139642281622,0.193903145547326,0.0966712977818813,0.0395565473224607,-0.0220001565865495,-0.00181122562199225,0.0497473145126781,0,0,0,0,0.0208340021426135,0.120539608216534,0.221387525884415,0.307879064286355,0.279867629524295,0.0200545410443574,0.352853898094657,1.60994138056251,-0.806268083612151,0.69526152685752,-0.466645586975494,-0.827877556862325,-0.163646105136997,1.04486045963038,-0.814417324984908,1.70542571893648,-2.99778838744269,1.65958477808858,-1.80552438392161,-2.01515995741821,1.27104533653204,0.0864726063613323,-0.529981929613327,-0.567248672719477,-0.549556641117774,-0.518112225527088,-0.430397889247058,-0.410357851987987,-0.464265289815415,-0.410085912357102,-0.35231911357618,-0.335487448188418,-0.354404486422588,-0.328772363375567
175,0,0.0773602061673653,0.25790273428489,2.06500389699396,0.111896352422009,0.0928425867752422,-0.346851807258405,0.757344147100663,0.498201389301757,0.0726588484324819,-11.566657679082,1.39631020855781,0.529430587759035,0.307116736308744,0.174116798833112,0.297809972496092,0.218586041660373,0.253605214804854,0.0369004820533749,0.0893597951054634,0.0387535176444255,0.18887340280324,0.160558755826119,0.150551743723195,0.0298037563822527,0.00900051160318992,-0.0786154730394721,0.100844153223308,0.153118698537052,0.0917290206344582,-0.0400544191442006,-0.000906214475933618,0.00887174909277457,0.031709778299527,0.00816044871499209,0,0,0,0,0.0206918524414985,0.121121138843279,0.222287814022388,0.305363524069275,0.264078564555855,-0.0144832317351979,0.344995148545395,1.64698059726444,-0.78683750976804,0.702487297410776,-0.759049576637809,-0.768503663267653,-0.114871938539909,1.05920988362541,-0.774761289445367,1.686064063907,-2.84728643764761,1.57471359867507,-1.81896704801533,-2.10224885818154,1.27368661519174,0.0866631483196395,-0.526812584841065,-0.559547417597877,-0.541437318297876,-0.513217437969927,-0.422789548958003,-0.414445080438728,-0.467081120956329,-0.417195275967237,-0.350078553397767,-0.343391129614155,-0.354275800103615,-0.340054081443069
175,0,0.073505446595027,0.245051772750918,1.96210740882235,0.10632070110232,0.0917786842786211,-0.368916654927194,1.63740056366362,0.516223641343573,0.0507768283253379,-10.9063396360852,1.53168823544758,0.47143560584137,0.385105460661895,0.152722732727301,0.145782260541675,0.130455383385159,0.219864089724423,-0.00299019485575567,-0.0580943532390511,0.0222017491654336,0.235915779049446,0.165302248777374,0.0585617502124676,-0.0403886694476601,-0.128201159647597,6.88678739107435e-05,0.0759381812205389,0.068839867453469,0.0315889968059313,-0.101944708837177,0.00667066736863952,-0.0689250687258563,-0.000367529468485565,-0.0516175912473951,0,0,0,0,0.0210650897827227,0.122621895926308,0.224011363796119,0.30345092667613,0.248064280728016,-0.0519735748620769,0.335140717865535,1.67075292886622,-0.770095903028698,0.728803143455083,-0.996920154370254,-0.699628618595845,-0.0632898015269037,1.10727088522383,-0.714190497830337,1.67190697676605,-2.72958846732871,1.49769505077444,-1.81393814145678,-2.18827395076002,1.28302702753841,0.0878098594698825,-0.526270888578377,-0.553826232892466,-0.531185399337142,-0.508752626301245,-0.415580958898995,-0.416804310005194,-0.470019373998241,-0.424749559504548,-0.351359096464758,-0.351615811324745,-0.353866976796448,-0.350593778887666
119,0,0.0696506870226886,0.232200811216947,1.85921092065075,0.100745049782631,0.090714781782,-0.373581886406063,1.68948180599061,0.57619186099062,0.0514633803660255,-9.90841058294597,2.16719483399121,0.320517229651001,0.409527412908794,0.0582056755896154,-0.101325296696267,-0.0375981449673876,-0.0261197859149598,-0.0178050585916057,-0.0876204745787886,0.0281276454841486,0.350402527773281,-0.103557542044901,-0.024020888380748,0.0478322828385784,-0.179166283371374,0.0320518068352396,0.066959405189131,0.0764900393578782,0.00980318596046738,-0.193663103832392,0.0896133285795224,0.0985864823482842,-0.103974463006261,0.0335124724594351,0,0,0,0,0.0216916300872727,0.124495099450867,0.225875242438234,0.301668501050519,0.232571191262028,-0.0888936543606932,0.324321364859185,1.65863986992242,-0.761891795738792,0.758959424799161,-1.1212977359865,-0.589494062597057,-0.0113339069811254,1.14360673514964,-0.656893763937179,1.64622389376449,-2.83759287639786,1.37792077162306,-1.81544116070751,-2.27310070058469,1.29307367810399,0.0878685867971635,-0.525424113543739,-0.547665341703785,-0.518399037786542,-0.501374176843042,-0.41106809052654,-0.426583594677698,-0.47570889509156,-0.433220997982347,-0.352430663631043,-0.358448132395434,-0.354227949743417,-0.360594680544606
62.5,0,0.0657959274503503,0.219349849682975,1.75631443247914,0.0951693984629421,0.0896508792853788,-0.365688464262219,0.900430002419553,0.544138159957038,0.0512826147764127,-10.8971224082895,1.85271896642267,0.636909280109573,0.410079332227328,0.125199173795108,0.0104240277607493,0.0136552983099606,0.23160999127468,-0.0430742140986192,-0.0558936500485831,-0.0175693890750928,0.118395899185635,0.048788006350815,0.153869631092835,0.0106486359307128,0.0323722081672127,-0.0800666331775977,-0.0862045517245133,0.116486821229828,0.0983497179410353,-0.0639949122395606,0.00724612251533131,-0.0485045478711172,-0.0262172189100275,0.0399078176871007,0,0,0,0,0.0218411487920116,0.12442222952184,0.224439534442012,0.295440842972505,0.212638966739672,-0.123483167508288,0.317904683777655,1.64707458343568,-0.760140915090345,0.783352540116463,-1.14876871303348,-0.439893182592432,0.0442210780400494,1.16500052367963,-0.604806898377174,1.61599433370303,2.85576318292799,1.26426740011748,-1.80996151675809,-2.37476640669789,1.30873171330221,0.0822813508864728,-0.523221193368882,-0.538266248881428,-0.506281591089044,-0.492687105018018,-0.411988825109171,-0.442717666366459,-0.483517518694661,-0.445097813106909,-0.355021877181128,-0.363841838497244,-0.350646682015047,-0.364905087189976
62.5,0,0.0619411678780119,0.206498888149004,1.65341794430753,0.0895937471432531,0.0885869767887577,-0.365688464262219,0.924165298580111,0.449558112404316,0.0462954058599307,-10.687500641333,1.91593095334222,0.349377478026243,-0.0575403708138699,0.0604078694175721,-0.00690609274918764,-0.0103650722604896,-0.000863618571597391,-0.0150425522058152,-0.050403068385762,-0.0287737740738384,0.0103064699386044,0.0138540173978499,0.00568721333333179,0.0535686097089483,0.00386091425512031,-0.0461689111353697,-0.00688821806321998,0.110284444096459,-0.0227367851617103,-0.0848808846576789,-0.0086449294016519,0.0718807627736366,-0.0310525435220165,0.0339214453892662,0,0,0,0,0.0216580922272303,0.121125974902916,0.217149861456806,0.281385536496588,0.186232007611699,-0.153148584072705,0.316878382809712,1.64049872134568,-0.774205585524282,0.80300589661092,-1.13445234334553,-0.282779003927573,0.108544143945563,1.16156154379531,-0.540450453956841,1.5907202277378,2.23166396231619,1.19928937968441,-1.78854077467717,-2.48960590514656,1.34327388285754,0.0739237609877039,-0.521973023809991,-0.527922144022753,-0.499213393593059,-0.488243352283238,-0.417883393635092,-0.460696692666863,-0.490682390777287,-0.455060231230863,-0.360374492178692,-0.36724735384202,-0.341778430602838,-0.361901143393474
64.5,0,0.0580864083056736,0.193647926615032,1.55052145613592,0.0840180958235641,0.0875230742921366,-0.361956304884644,0.944351534252061,0.37177226530209,0.0476234769191508,-9.97240745983048,2.64770226759399,0.472873258489486,0.108439146605444,0.044162905345447,-0.197976135396552,0.0286530813473981,-0.15321851359969,-0.126778808956317,-0.227625295651207,-0.0329931613229875,-0.0350175113783593,-0.0947600310171171,0.0388937178271858,-0.0060752553991413,-0.0901726795538573,-0.130254525814175,0.0378095590140566,0.19990367095051,0.0629899023489818,-0.128417477063132,0.051345667341018,0.0296237850580361,-0.108770539831858,-0.00922727735931932,0,0,0,0,0.0213297300237444,0.116618518490292,0.207817240748516,0.264774995805634,0.158920770268612,-0.17615575224136,0.319604311890242,1.64313416816627,-0.826846509423174,0.830807886768392,-1.10568837032832,-0.0629123601739243,0.178276605511169,1.13296276715772,-0.481636627222,1.5669020249664,1.8665905784484,1.12984933612497,-1.82479907110949,-2.61216853084114,1.3987634410609,0.0641452189330379,-0.525008267219533,-0.518672941576814,-0.500000250097692,-0.488432353931068,-0.426128166445129,-0.477432025563101,-0.495452795802181,-0.45862638628883,-0.364941439684113,-0.365853941983679,-0.331401135928344,-0.352906806762537
66.5,0,0.0542316487333352,0.180796965081061,1.44762496796431,0.078442444503875,0.0864591717955155,-0.357513015489488,1.07016205735966,0.411170984909051,0.0539600113846116,-10.2792793202917,2.61282996115025,0.849792846656378,0.403497710405738,0.0930083588788392,-0.214093079383539,-0.0862896099408453,-0.164237649476651,-0.300641979553622,-0.395528068165834,-0.218288068642957,-0.100716979181508,-0.216956555462035,0.0638669103288235,-0.0682967324687178,-0.115716286913747,-0.145505184013186,0.0127995467519784,0.159410879875006,0.0171668669074477,-0.00130423920677277,0.0589170100295644,0.00882447917402983,-0.0697941599380202,-0.0337127583388806,0,0,0,0,0.0209766135956921,0.112686740107417,0.199547733270394,0.249246887602719,0.132406998327968,-0.192780816949026,0.331472525403677,1.65579257048126,-0.922869083930109,0.876698490167198,-1.06931384290715,0.349448209664992,0.24775601702217,1.10413732508559,-0.401988986425028,1.54525822987479,1.60532756849983,1.06473626360052,-1.96238506794807,-2.76684650698215,1.47018613178397,0.0525228508788915,-0.533577473439471,-0.513900338938166,-0.504824774738894,-0.49173700314808,-0.434374894282193,-0.489583279004841,-0.496378679378852,-0.454426931860464,-0.367872182232869,-0.360612099537437,-0.321601171891443,-0.341089441369228
67.5,0,0.0503768891609969,0.16794600354709,1.3447284797927,0.072866793184186,0.0853952692988943,-0.345181943359151,1.10805353501054,0.534358437861945,0.0682090563611673,-10.5198668767692,2.59641078987864,1.12224776709728,0.485186268921705,0.0952533824476909,-0.0371611047173006,-0.0434276705300283,-0.0387492585435582,-0.329373112678836,-0.383567984150931,-0.176222198066172,-0.0600563420463957,-0.0670607188476723,0.085175198871403,-0.0408242982755153,-0.00778565472278931,-0.140430094979252,-0.0337000909599504,0.0193287881554899,0.0130108264491663,0.0399144711496277,-0.0223327371881329,-0.0125744046026207,-0.0404945185171263,-0.0437753998778439,0,0,0,0,0.0206076185341024,0.108378710200251,0.190347223657693,0.231995763218133,0.103183587302928,-0.208370543715513,0.350735728687488,1.66749644005239,-1.01500092069278,0.926008598320078,-0.990729752282597,0.765872518895092,0.317009128197022,1.07219084358607,-0.295857668753669,1.53079688769796,1.48370862148003,1.02700614369402,-2.23805109581628,-2.94749437240992,1.55807824137868,0.0417097941141095,-0.545382238361277,-0.512878652311832,-0.509453629175991,-0.492764226786405,-0.438959431706747,-0.499170801251918,-0.495602602606192,-0.450854362371015,-0.371027387634328,-0.352757232589379,-0.31061620521963,-0.33234429743516
62,0,0.0465221295886585,0.155095042013118,1.2418319916211,0.067291141864497,0.0843313668022732,-0.342678989698319,1.01307058926628,0.558677154953391,0.0815018272831835,-10.1821422890275,2.68379375898546,1.38244934467963,0.55834847509609,0.136050235380429,0.100393536895811,-0.00340868822770902,0.0410160147044291,-0.102497433959817,-0.157618757083846,-0.0952815766702101,-0.132304735296231,-0.00473112075840547,0.0842017656787404,0.053592708566523,0.106741327550068,-0.109810618717173,0.00460478215234651,-0.103025754510427,0.0833628802159094,0.0176822922397461,0.0257919084746002,0.0378450323925806,-0.129937258351676,-0.0562915723581515,0,0,0,0,0.0202382186512692,0.103444897248734,0.179465765454726,0.211710103697873,0.0690208986111879,-0.229717871168661,0.364457778521152,1.67791907226395,-1.06846204976469,0.974974456528608,-0.693821833878607,0.962058948063104,0.384795701344504,1.02732042331739,-0.144049494856233,1.52517580216456,1.43424420298089,1.00770079031175,-2.54679116296326,-3.08567900449436,1.65802360369216,0.0323128852515145,-0.557740241671964,-0.512809625746184,-0.512381646712297,-0.497694234405793,-0.445418120803586,-0.505286906625305,-0.494939638379684,-0.451055476690481,-0.375591729438959,-0.342106321548443,-0.298459373616285,-0.323716635707715
86.5,0,0.0426673700163202,0.142244080479147,1.13893550344949,0.061715490544808,0.0832674643056521,-0.355943459393974,1.74402511367561,0.557149476470526,0.0891097251480245,-10.2334294619785,2.72685963558395,1.48015525593278,0.560427585795825,0.0542073483028478,-0.00606674642699462,0.00334425398077417,-0.127260422373825,-0.210001917049327,-0.301947777323275,-0.115501407575696,0.00929049882336475,-0.0527679665194918,0.114985265645035,0.0560584848529917,-0.0230798440771607,-0.185744662253913,0.0501474564979919,0.0934005457774143,-0.0201768311505605,-0.0647247829226188,0.0662233955324479,0.0423508460929744,-0.078635096328954,-0.0215763064902764,0,0,0,0,0.0196543273911492,0.097315892330209,0.16576357195914,0.186996211671592,0.0306331410570793,-0.254796820980492,0.373578932738794,1.68387992356721,-1.17390713718178,1.01590748933152,0.262649755792007,1.05969927817769,0.454102394809372,0.989648526366188,0.0604784143215368,1.5332878449988,1.42924820096504,0.989405047514365,-2.86238332778884,3.12914972542313,1.8026727072127,0.0230579886787199,-0.570968368951685,-0.515200175903562,-0.51844740168238,-0.511524593507113,-0.458392455597774,-0.509390062208759,-0.492380293332066,-0.444943726559863,-0.377525277014157,-0.334472790513199,-0.289503827456551,-0.314289862700292
154.5,0,0.0388126104439818,0.129393118945175,1.03603901527788,0.0561398392251189,0.082203561809031,-0.360090940637704,1.94033081947393,0.351463540695025,0.0905957496145645,-9.68451371495259,2.96421132199893,1.31059265267689,0.393844459826373,-0.217450288474298,-0.141084366971165,-0.120629818951924,-0.114277565967289,-0.128227520784856,-0.228692372619152,-0.0981023710825869,0.359972300839382,-0.14809416892419,-0.117348638895908,-0.0123328554074905,0.0342363849097735,-0.199237878923964,0.10942083393747,0.213279521153702,-0.0436612457810907,-0.137726217760764,0.0997436221155514,0.043537823304395,-0.136829208488246,0.0821372128783275,0,0,0,0,0.0188503060069408,0.0902408278945109,0.14979531425557,0.159000839913874,-0.0105898071144774,-0.284295539809608,0.376573882455875,1.69226088398075,-2.47778590082773,1.04405793209488,1.17200100533331,1.13473497187957,0.530577444113918,0.970559263285076,0.266183874904359,1.55471976058839,1.44130788851655,0.975202141081899,-3.13020017103685,3.09550599814328,1.95185970602439,0.0131876454963827,-0.588025414236164,-0.522420601930881,-0.529553976455679,-0.528628879740316,-0.473468762374193,-0.510824639234037,-0.48726646000373,-0.437491181089349,-0.38012776354636,-0.333086722394626,-0.280478668673175,-0.303470250050537
157,0,0.0349578508716434,0.116542157411204,0.933142527106272,0.0505641879054299,0.0811396593124099,-0.390869331424285,1.04993438944049,0.214878353168275,0.0839834600424117,-9.64925071248661,2.9883899889347,0.855570059628091,0.129338745489432,-0.283121740617029,-0.133348942538548,-0.090832212596844,-0.395558183180781,-0.107223359591751,-0.283648115529886,-0.0818750787603054,0.484088889516508,-0.254489186769416,-0.29782692401116,0.0399965071094997,-0.199973124390158,-0.181273908855964,0.029200562239864,0.124871087924617,-0.0802460141944783,-0.0581977152792934,0.130616510661433,0.0576533838663728,-0.161660580773464,-0.0373405706849248,0,0,0,0,0.0180454361438991,0.0832500288436436,0.134122172811197,0.1317480740255,-0.0519413771209049,-0.31791869376978,0.376288260713761,1.71040265663497,2.40878111796102,1.06895923578414,1.46505793955613,1.20994251277355,0.613735562121732,0.960559926275749,0.430219703342837,1.58475353815728,1.42297891402143,0.965304492066704,2.94342521810425,3.08160474025905,2.03588687004597,0.00324935139378004,-0.609426966046424,-0.535371430090007,-0.54510945158882,-0.548512882918349,-0.490151939498281,-0.507226136191214,-0.482640078325517,-0.431657018613184,-0.386082710556777,-0.334858288330099,-0.269807623348705,-0.288822612983627
122,0,0.0311030912993051,0.103691195877232,0.830246038934664,0.0449885365857409,0.0800757568157887,-0.478378714506682,1.14680150145293,0.417009146544152,0.124835114331525,-9.42414355002665,3.09588765284584,0.568584822269151,0.0384903458186639,-0.0867397660299909,-0.148750154893101,-0.145539484560405,-0.542395834036255,0.0109405849411476,-0.204299647302455,-0.0638872290191616,0.44646769058555,-0.312250142444736,-0.36517625224182,0.182576423080701,-0.261385050434604,-0.158128461973171,-0.0222881996827517,0.0745203159461221,0.0176822427062368,-0.0327041161230533,0.108536178249927,0.0874899386883768,-0.159843906249778,-0.0599393393311519,0,0,0,0,0.0172397175026897,0.0765348892662824,0.119524474328407,0.106692287175109,-0.0901693625396123,-0.349663071910759,0.384728267190378,1.73545671780539,2.30958854549081,1.09516286716706,1.61715166921239,1.28358909409456,0.702932062634025,0.951265324794601,0.550946383517382,1.62051775107518,1.39355939667742,0.956931783499304,2.75520340206761,3.08449610065477,2.07983152870733,-0.00337420082311297,-0.629069092013666,-0.547342399048621,-0.563728988160434,-0.569670429888088,-0.505748582091932,-0.501610951002653,-0.481652847345451,-0.424354394426704,-0.386991795978449,-0.334480304540598,-0.262619407323796,-0.276179329188277
122,0,0.0272483317269667,0.0908402343432607,0.727349550763055,0.0394128852660518,0.0790118543191676,-0.535109706802497,2.03721749732528,0.564619895538216,0.266202017198376,-8.94173352257313,3.27016507392127,0.525544695180443,0.0244276099130257,0.171628028226114,-0.209837625747648,-0.182090495764291,-0.522192056306298,0.197789702536705,-0.0833167444354538,0.0342790011387765,0.396202883734754,-0.343494587066455,-0.321259587889747,0.362520778553548,-0.296105486109534,-0.126113584807688,-0.0277445793259082,0.0081275000967517,0.12743683022179,0.011065709275027,0.109519116960176,0.13755721305304,-0.130348634257317,-0.0463128499770952,0,0,0,0,0.0164331497877548,0.0701229184844524,0.106008811162897,0.0837408890185627,-0.125187752028314,-0.376984990301813,0.398832363138919,1.7557814724409,2.36070849439727,1.11830261112768,1.66639953127654,1.34969139049457,0.794852307715385,0.940237731030574,0.671279060171049,1.65771187750341,1.38158078687643,0.946383637976476,2.61782398661953,3.08004618268238,2.11446330311517,-0.00933902048124659,-0.647892265599923,-0.550034568259825,-0.574570180107024,-0.587539487421173,-0.515029580452106,-0.491298500670814,-0.481400390824949,-0.417038635856117,-0.381022736271333,-0.332126713426353,-0.261528136434668,-0.269963166544846
94,0,0.0233935721546284,0.0779892728092893,0.624453062591447,0.0338372339463628,0.0779479518225465,-0.535109706802497,1.90356934216371,0.460815506737597,0.404009154621626,-8.8874301032089,3.15812772823614,0.453697311725542,0.00931847038083368,0.353438279802264,-0.164571066581752,-0.300252577913099,-0.555614365279197,0.393724969931933,-0.0750125788209288,0.0364018105365767,0.183807513649286,-0.333257544358834,-0.18991633417531,0.355244267558735,-0.328562866825491,-0.193647438461775,-0.031929026938486,0.0573160892711956,0.131347695536271,0.131954640295968,-0.101844046211714,0.187183596377705,-0.0139180425531165,-0.0785453841938623,0,0,0,0,0.0156257327073319,0.0637536760402521,0.092696526218834,0.0613804006520261,-0.159573770110402,-0.403004596069288,0.420814631044783,1.78122348331021,2.3632138177383,1.14365004152047,1.68830590911385,1.40998330814272,0.895904729702428,0.935784034247292,0.801485199496557,1.69793419221282,1.40013570490178,0.944048501356395,2.46435062678173,3.06342451383734,2.16339229620883,-0.018662609985446,-0.665021256294721,-0.544125693376148,-0.571259230995158,-0.595215461909041,-0.515318844577744,-0.473320844849451,-0.479768175615602,-0.410095525977342,-0.377881639812453,-0.33210973347828,-0.26764827278918,-0.27139310355753
65.5,0,0.01953881258229,0.0651383112753179,0.521556574419839,0.0282615826266738,0.0768840493259254,-0.536430330644516,1.05143518793267,0.343942580772039,0.354988780434005,-9.10201499525559,2.99531310308162,0.453535012738223,0.18410379397319,0.418990508057332,-0.112027332495757,-0.427304809420468,-0.429273295467859,0.323220570883744,0.0308848803833749,-0.00155592115480244,0.105055820426434,-0.264436512293882,-0.047047064530434,0.200624096602127,-0.451001065911417,-0.112527700468368,0.000458035819051095,0.030768148482629,0.167231850694883,0.0969086381315525,-0.172251223990105,0.247328671558946,0.0782360067877157,-0.191758079236179,0,0,0,0,0.0148174659734739,0.0574819452370275,0.0795359029116847,0.0397000237727961,-0.192245329715781,-0.42725402948138,0.458189566891498,1.82257463725994,2.37938911260026,1.17331881184451,1.70158703791443,1.45515456418931,1.00269952233761,0.935898243139621,0.938764176144388,1.74073962320058,1.44417196547144,0.954806554263147,2.35335561401611,3.01846871566092,2.21484788017899,-0.0286047287273887,-0.676338288319297,-0.534370940982931,-0.563156517351843,-0.596573725261018,-0.508909651434164,-0.454016187669522,-0.482828554164173,-0.409091374814567,-0.378964941458586,-0.331179296614816,-0.276846355946322,-0.27608325307638
102,0,0.0156840530099517,0.0522873497413464,0.418660086248231,0.0226859313069847,0.0758201468293042,-0.540172385243522,0.925952951832098,0.40012706460455,0.254504865118428,-9.36132173901697,3.01082887634865,0.494786094592542,0.430811895592383,0.484751745951896,-0.0631317632944682,-0.475172148361364,-0.378772277575531,0.260715344638423,0.144525006180967,-0.160781803835196,0.0646297031779025,-0.317610543098676,0.0573598602592265,0.0884708717694757,-0.497081178254059,0.025122086910895,0.126474131379782,-0.0241796854172364,0.162302702595283,-0.0377268462032463,-0.0915016082615825,0.27242432972521,0.0338315294872123,-0.124171583939586,0,0,0,0,0.0140083493020677,0.051494750148341,0.0671150555173969,0.0196195851931353,-0.221468904276119,-0.445631869872445,0.509170914321182,1.86881561585993,2.40040799839328,1.20282241796788,1.70392921837375,1.4925553662612,1.10478110727114,0.937359060511454,1.06630005902592,1.77899862787026,1.49906655721805,0.976988003995004,2.29534631702957,3.0060121642921,2.26123777788939,-0.0404453743185963,-0.685477556515651,-0.519468084177701,-0.558023754191038,-0.601212447158641,-0.501263316438934,-0.437382155047589,-0.490739557684877,-0.412374502028698,-0.378800289436261,-0.331051335974025,-0.28712486673388,-0.279141236735006
126,0,0.0118292934376133,0.0394363882073749,0.315763598076623,0.0171102799872957,0.0747562443326831,-0.533415276041691,1.48858970708388,0.435528343760185,0.327660788748597,-9.92308047908631,2.8845020356791,0.572912330034462,0.397905613301904,0.345662647819492,-0.127834024738555,-0.559887577521704,-0.404448178717486,0.177066782051274,-0.0248287304652967,-0.129025099730975,-0.0167352725188295,-0.392848590755406,0.052766090069875,0.0836098879371128,-0.553595343130247,-0.144960710948652,0.0518925144653579,-0.0206677795217532,0.0771644903209372,-0.00643881542542574,-0.00839602000982039,0.212527921453475,0.0105068527972318,-0.110569295995857,0,0,0,0,0.0131983824128539,0.0455108098620568,0.0547437830729367,-0.000141791784720738,-0.249911161468565,-0.464359506036884,0.557763984683554,1.90950872249128,2.4228361449781,1.23203186990841,1.70734597760219,1.52295396380134,1.20490373442244,0.939442506139514,1.16916469989112,1.8125767166628,1.5484891901522,1.00882415744036,2.24128271659343,3.03580832295915,2.31283440054812,-0.0445188845302509,-0.677574977257338,-0.48572829960206,-0.539635236891966,-0.591257082815971,-0.477893968271664,-0.413759804302266,-0.493705426683444,-0.407845952305086,-0.369591710427361,-0.330452815264787,-0.2970763804519,-0.28481551772114
113.5,0,0.00797453386527497,0.0265854266734035,0.212867109905014,0.0115346286676067,0.073692341836062,-0.521753734894529,1.31781991342633,0.570090765524956,0.46263155288354,-9.94368118542421,2.93488397963794,0.677350076395682,0.556993351462359,0.217327585195365,-0.247319071413102,-0.539867429095734,-0.437647073691364,0.154598185038545,-0.0775845368455008,-0.131394510732692,0.00344634253327372,-0.399979142182046,0.0861253638395666,0.138589866582853,-0.509364550026388,-0.126795477687532,0.0754567030063242,0.0482222446775311,0.120731634484552,-0.0762357304724751,-0.0504318844426352,0.126169042795854,-0.0226834147291104,-0.0681661016090177,0,0,0,0,0.0123875650294458,0.0395121502152113,0.0423816490933219,-0.0196504290788912,-0.279579513643352,-0.489467980200188,0.593390130705923,1.94112642911084,2.43482435216966,1.25768070680471,1.71140744933807,1.54998415093027,1.30048478385376,0.940248137379057,1.24548600749626,1.84186246112844,1.58463722562031,1.04268569384229,2.20495094031386,3.08199417787223,2.35893509012703,-0.0420137354047532,-0.660523534081686,-0.445176561669877,-0.510249906304631,-0.566178353209682,-0.441025071300654,-0.38352438408367,-0.494230061212889,-0.40237621522155,-0.354515840359417,-0.323474097114001,-0.307866915521548,-0.29219868798786
83,0,0.00411977429293661,0.013734465139432,0.109970621733406,0.00595897734791764,0.0726284393394409,-0.508372443005344,1.60404392184772,0.485324970859716,0.53137816253521,-9.86481259590933,2.95546368027366,0.682406512183878,0.666536898315418,0.150990476012785,-0.320459858611412,-0.52500548331742,-0.464439446812791,0.198350819275625,-0.00635712786148756,-0.1958918568128,0.041061299226859,-0.37894968063333,0.127324354639419,0.116382926563784,-0.489915301760132,-0.026331338431409,0.0966808608784407,0.0166862792184554,0.105868176947472,-0.0714726959074424,0.027060453519421,0.0770907180619546,-0.085616874393918,-0.070780681673096,0,0,0,0,0.0115758968793494,0.033366366464028,0.0296496595632827,-0.0395590140728925,-0.310433748410391,-0.516733661279113,0.623203839229308,1.96718041022036,2.43831705884612,1.28002113248419,1.71273151240931,1.57306838418332,1.38851646168162,0.937494138114937,1.29823021142089,1.86472196472265,1.61507317143307,1.07272027667637,2.18098733434122,-3.12773245589818,2.39223227921382,-0.0483580381700914,-0.652434588100548,-0.414619955881412,-0.486037699048004,-0.543359465445468,-0.410345464394993,-0.35815036207669,-0.499945773561725,-0.402038144875859,-0.341465926144311,-0.312979412801793,-0.324068932073185,-0.300970697861871
52,1,0.000265014720598253,0.00088350360546051,0.00707413356179784,0.000383326028228609,0.0715645368428197,-0.494670038408076,1.61980462707627,0.281430827032318,0.517898623340773,-9.79745236766962,2.97914782989071,0.693856391999274,0.63157971304386,0.0923418569083082,-0.374814464275446,-0.599541690683054,-0.493537454329333,0.246988290815925,0.0131561614232309,-0.268632506423677,0.0150967168323658,-0.302910933185344,0.157102118881509,0.136298565950544,-0.504713760430762,-0.0201931161783647,0.0812787111609398,-0.0621261688368703,0.114638338566719,-0.00556386258234626,0.089736495757051,0.0452700235572649,-0.225368627862746,0.00510003255204127,0,0,0,0,0.0109004409263387,0.0276584016103017,0.017552978637458,-0.0583852769816507,-0.337885804453661,-0.539224774293992,0.645102692485605,1.99407971016574,2.43690265208351,1.29647267960437,1.71192242293022,1.58664124261713,1.46972611416674,0.929088983030613,1.33362200070177,1.88378970147257,1.64715470632726,1.09374610754305,2.14687205257602,-3.06194512655925,2.4161067031042,-0.0619099108866705,-0.645892849196014,-0.388632379852715,-0.465793341015214,-0.523997476913277,-0.386202401151025,-0.339470532772599,-0.507823664417284,-0.403967437671478,-0.32741715708959,-0.300721019361368,-0.340617504622143,-0.310610049561681
76,1,0.145725651233399,0.448613138686131,-2.92296040260423,0.25158346069801,0.117578010948905,-0.484204213127041,1.09476792393196,0.449641370505307,0.485321684793668,-9.84804188095055,2.92030604084442,0.80248046982202,0.606274108021634,0.0806360317076614,-0.377191742800284,-0.494592934079464,-0.515634810883282,0.285757089290722,-0.0185312323719212,-0.232660538877386,0.0518528664842512,-0.245134798147734,0.157989682587321,0.173598612266881,-0.519104925683074,0.00138517675046543,0.141968813249847,-0.0671937569412984,0.106576306706206,0.0175791446671098,0.102649051812719,0.0808425455889759,-0.255706235873193,0.0716398981956166,0,0,0,0,0.0101613936091669,0.022261600039806,0.00621066193906392,-0.0753612110987047,-0.359229155250976,-0.554715744339157,0.653741564167877,2.02866175494891,2.43988685360025,1.31167294760146,1.70815786348299,1.59665830619922,1.54362377927758,0.920597106549018,1.36125905374459,1.900483363119,1.6774812621302,1.10735301311865,2.10339687374702,-3.01478269720169,2.43082982926335,-0.0826390361402325,-0.642146821831984,-0.365209791326847,-0.448330473825476,-0.509583443221425,-0.366198987371428,-0.326760577802455,-0.511178766423172,-0.409977580012591,-0.315905684191621,-0.286779891692557,-0.352445649074587,-0.318039032555702
99.5,1,0.127756182446681,0.398461784970357,-3.11703667212664,0.169096819457771,0.110010414997597,-0.475768070239358,1.34850481893723,0.604332231837734,0.468986903531186,-9.96205596217618,2.8155155791168,0.946852334119419,0.65989287565074,0.0561578553621754,-0.34117631408222,-0.324696282369293,-0.540497607770035,0.192507185000571,-0.0297889530740891,-0.14845286600641,0.137657034898111,-0.314965878078272,0.116629774395823,0.247452522131129,-0.51333687110786,0.0765226358521992,0.193050031353801,-0.108052178254743,0.0799997589822313,-0.0199034417090871,0.106921645767852,0.10252717312172,-0.241819649372492,0.086419975815385,0,0,0,0,0.00928644336877978,0.0169050709331609,-0.00481689428134478,-0.0909418760366507,-0.375589720096415,-0.561756047438847,0.651631895257344,2.06649642961399,2.43939320791268,1.32535998782406,1.6993245360084,1.60105209316372,1.60774925598431,0.903154730083944,1.38137576036363,1.91130990023621,1.69924710492406,1.11625544530838,2.0452684407695,-2.98302087597427,2.43710035045467,-0.104916935483421,-0.635575456688319,-0.347928233452406,-0.435784488842622,-0.495439079675266,-0.348952677468327,-0.32124829235182,-0.508672135823456,-0.418347689152674,-0.310058886666335,-0.2753969130369,-0.359417075399215,-0.322479075215677
99.5,1,0.123739045012607,0.37786317058469,-2.95725446507423,0.134967977161156,0.110710518384569,-0.466021712879533,1.45673511800652,0.522810401103097,0.437361670843932,-9.72905380723857,2.79825463657363,1.03538705815951,0.757779259724133,0.109100801397876,-0.165154276466794,-0.374426338456936,-0.363325497012526,0.160490463052116,-0.0175378131090325,-0.14181509134743,0.168751084052291,-0.287976827017434,0.152032143879166,0.135482721686461,-0.434126227805806,0.134259925650917,0.149095748059912,-0.244341729820151,0.0785706308302558,-0.0415549213615885,0.16861191215812,0.109933555697762,-0.164235081229076,0.0985246724643365,0,0,0,0,0.00854839119616676,0.0122343993136522,-0.0145762099990457,-0.104062007156229,-0.3881948014837,-0.56269459350266,0.637704892355432,2.10423034907638,2.43266067191623,1.3344223280188,1.68425277329675,1.60057099643729,1.6611201061441,0.876764078205523,1.394551356077,1.91547318289643,1.71203343245267,1.1195458799853,1.99549794898125,-2.95466821844161,2.43996312730455,-0.116935594926843,-0.622449985440615,-0.337541668219106,-0.428851079298462,-0.480154287574088,-0.338933100094118,-0.325274332780743,-0.505219244947614,-0.427750833300652,-0.30660303459995,-0.267864343930828,-0.361848534555943,-0.320417458028167
100,1,0.1128720621513,0.356875,-2.27812345321421,0.136804801792365,0.11659375,-0.458419780626419,1.39614585103381,0.497875605680239,0.422769264323625,-9.6158291454792,2.6709169260707,0.974478081035436,0.680543560826314,0.114084235300344,-0.199702023579195,-0.536443464689816,-0.440510451582036,0.128374067884834,-0.0204237870643232,-0.316949835062958,-0.0401918876733892,-0.392883167450178,0.284798922421529,0.23880226716493,-0.329405822086644,0.064438116334565,0.119263721711166,-0.100231050699671,0.0707425429879761,-0.0639715091461562,0.108014230342037,0.0234108508990557,-0.0743287389677404,0.0367702236396273,0,0,0,0,0.00787368116090256,0.00791131146655779,-0.0236878001051763,-0.115600581362894,-0.397776717556491,-0.556216935891173,0.62846536546288,2.15021958132901,2.4242405166375,1.34453924658801,1.66939857240618,1.59586887321784,1.71609241518336,0.851803414849906,1.39978222741388,1.91555896860705,1.71859674970974,1.11671238890012,1.9646530858467,-2.92813208824417,2.45473999819977,-0.124373419536347,-0.610995304964166,-0.329365322185879,-0.421322585258049,-0.464449366986929,-0.336664492986344,-0.331783578448054,-0.497207052157104,-0.43397034940247,-0.306866954632461,-0.265031850957994,-0.363649854930642,-0.315531328801538
75.5,1,0.158092663491052,0.349688049051597,-2.52579712714137,0.12930650280842,0.115350138047259,-0.485722438123675,1.09244724599996,0.515964189883774,0.476318680857114,-10.2254039986949,2.42835980011068,0.905975770963684,0.608582409641066,0.000638529330030609,-0.148597748907328,-0.413715320971366,-0.447608687247286,-0.124170873629602,-0.104080525795891,-0.2780316269278,-0.0649010121773882,-0.2806832478745,0.198163022728191,0.104908839143577,-0.272132715133759,0.0831991360956774,0.134380950454295,-0.132978360931248,0.0670526756027638,0.0412687812390741,0.183615887989561,0.132230403112505,-0.205729960138955,0.0233534308359961,0,0,0,0,0.00719829471439684,0.00357520733338552,-0.0328133875074637,-0.126481280815721,-0.404824717008669,-0.540813635665962,0.634132876269033,2.21280870918102,2.41540494049316,1.3574308257391,1.65531615678077,1.59019718296521,1.77362835847622,0.827672975423226,1.3949624354562,1.91496772889045,1.7211331891934,1.10348190206401,1.92174738818045,-2.89798315816997,2.47719575759738,-0.129832346172919,-0.600359316360183,-0.32784583352073,-0.413378619172789,-0.447259762679423,-0.337878765225922,-0.334829224406208,-0.483848671732212,-0.439083876050543,-0.311572476653303,-0.266076571333042,-0.361487375990875,-0.311826554030046
51,1,0.161174376288648,0.341369357094195,-2.14975331812759,0.11534254098836,0.123353293413174,-0.513884145050096,1.39398924973702,0.407568495822649,0.561947138804673,-10.6025328617095,2.09437064363719,1.10563588848419,0.603356267936697,0.124860347887073,-0.0403652536444783,-0.199427104789405,-0.392427326268061,-0.0494059368709511,-0.109110277258645,-0.224819712046885,-0.0244278627201634,-0.0810694177643693,0.119469634069528,0.0297281367738769,-0.144010549962926,0.0633261667037936,0.0486959501556687,-0.0138403359170778,0.129117336347948,-0.0249756729265785,-0.0411353028722543,-0.0308091422105162,0.0352644595645614,0.0509128174700484,0,0,0,0,0.00548393060516725,-0.00246020850642273,-0.042717045531019,-0.136614721192872,-0.409539545489218,-0.523110436000252,0.636420822641249,2.28547845312648,2.40842990267263,1.3725119377465,1.64365287601186,1.58576020469365,1.82298087037472,0.799986728466769,1.39152537641997,1.91595053172069,1.72411177006196,1.08619524513085,1.86961254226135,-2.86451152050195,2.49616271803676,-0.135331940170881,-0.595989786314948,-0.335832880058401,-0.407263969606151,-0.43122115418739,-0.342315561327558,-0.339608596436996,-0.470499733290451,-0.446651853368711,-0.320661813770814,-0.267236504111256,-0.354755219706845,-0.307847045625265
51,1,0.145484513710795,0.389091803048395,-5.39651854539607,0.167994957183851,0.105776159457295,-0.509378016077271,1.34073318088371,0.422623743926881,0.608166829542498,-10.5019882624076,2.08953999275366,1.15706457281531,0.560457528297129,0.234001275179044,0.198258177717038,-0.0148536500152568,-0.173944887753787,0.0471115744574407,0.0539762348622249,-0.165450329802938,-0.0447442856070777,-0.0634857498479527,0.106767272775634,-0.0250882030786981,-0.162033917994561,-0.0136238797625477,0.0436737103737128,0.0222456502747324,0.0251673255052351,-0.0565641747597142,-0.00785363601919088,0.0382250895588811,0.0247330741274044,-0.0331142083461238,0,0,0,0,0.00326483276764759,-0.00894276022485004,-0.0514948637389931,-0.143998462771143,-0.409991814104918,-0.50647870415092,0.617385748891493,2.36796729858409,2.4093907318604,1.39290728374715,1.64141797486307,1.58368883299659,1.87489374939911,0.770873564683916,1.39455628997068,1.92012505418537,1.73287780280159,1.07745417311035,1.8329441052704,-2.82370231256214,2.51108129793325,-0.140723558921459,-0.598111774717922,-0.350643096594783,-0.405259303116481,-0.419047944444037,-0.349438026960856,-0.351105417334551,-0.459282853559788,-0.451442655637965,-0.331582455019114,-0.271623815036276,-0.348916671906799,-0.303320985457521
51.5,1,0.139181366623406,0.372234319027885,-5.16271324692237,0.160716540409029,0.10562385406107,-0.502121053132973,0.949453116388835,0.527046333335365,0.631953548516257,-10.664253448325,2.02885203308802,1.14569883707077,0.473305910308667,0.119214180257988,0.15224674497172,-0.0905169451188321,-0.0463610338325869,0.12046538081513,0.0604943547247249,-0.193232865386463,-0.00316454096243618,-0.0511678265805545,0.138528019004932,0.0171738416223218,-0.19649168145434,-0.121286752103238,0.0197090649062829,0.00613229190713732,0.19001805378092,-0.105272065239914,-0.00446428454090458,0.09678811458834,-0.0562922210495305,-0.120289081424437,0,0,0,0,0.00200645579278472,-0.0127298786600907,-0.05600765267977,-0.146123624321099,-0.404675333262504,-0.492712836791034,0.55907637379978,2.46661314951057,2.42558707056312,1.41969416717019,1.65006779193137,1.58378002431027,1.93802766587665,0.748839579924575,1.40086906289414,1.93005314820457,1.75235142511598,1.07976244436581,1.81639285701767,-2.78070094075785,2.52238604812579,-0.134938495003321,-0.597947905309892,-0.371449149390788,-0.41021676029128,-0.413435403039195,-0.361451182597134,-0.365943720033943,-0.449403101816458,-0.452474259653512,-0.340496563367025,-0.280725097823159,-0.342140917726058,-0.298572552735193
52,0,0.132878219536017,0.355376835007375,-4.92890794844867,0.153438123634208,0.105471548664846,-0.498542621964139,0.958122875339241,0.586463284513207,0.651370905899831,-10.4688526409984,1.71685953176872,0.932071070791633,0.492512201358828,0.238162253180794,0.17790239764197,-0.0404822061799593,0.0956619999250389,-0.0584529815315247,-0.059321989676935,-0.124377432442657,0.0603902050678594,0.0721113319114562,0.100804169662292,-0.0864236056580131,0.00466631147239308,-0.0683523927218686,0.028371168725545,0.0639754390853049,-0.0173041949539046,-0.0451545607831613,0.0757373633096534,0.0875757441024595,-0.143008821189376,-0.0552075851211527,0,0,0,0,0.00132641632619716,-0.0141128642751059,-0.0565831973152919,-0.143514940012288,-0.394757463690221,-0.482599000903151,0.440301458900932,2.58351579218119,2.4589088787909,1.45041886722754,1.66465202256882,1.57971497462243,2.00373805351201,0.730871409064271,1.41004366945886,1.9447162607538,1.78239270909972,1.09563760751077,1.80817019258557,-2.7464665149949,2.53143538142231,-0.121092236400873,-0.600387898305029,-0.39768399142223,-0.418929542524929,-0.412009953990563,-0.377253369909379,-0.378759892308599,-0.439918926139699,-0.450832537095808,-0.347776358577208,-0.293684518587798,-0.334147842000151,-0.295229611954686
52.5,0,0.126575072448628,0.338519350986865,-4.69510264997497,0.146159706859386,0.105319243268622,-0.494119822436881,0.97180429170877,0.611729289298602,0.64500227082757,-10.5769644624752,1.25353812861331,1.22321537315715,0.424300167003934,0.189462180875084,0.105146214899435,-0.0926606260838394,0.0192085936491142,-0.127359212391977,-0.0397036295612755,-0.196815309408146,0.0461133605655088,0.183384580326475,0.136012382030729,-0.02541855640663,0.0234023789981785,-0.00938378419050133,0.113527930998489,0.00234480571688718,0.0235739670149901,0.0469505248276276,0.0800340052335186,0.13544985974069,-0.0628752120517417,-0.0576588956568985,0,0,0,0,0.000851754990022958,-0.0147929433509095,-0.0561912170240829,-0.139647230260711,-0.382337418347616,-0.474353952250261,0.226199795186273,2.72220826440774,2.50773197688716,1.4816854159022,1.68071887323191,1.56425087836735,2.06830848257085,0.71254637545686,1.41990935142362,1.96429217151845,1.81895362047773,1.11584793815006,1.78834096437908,-2.71959458199889,2.53717398864789,-0.100754492718594,-0.603470988887622,-0.427896728644856,-0.429153261241347,-0.410968866831959,-0.394142751555996,-0.389652511333528,-0.436864980059318,-0.449045382568867,-0.354981086147877,-0.309976583167694,-0.325787419163048,-0.29349503964442
78.5,0,0.120271925361239,0.321661866966355,-4.46129735150127,0.138881290084564,0.105166937872397,-0.493973003759169,0.848958463467231,0.486685673600851,0.622502333758343,-10.4346216875655,0.553767841522139,1.41744087178554,0.419691528403298,0.150000171694346,0.171111254998896,-0.0887760766414438,0.0563818507235241,-0.133513271778871,-0.052217323343875,-0.24039359017649,-0.00860674004553614,0.0985134410764028,0.167987752806515,-0.0248399484178463,-0.105552261427923,-0.0808734985925455,0.0866137586771079,0.0334238236257749,0.169616110017315,0.0677461530354949,0.0935391557675541,0.124572539853916,-0.10235405390113,-0.0492398029800101,0,0,0,0,0.000426817731778276,-0.0156828956680327,-0.0562530852766485,-0.1358305472857,-0.367163671395943,-0.467471820917612,-0.127584126224703,2.89293927480549,2.5726006296865,1.51380972195676,1.69612922029541,1.54192735185313,2.13159833941509,0.701116702061364,1.43165814411302,1.98960435109286,1.86131826069664,1.12962134218266,1.76200887361706,-2.69089814092,2.53952302120301,-0.0753737874242896,-0.606017756422608,-0.457668715709068,-0.441182786982611,-0.412085909456829,-0.413862197318554,-0.402646755040842,-0.442363023423122,-0.450809784667133,-0.361578724039031,-0.32302569943117,-0.315989842092129,-0.292745494332829
104,0,0.11396877827385,0.304804382945845,-4.22749205302757,0.131602873309743,0.105014632476173,-0.495192344378557,0.788234729949305,0.502232238901622,0.617633764348411,-9.75170510590775,-0.122523027439046,1.57295385149123,0.463929446873353,0.00884874071950298,0.346652356837365,-0.101502032142082,0.0460623142735811,-0.0102169376387464,-0.0799377154586456,-0.246869451563532,0.0723131523483258,0.141835589037302,0.179398810464165,0.0561313375310914,-0.045772472288192,-0.018071373896361,0.0553524249311326,-0.0134116019342256,-0.0321882408916722,0.00449394408936927,-0.0647935119011134,0.101943126291896,0.0120335863643659,-0.0273157952951704,0,0,0,0,3.35900061863308e-05,-0.0163207088300202,-0.0557729834787506,-0.130917853196851,-0.348594944588879,-0.456898380446216,-0.476594201482553,3.07300491000616,2.63376350854553,1.54177604421636,1.7081034408351,1.5136846362804,2.19136524711975,0.690475029599041,1.44533507813516,2.01899661378293,1.90501775231225,1.138540441947,1.750113555065,-2.68029309509252,2.53395852639188,-0.0560317964350358,-0.616428217180213,-0.487994533692145,-0.45682604160072,-0.41915625418667,-0.431189527572859,-0.414093292702809,-0.448230046462064,-0.45082490760376,-0.364591655418083,-0.332558581188749,-0.308072256833385,-0.294811082133927
104,0,0.107665631186461,0.287946898925335,-3.99368675455387,0.124324456534921,0.104862327079949,-0.500523208439323,1.21223946478788,0.588176346167451,0.5912287293794,-8.63792654296445,-0.264515407777208,0.805298480995262,-0.31204051464838,-0.130516966507569,0.0147767774697311,-0.289154949622307,0.0130139374450837,0.0599190731790468,0.0196581143337609,-0.0757963835215248,0.141131016929855,0.0888142004632692,0.244476812242054,0.0510465117332595,0.0717245820901277,-0.0696028006143838,0.0134039764845686,0.0123424510649945,-0.00461257733565649,-0.015636850776386,-0.0387881485606096,0.0625608162158259,-0.0497596939632085,-0.0117813200253684,0,0,0,0,-0.000359174319341442,-0.0166508776699852,-0.054539122731753,-0.124674417972165,-0.327305261706696,-0.438535520086515,-0.670016991898909,-3.04913848151914,2.68635104986763,1.56262953212646,1.71681716504416,1.46981221739858,2.2433602285086,0.672098715165194,1.45826811312048,2.05036904846908,1.94900828996298,1.14811011715468,1.74311661457619,-2.70076532547646,2.52468485683405,-0.0431554873711657,-0.636490242221168,-0.525770934971361,-0.481309043536884,-0.435768134769625,-0.445575741668225,-0.425777551303214,-0.453721486329674,-0.448649740599849,-0.365239350870881,-0.338406940351438,-0.300420381313407,-0.295724583770239
104,0,0.101362484099072,0.271089414904825,-3.75988145608017,0.1170460397601,0.104710021683724,-0.497614517147519,1.3751279915388,0.528609524018392,0.428524555107592,-8.53894825460011,-0.790816551339269,1.03327512147934,-0.139168152281587,0.0772986520846267,0.211406564362833,-0.201335157643875,0.0563859702104999,0.0505231338584037,0.0368439281888494,-0.136881196087711,0.137857800119967,0.0445847162710669,0.266165831256364,0.0728185372164892,0.0364178596713458,-0.0801031914525402,0.0111796863456095,-0.0565688567401694,0.0950535210712223,0.0232655220330702,0.0358178119010181,0.0279430468383758,-0.0587797210727471,-0.0614418708543992,0,0,0,0,-0.000644190601407215,-0.016115279695401,-0.0516599636422446,-0.116381202362919,-0.304631597511783,-0.41816773413622,-0.761906654958798,-2.8977304755564,2.74458275765917,1.58761411281599,1.72875436966314,1.41038304905355,2.29719269937342,0.643793379678017,1.47093280215451,2.07647176874885,1.99293698233146,1.15358156000234,1.73598680564004,-2.72396763459558,2.52757162220024,-0.0398567112476967,-0.676052709549119,-0.581714307372433,-0.519337462195818,-0.466807413779823,-0.47054752680384,-0.453118106173872,-0.46567850722431,-0.44674638453177,-0.368499274523658,-0.339829731632272,-0.293628957623005,-0.29143540683828
120.5,0,0.0950593370116836,0.254231930884316,-3.52607615760647,0.109767622985278,0.1045577162875,-0.48584105091026,1.30036927517369,0.500856229233432,0.192956738907795,-8.6462335947596,-1.09443136783944,1.17865511918355,0.0451525347368353,0.0266342543129732,0.256968765183206,-0.106983033925091,0.242970799346476,0.0836661372926811,0.069715092152188,-0.0459936759953406,0.14971247883355,0.155134253747269,0.272788404470197,0.0640402930970099,0.0521247276745481,0.0127558079763624,0.082149414146123,-0.0290868586485297,0.198508993030399,0.130111281447834,-0.0721013611517005,0.0594810437408772,0.0249652167321772,-0.0413697089471992,0,0,0,0,-0.000818872351554291,-0.0145769513648138,-0.0469798951953926,-0.106015761474343,-0.280945096092229,-0.396609077578708,-0.800818608604899,-2.7610543290858,2.79692666924067,1.61954982780031,1.74489588431964,1.33807471055594,2.35272520953936,0.604266131357839,1.48537524803178,2.09381833388918,2.03804492864602,1.14932672370105,1.71952638558115,-2.74556743843234,2.5308558054966,-0.0449434588237048,-0.721845669209267,-0.64534261991324,-0.566648697107308,-0.50579707691591,-0.505923714601471,-0.488406537852742,-0.480469686573919,-0.445920588621602,-0.374770503131286,-0.343072438594228,-0.289410442552699,-0.286453821645544
137,0,0.0887561899242947,0.237374446863806,-3.29227085913277,0.102489206210456,0.104405410891276,-0.462209341529135,0.875128909879654,0.416068929033565,0.0945560151285689,-8.54094668480117,-1.24075006219563,1.09051928442999,0.0731685799928426,-0.152718963385718,0.194692727140843,-0.14225673841642,0.353529586042989,0.165768229051949,0.16105431817542,0.0415031741188969,0.114875866357429,0.169686568928568,0.283798707712695,0.0300545113775272,0.0839986625212355,0.118574256594731,0.0696871146102868,-0.139671415052263,0.113183987377029,0.114316262113875,-0.160712623132241,0.125474702656197,0.0406013184568004,-0.0437074955918116,0,0,0,0,-0.00099335367579298,-0.0127416695766262,-0.0417501490761033,-0.0949048190462411,-0.256254868351499,-0.372419581209197,-0.815884062512641,-2.64161426753748,2.84177653651281,1.66020767645923,1.76130019466576,1.24249414028762,2.39367427653336,0.563691371592527,1.4999239679001,2.10567152195813,2.08645835898987,1.13697579670779,1.68701822828537,-2.77073590704382,2.53774473330965,-0.0503871432462298,-0.759637593706116,-0.698840649880293,-0.615959848028856,-0.545525956654428,-0.545757550552742,-0.520854486986451,-0.495682723695477,-0.453242604623326,-0.387458974147684,-0.351195500260472,-0.284328073003102,-0.286833751945439
138,0,0.0824530428369058,0.220516962843296,-3.05846556065908,0.0952107894356349,0.104253105495051,-0.417605942745067,0.86038648234688,0.448563264022206,0.103142011401499,-8.44620016079822,-1.1274895106518,0.949146918717279,0.219913843443428,-0.188574920233279,0.153697539840206,-0.18781400520568,0.355286920601176,0.164170162528047,0.0760266016224176,0.132695457738872,0.143895536441481,0.185813592170288,0.260694362171431,-0.0742034468987894,0.0371680886214218,0.095965826413666,-0.105856589974233,-0.220911150080691,0.138577875431998,0.120375185801676,-0.181783923047263,0.174609130076718,0.0174273671977198,-0.0406115858948296,0,0,0,0,-0.00116763490826631,-0.0109159931853538,-0.0365679387952156,-0.0838956878556714,-0.231945494158609,-0.348773738168801,-0.824117526158747,-2.53695687720844,2.87838030746934,1.70990050115057,1.77974917351412,1.10210890655547,2.41971052023409,0.532432279672737,1.50892789734306,2.11762633722932,2.13723311352644,1.11810770916479,1.64464705323747,-2.80653389854304,2.56371008234123,-0.0555724603370328,-0.789076117169234,-0.734577815793661,-0.652837374212109,-0.574974113417961,-0.575514711535204,-0.551046376764221,-0.512719296859514,-0.466921439780301,-0.406548550378906,-0.362161051641449,-0.28378993665703,-0.296477697105379
119,0,0.0761498957495169,0.203659478822786,-2.82466026218538,0.0879323726608133,0.104100800098827,-0.31364426919089,1.41513147938773,0.525226456140202,0.098135629311477,-8.03249268876707,-0.628106662210481,0.723724128405234,0.238995387649701,-0.14586763008777,-0.00158954281855075,-0.351875004524454,0.222019810652741,0.00258919258981865,-0.0852213772712444,0.00466427681706538,0.107441778021941,0.152759901088585,0.234442828795562,-0.14100759676253,-0.0529460314024856,0.08000304533471,0.0103767227063413,-0.256490261567841,0.126568893443285,0.135885013362999,-0.171808323370552,0.124963058914192,-0.0601120069065759,0.0148868660808926,0,0,0,0,-0.00116979225453436,-0.0086546700074145,-0.030756533742358,-0.0721971012483374,-0.207416115017301,-0.325720215216122,-0.831022526590315,-2.45069091722435,2.90743049215696,1.75811426820542,1.79965644786653,0.967574037111681,2.43265374845041,0.50514907632516,1.50763094507143,2.12518212367033,2.18290169503399,1.09787783084935,1.60017937718394,-2.84495268739374,2.58676647875769,-0.0493376482663331,-0.791908455159322,-0.740641904641402,-0.66339582761646,-0.584562418983865,-0.584426582061491,-0.567394490900898,-0.520859533191911,-0.47613057702918,-0.422916330787529,-0.364422729782392,-0.283427306042013,-0.306129705484111
99,0,0.069846748662128,0.186801994802276,-2.59085496371168,0.0806539558859917,0.103948494702603,-0.16962378294999,1.97121688041162,0.507565583855178,0.0831874862866955,-8.28935275906876,-0.469103144934456,0.62611079260169,0.286403083319961,-0.341752167766647,-0.244732191019873,-0.362305606333736,0.186098130485134,0.00278764288177513,-0.0229361781546923,-0.0889219142642149,-0.0421979907800225,0.129541895878307,0.226450633970645,-0.0899120285446493,-0.154435405875714,0.159549169384038,-0.0253451961274836,-0.245759722635382,0.202552056808968,0.0833629887535018,-0.165528760262955,0.0935555310770609,-0.0313201437199254,-0.0307307406628086,0,0,0,0,-0.000951308075512814,-0.00583487375603004,-0.0241132572530945,-0.0595674907621486,-0.182344880982738,-0.304145915799222,-0.839722121816671,-2.36592827331548,2.93342081525663,1.79902383660198,1.8227021857918,0.901595443519764,2.44237400426949,0.467508243625041,1.49906896758155,2.12466275580223,2.21795207894095,1.09017390958022,1.5821208136348,-2.88109486607318,2.60296162950125,-0.0389887988796728,-0.785752014238118,-0.733743521222087,-0.661443055241137,-0.591400539917279,-0.587270707150874,-0.574653206729816,-0.519705449668247,-0.480353591977553,-0.43429812710193,-0.358375424582878,-0.279879620789112,-0.312118963270946
121.5,0,0.0635436015747392,0.169944510781766,-2.35704966523798,0.0733755391111701,0.103796189306378,-0.0527568004724189,2.0430206442979,0.476745561283981,0.0933440703225104,-8.82980898094052,-0.198821893572869,0.632107586285506,0.580311639601184,0.0501146005366956,0.127610977532837,-0.149881922318734,0.484650374237283,0.155235827357315,0.0733932419293949,0.0573674727289381,-0.0366653252199077,0.0612600653371573,0.214209881657599,-0.0455885366135616,-0.151716035651917,0.16498279601396,0.0528692086531249,-0.174359439793461,0.190874306811479,-0.0147626731626866,-0.122100629997326,0.0657846392397029,-0.0213134186559954,-0.0128820173470789,0,0,0,0,-0.00068757790529602,-0.00304341154057846,-0.0176362712883841,-0.0475473575887312,-0.159038109227493,-0.287853366933219,-0.853530532933054,-2.28428349678661,2.95065532328473,1.83213506252032,1.85363384275364,0.88572160938399,2.45511205601324,0.427391193940265,1.49311005672061,2.1209551371947,2.25460460882625,1.10430660426979,1.58280607111302,-2.93022398762815,2.61585893648721,-0.0340881867455383,-0.78501355594416,-0.729198016887327,-0.659037733836367,-0.600527102192782,-0.588109001790542,-0.581225098568816,-0.517874511735372,-0.485542546019321,-0.443754480504488,-0.353153672101404,-0.280050205587079,-0.318167316857936
129,0,0.0572404544873503,0.153087026761256,-2.12324436676428,0.0660971223363485,0.103643883910154,0.0107292511574781,2.0436421901445,0.398369433598554,0.128480974324335,-9.14148736598982,0.205731285916341,0.919096522222602,0.734059241015274,0.322001776894835,0.252901641400483,-0.0917288156867503,0.436750645566997,0.207395308452883,-0.00755111938813332,-0.0614639890463571,-0.0808057022157288,0.00609095017921024,0.105930481936515,-0.0358242124832634,-0.121621087485622,0.00151485368598474,0.105191293872393,-0.139478770683078,0.0823741239053628,-0.035956509278765,-0.097749530618737,0.178118830506266,0.0076437671070833,-0.183713929294147,0,0,0,0,-0.000424127953901025,-0.000408032682702846,-0.01188851886395,-0.037101324322752,-0.139086792543759,-0.277355599075088,-0.870456012810749,-2.2164421465944,2.96298335700229,1.85033739817587,1.88998379111048,0.875074897884494,2.4527880522535,0.385146131226012,1.4951197112784,2.1215808604192,2.29524924971821,1.0881692976925,1.56596515777283,-2.98319557398317,2.63858411104261,-0.0293685826134881,-0.780907179604178,-0.723373807404358,-0.654989139709467,-0.60526830899706,-0.588049088776744,-0.587512664472313,-0.514426791286978,-0.494516600691011,-0.45545446530826,-0.34728427573787,-0.280426953317553,-0.320290086384438
114.5,0,0.0509373073999614,0.136229542740746,-1.88943906829058,0.0588187055615269,0.10349157851393,0.0483063207829313,1.72669939388357,0.317310744488617,0.152821504684728,-8.57382841639599,1.39672925960609,1.33252583501004,0.796915015241978,0.162731982523905,-0.261208082659548,-0.445529327522905,-0.0213498004690135,0.0044564832522499,-0.00663935725402996,-0.115139804948475,-0.0379856114227908,-0.083762388652441,-0.0442402485813621,-0.0120441322795016,-0.0074367703442667,0.00646480535873707,0.131407501826029,-0.106453517726423,0.118080204769733,-0.0808813687561381,-0.0966752199112036,0.219280052302106,0.00301626991004584,-0.129574041721871,0,0,0,0,-0.000160957811469178,0.00220628084534064,-0.00672269129055697,-0.0278824889715641,-0.121276340744367,-0.268498745368252,-0.885255454016797,-2.16551109505331,2.97293745450914,1.86902585450045,1.93294740140562,0.871035090592023,2.4378658028774,0.341829412948734,1.50791879036757,2.1289435361133,2.34514720461382,1.04158467420988,1.5524593812938,-3.02666143158493,2.68350974554948,-0.026719618445652,-0.775111942569666,-0.713620535303675,-0.647578255069549,-0.605239648045549,-0.594025810348723,-0.597014877178497,-0.512305477263773,-0.50577233227596,-0.468818526048979,-0.343412901304275,-0.279164985188748,-0.317221001325053
92,0,0.0446341603125725,0.119372058720236,-1.65563376981688,0.0515402887867054,0.103339273117705,0.0803636338537345,1.26130969602551,0.406173593436489,0.176057349587415,-8.11708959750696,1.91369245880868,1.15735010663406,0.916228254979557,0.143062343463722,-0.562246702049906,-0.669015215223087,-0.24381585436576,-0.12276645374993,0.0100812728413989,-0.113897326102242,0.148033621692474,0.000640175405481957,-0.192204750865304,-0.00449726391701091,0.0417562188767067,-0.0681345356400219,0.261953620248239,-0.0924876330640173,0.198266430547473,-0.16610368101367,-0.189053867997746,0.25150312319901,0.0305855148997942,-0.0993176991868805,0,0,0,0,4.92725259762318e-06,0.00418150803775034,-0.00259906704290255,-0.0197393325728978,-0.103619874576893,-0.257327421046443,-0.899290552052218,-2.13173746819574,2.97912721448853,1.90851325412937,1.98519479222444,0.906625698844159,2.41723225546219,0.312742898337956,1.53101773491921,2.140563005452,2.41086245650689,0.974811938179529,1.55313466611284,-3.06390359766283,2.73474926398339,-0.0277170645901735,-0.769076497035338,-0.696411732190163,-0.638733311046069,-0.603494845484778,-0.599520262770163,-0.601419105602857,-0.512647845778624,-0.52020012977769,-0.484915021677576,-0.342978397869472,-0.276832917394696,-0.310386697276177
69.5,0,0.0383310132251836,0.102514574699726,-1.42182847134318,0.0442618720118838,0.103186967721481,0.0912465309123902,1.42310406993195,0.491546675476771,0.236919969747442,-8.01991685860827,2.10529029997258,0.916789679002761,0.97897612457682,0.173949341418545,-0.740073675759667,-0.574425506818777,-0.213480076303057,-0.281978610837916,0.118509664782545,-0.177789559541443,0.215393227921049,0.0478044372230202,-0.336149763639801,0.107685237775735,0.0845414363944231,-0.166547518883417,0.350357735253928,-0.135347030015408,0.249996465537657,-0.207193981890593,-0.213229708122945,0.214957296325168,0.0874927146856934,-0.169792510647549,0,0,0,0,-3.1441448746262e-05,0.00510893482593301,0.000519338000900919,-0.0115931471453222,-0.0843803789389014,-0.243545109509304,-0.912333020558707,-2.10378293323833,3.00021720091689,1.97412766360632,2.0430797101911,0.978317425191529,2.39682370977492,0.298239822658336,1.5656321283851,2.16371458279415,2.47946573660424,0.846554301433415,1.56997125083694,-3.09376159383394,2.77963223279262,-0.0320936216548581,-0.76859918312966,-0.676691284843963,-0.633803532364036,-0.60430894811106,-0.600703309128159,-0.601637135225236,-0.516443637283444,-0.536876351640793,-0.502342991073387,-0.342383446509402,-0.274111242283586,-0.301651526718542
70,0,0.0320278661377947,0.0856570906792161,-1.18802317286948,0.0369834552370622,0.103034662325257,0.0964657023990134,1.50285470699682,0.549211882197323,0.283009269694578,-8.14061216929299,2.18935039143042,0.873344230473443,0.947427487376208,0.187707485963464,-0.846821613548326,-0.452917258123825,-0.229370630561503,-0.289747328509657,0.0667002084868785,-0.160052932905025,0.184846289771513,-0.0114194437633859,-0.406999991351784,0.289166584937238,0.0398508619715095,-0.186279699313746,0.312993610862081,-0.0878277797299296,0.221900245489081,-0.175396265144816,-0.192082655361285,0.169118127427671,0.105008015033237,-0.262698906771337,0,0,0,0,-4.14683748846892e-05,0.00623895837597321,0.00416401414981233,-0.0027111567456671,-0.065575937485445,-0.23109248688849,-0.924654078814659,-2.08194417071912,3.02521086008832,2.07227759498885,2.10388606302312,1.06893365902554,2.39156246427048,0.293858310042327,1.61150325457232,2.22204560734543,2.53382227357842,-0.640086185426566,1.61825378205143,-3.12430161961397,2.81522014622542,-0.0359759285364379,-0.764375081476048,-0.651323806654655,-0.623705851407154,-0.598455112566284,-0.589965278133661,-0.598367791478946,-0.517941019546711,-0.542396745430051,-0.512545712648204,-0.336422363882216,-0.271266406960347,-0.289043219131887
129,0,0.0257247190504059,0.0687996066587062,-0.954217874395784,0.0297050384622406,0.102882356929033,0.0848013210820655,1.44833994811604,0.558071628229974,0.282174675037203,-8.36815888527375,2.2345486792013,0.98452051095106,0.999917969068466,0.156227292228914,-0.692629670485234,-0.472993642245792,-0.21349363862605,-0.121863860829499,-0.0727817104528164,-0.160133285502342,0.249018292165833,-0.102730912558393,-0.364196210265391,0.248312305043197,0.139387979442265,-0.154510860352848,0.148639095572403,0.0172691429635411,0.185138897820065,-0.131909845601895,-0.148127353936614,0.111704686652921,0.100309071117997,-0.257941029317383,0,0,0,0,0.000241421999019835,0.00821812402234459,0.00839622121054463,0.00553513111864691,-0.05103337189614,-0.224883172459486,-0.936200087343251,-2.06478079399626,3.03099736262438,2.21290977613323,2.16410362399968,1.15817973367326,2.39438463515267,0.289700075565196,1.66079062591323,2.31201447922509,2.57624907921981,-2.26791192016758,1.67358239859937,3.12449402722406,2.85424748240146,-0.0431780931543474,-0.762297947645807,-0.629383302224032,-0.615301436513555,-0.597126822379225,-0.582516996184671,-0.595319277459069,-0.515451639094501,-0.542954714241178,-0.523091076121368,-0.327615100388466,-0.266288473083265,-0.274997337351588
189.5,0,0.019421571963017,0.0519421226381962,-0.720412575922085,0.022426621687419,0.102730051532808,0.0274673965487649,0.737478018747575,0.491185688427118,0.290736511782325,-8.80116369764152,2.24409240919197,1.10360369685125,1.18497202468722,0.0501154194663386,-0.52303767256851,-0.477165588645706,-0.0624965366024411,-0.0139673616801566,-0.212510934022829,-0.0747843697533836,0.152029149154164,-0.108194737778558,-0.274147303970684,0.304365808464628,0.193141402160481,-0.278274591467273,0.0279353335516945,0.0252636475034307,0.138662853562685,-0.0219174843950141,-0.0802947715039243,0.0788178878985896,0.038403929353988,-0.210809306421484,0,0,0,0,0.000686110874660106,0.0104247409854054,0.0124854496615129,0.0126212531460771,-0.0405502470792172,-0.226669373793697,-0.956363418012621,-2.05629209108386,3.04024818119656,2.40657167008094,2.22719829806631,1.25486198468518,2.39895924283317,0.298023318008274,1.71911438908737,2.46488635724594,2.63137023808751,-2.57228151827195,1.73581333333902,3.09386712490604,2.9005049783133,-0.0629653206752529,-0.778569579393791,-0.622941471603987,-0.615606605337412,-0.60229791668119,-0.582276105108425,-0.599259676608453,-0.516288984061218,-0.54261316069015,-0.533614825571156,-0.325116567331842,-0.261198461374661,-0.264815194790789
160,0,0.0131184248756281,0.0350846386176863,-0.486607277448386,0.0151482049125974,0.102577746136584,-0.148594829008522,1.40000001628947,0.514382010618543,0.299608551518837,-9.25939052912579,2.12313598593651,1.20337882474671,1.12413316010824,0.184363480747912,-0.331652826976588,-0.371825354606729,0.11169140867387,0.00112551747693273,-0.178204903342739,-0.0433578018846849,0.122703609633249,-0.111710703887195,-0.342096754465378,0.199078858626099,0.137792149788288,-0.163976591279328,0.0342571642593446,-0.0358645622316854,0.119513583466865,-0.0108354957914383,-0.026485541816527,0.0456247485913674,0.0358151004134576,-0.191528344502508,0,0,0,0,0.00113040338710466,0.0126306703108789,0.0165307651942188,0.0189741011770821,-0.0325029944059223,-0.234802143679037,-0.992497274340611,-2.065193041299,3.05537976591318,2.60793130630844,2.28927062398591,1.36312394123556,2.40340688321557,0.329861317989688,1.78987105894902,2.62949071944492,2.68932166381345,-2.785633265381,1.8193109987649,3.0717782140972,2.94239530954302,-0.0869353417422799,-0.797858055181625,-0.621767510589055,-0.616453001524784,-0.602116826610725,-0.578926903877699,-0.603779327827246,-0.517349486546542,-0.536247649310836,-0.538907846058424,-0.329100187664886,-0.257285803555616,-0.255757785762694
127.5,1,0.00681527778823923,0.0182271545971764,-0.252801978974687,0.00786978813777584,0.10242544074036,-0.333916099984248,1.53342887480683,0.497872917305882,0.29806839975327,-9.28501203458616,2.12559315751703,1.01084058623955,1.03634954618424,0.0565450850020732,-0.427261955999914,-0.294595919329208,0.0865105711205396,0.0365660540033752,-0.0925419072600268,-0.14448936614948,0.137994953316997,-0.223838416883912,-0.370292305855403,0.251916261560634,0.138768271019546,-0.170044863291506,0.0677276407245184,-0.0515549718727996,0.114737132613079,0.000810963217281112,-0.00204674368083535,0.108834225789313,0.00719303426451161,-0.220837317811925,0,0,0,0,0.0015742998908825,0.0148358908618071,0.0205953454783071,0.0247727425399836,-0.026981577838454,-0.250825719534539,-1.03611361836505,-2.08114932065507,3.06836822471284,2.7670869554393,2.33935904048498,1.46770964853101,2.39972402349706,0.383261994343073,1.87409980202155,2.72465768268768,2.71361265933058,-2.94283913799719,1.93742912155496,3.05323732654712,2.97723863744007,-0.11078109233025,-0.81538709753304,-0.624440322309681,-0.621559749609324,-0.607001155561241,-0.580216014705572,-0.6060801683697,-0.513943446013097,-0.527991714493489,-0.541570607868597,-0.334746020653012,-0.25047557007793,-0.246001033286755
126.5,1,0.00051213070085034,0.00136967057666641,-0.0189966805009878,0.000591371362954246,0.102273135344135,-0.410559283925334,1.53342887480683,0.526700093238428,0.309596225806357,-9.85835778313852,1.91832845885396,0.895912508623718,0.919289728926462,-0.0642243341942981,-0.422899776627708,-0.296220223987726,0.0314125471002681,-0.0214383354344135,-0.214896461194819,-0.196547325549642,0.084988304230914,-0.223799944921532,-0.318129891958989,0.1273719739784,0.0922750637990359,-0.194010745069268,0.0722325399684667,-0.0200873394424868,0.213543051068445,0.025115198402907,-0.0127392463289656,0.138191208187885,0.0329857074114577,-0.230175159042752,0,0,0,0,0.00201780074051516,0.0170403815423857,0.0246791931951017,0.0300633427540726,-0.0236116718050123,-0.272133356969606,-1.07677473507012,-2.09198111066433,3.0888221379842,2.89237896229863,2.38470516787378,1.56649579586205,2.38054351405567,0.456437604310619,1.97089805434878,2.78913627513986,2.71654065774766,-3.04627818836172,2.07703124582531,3.01640475406146,3.01288831242325,-0.132303212227711,-0.821944833744308,-0.618506859004533,-0.621345983482689,-0.608306964393604,-0.573068325370399,-0.600041335700281,-0.504607989911053,-0.512550514183264,-0.538753643300475,-0.341000822823704,-0.245951419683946,-0.240946562850441
126.5,1,0.0863767134693188,0.349940893709137,-6.13635568333015,0.328577957394614,0.112495349708781,-0.43764674669457,1.61661473895746,0.539803926044931,0.260313691521317,-10.2787959352901,1.51079840383804,0.877475994499145,0.940190529040424,-0.0419672144155317,-0.257427233112762,-0.240747210602068,0.0249000095149228,-0.0848199578248425,-0.277445053095658,-0.129028593366295,0.0453701501185832,-0.0364538773627223,-0.118097654416858,0.032776013499581,0.122232683051314,-0.11721138059874,0.0364887464578967,0.0637397292908887,0.174481047123985,0.00734576575607186,-0.0223178734361354,0.0933258716989941,-0.0305900525249708,-0.270511138819477,0,0,0,0,0.00297283225167055,0.0200684178312467,0.0292620969176856,0.0351544722904261,-0.0211446549031496,-0.293422753113128,-1.11526081634875,-2.10514973832256,3.10523812007221,2.9843329554499,2.42936626870972,1.65168849111051,2.36144484745847,0.541705476390783,2.06488430146851,2.83645453550671,2.73756873314267,-3.11492021559233,2.20122845283718,2.96411214172485,3.04917215084626,-0.148132054009159,-0.811516564004985,-0.597984901711782,-0.612104756903726,-0.603321562005572,-0.551939591824865,-0.581961918350242,-0.489284166165762,-0.491096425258176,-0.53133648506326,-0.347260112680116,-0.256511893596311,-0.248873168738346
126,1,0.113938207596832,0.400434431524548,-7.8149244787063,0.369400900545911,0.112294573643411,-0.443019614157512,0.731517505409997,0.484829966433185,0.173238460033824,-9.81302950360714,1.30420932460812,0.857584055900046,1.14025558020237,-0.0311541301407054,-0.165340921246022,-0.180635130503579,-0.0427210078638304,-0.110125026883369,-0.182846563134642,0.0197116718583107,0.0569513529076469,0.0141051511802505,0.0271097181226972,-0.048826484347086,0.12277020882129,-0.0866298351603022,0.00441929326026027,0.0838896759984314,0.0101310905085749,-0.0299116223662023,0.0238083166374075,0.037190505697092,-0.0181653739629895,-0.170567003182125,0,0,0,0,0.00417631145321762,0.0233490936661851,0.0335628697062939,0.0393784847213735,-0.0198409639620984,-0.313799212307811,-1.15413126098684,-2.1242049328812,3.10771346354023,3.03600467811398,2.4703919514078,1.72494194895417,2.34548676647861,0.643304024805944,2.15125277081948,2.87408621089278,2.77958497489233,3.12665705713145,2.30887018195208,2.92254166185774,3.08398876507275,-0.159062798372134,-0.796845617500847,-0.58171238751572,-0.603254250022312,-0.599639516657971,-0.534013885323171,-0.566413921459951,-0.471415647064417,-0.469337693691062,-0.516646969977979,-0.354986179565088,-0.274995086055349,-0.262957857577992
125.5,1,0.107613952696919,0.385480248013664,-7.99639950837206,0.323907626290122,0.103512660577709,-0.4422163732316,1.30819998418725,0.45617050893301,0.157618119567954,-9.26721322711776,1.69950226329379,0.945126246085321,1.11626626631454,-0.0291632083156246,-0.24743518018872,-0.339407318388088,0.0287788150685491,0.0491505199874622,-0.134686753078056,0.0649539019631215,0.106286490044117,0.0722333345835969,-0.0783618998115832,-0.0727212005551451,0.0946909610448432,-0.0516642861995051,0.0105346847142692,0.0546038653429162,-0.0534192829998646,-0.0270047859432958,0.0218951785425071,0.0341671898229419,0.0328233086212784,-0.159100302327985,0,0,0,0,0.00490613721083909,0.0255903576374518,0.0364145943260829,0.0417101289666591,-0.020877293479777,-0.333924266073277,-1.1932006997706,-2.14845733039008,3.09823536237374,3.05691900856677,2.50559497822577,1.79682619221713,2.3209497634446,0.766683939084796,2.23774860093718,2.90733807623166,2.82194403063266,3.09808242869301,2.39420107896412,2.89635044981931,3.10668662764528,-0.162446712670898,-0.781437015093766,-0.576248306495682,-0.59334021064296,-0.596218499469929,-0.527011127631548,-0.55890417363736,-0.457054169395176,-0.448332943753556,-0.496395112249838,-0.365004923976043,-0.291587680820269,-0.275975705782656
124.5,1,0.0900065182543509,0.358641262768544,-7.5270790706501,0.37020644143078,0.110796477321343,-0.444316613571039,1.92803135632639,0.465475483704214,0.175541780014606,-9.43324637015802,1.91862772656267,0.702444844135381,0.980139225800231,-0.0623617197358074,-0.585502762148353,-0.505198210435515,-0.186916995804152,0.064427357544747,-0.149128094735528,-0.017010757749174,0.280919465508393,0.100955182329011,-0.16494130996977,0.113493972651943,0.0449176262386088,-0.0325688526124114,0.0349420518177732,0.0771849098171936,0.0367015053402726,-0.0917574291476883,-0.0884523056199838,0.149370377579126,0.136457140461076,-0.167634661721402,0,0,0,0,0.00535996236468421,0.0271881036273928,0.0382779195392299,0.0423894056282915,-0.0246731641806109,-0.355380560174203,-1.2343304407109,-2.18109362701611,3.08040941110062,3.05510704110379,2.53315788740375,1.87130787517096,2.29885622844702,0.915340039706317,2.32576480283202,2.93786473504348,2.83439148443681,3.07753471321431,2.4536901183465,2.87752329279246,3.12576414766904,-0.145067159929341,-0.740224132619569,-0.556754951147527,-0.559886916256509,-0.571749715417434,-0.507865340819982,-0.534154983476282,-0.428134193518439,-0.414258420169501,-0.458314021627926,-0.361780076064171,-0.298586515602771,-0.282118274328021
123.5,1,0.0976867353532582,0.368476968658474,-5.42548304318169,0.222021780816238,0.110224645809192,-0.450317574586379,1.59161420063951,0.514526734005342,0.219373422297007,-10.003747839387,1.87227179976027,0.572690327091982,0.819396709906088,-0.0796560271104478,-0.678533800037256,-0.493219296951944,-0.301245793837497,-0.0103526416599608,-0.145192873887022,-0.0930996243196833,0.431621372659737,0.0913169060769471,-0.0872977470149225,0.259423091842568,0.0566073069161871,-0.0312502975758511,0.0059895380227337,0.0627407519728778,0.130562118017367,-0.102800966669549,-0.147181944768381,0.201783961525615,0.158097256350102,-0.117028590730742,0,0,0,0,0.00572197895846827,0.0285607056054513,0.0397783703275371,0.0419984143660877,-0.0314298663349126,-0.379542168080717,-1.27904484697005,-2.22258093574324,3.05773419392606,3.03955725275993,2.55221294893161,1.9483194717942,2.28872900715974,1.08797932135673,2.41414850958519,2.96151091658664,2.81805833195407,3.05863245459379,2.50110269759265,2.85334192142277,-3.12844041288261,-0.116450048450969,-0.690892541002891,-0.540299850883796,-0.525987352532918,-0.541910579443678,-0.48789146466554,-0.507890665939169,-0.400550931863196,-0.380426199260632,-0.412596772985575,-0.35728197637129,-0.305561261793539,-0.287332080652056
123,1,0.109522300309921,0.380335731414869,-1.96700806428112,0.283786288859578,0.0998055684396242,-0.470957085011122,1.85688006204785,0.51092161447504,0.316395379269423,-10.4533807633802,1.779240399271,0.630107230344084,0.581370567571822,-0.125398443272726,-0.499802190730279,-0.375440497264621,-0.226614520989013,-0.0630629649139643,-0.102403451860701,-0.0702581589125011,0.41915938104652,0.0923044896089299,-0.027779107030365,0.173889442098733,0.0692790380386052,-0.0558555730237396,-0.014767439687483,0.0235871085073787,0.0773644859583106,0.00223590254969002,-0.0940141833000696,0.0934355263002116,0.138339732154851,-0.0668674493172439,0,0,0,0,0.00605971963355803,0.02987514233714,0.0411894707789101,0.0408781969441876,-0.0411345194853629,-0.40618939099023,-1.32542641014709,-2.2703976285935,3.03402372757943,3.01382948787606,2.56656063532812,2.01698285582584,2.29106154134213,1.28035282148427,2.49740801124369,2.98256651574709,2.80601566359489,3.03802709925466,2.5457427471351,2.82511094459261,-3.09903338242306,-0.091152578832218,-0.660488825504113,-0.544115248720483,-0.517529694160859,-0.539264688599811,-0.488768409617319,-0.498755838938437,-0.394905709747672,-0.36584103499121,-0.379728774306764,-0.361241896995047,-0.320426192866328,-0.298920248036062
123,1,0.098473392334141,0.341966426858514,-1.76857093295389,0.255157155052811,0.102205535982736,-0.484454072731345,1.66883554216329,0.483607355942831,0.414411989273157,-10.6229309977682,1.63366803460179,0.657956291543021,0.595954227721972,-0.00274017678288387,-0.232212724612167,-0.233433339193654,-0.0767471057329243,0.131638841939553,0.042055064168444,0.0298289537635522,0.405087136734118,0.123514762769565,0.0139136928443156,-0.0055800570641938,-0.029422420515417,0.0157240458287314,-0.0404561235075207,0.0324442026387277,0.106864150250896,0.00575006270936602,-0.089881749153386,0.0242005917060658,-0.00702087182192258,-0.0501383227407874,0,0,0,0,0.00638206621238052,0.0311539056975291,0.0425491799382251,0.0392256711296584,-0.0540296469372736,-0.438225538605681,-1.36959861792492,-2.31565241651742,3.01762540009262,2.98941827288281,2.58298550619997,2.07147274047015,2.30451067123346,1.4918619152479,2.5665962593416,3.00255347097183,2.80909583272061,3.01885933696755,2.58794366299466,2.79803597744394,-3.06768263204191,-0.0670548574058229,-0.636479557855402,-0.548679494011103,-0.515244622300863,-0.544514367398373,-0.49071302280275,-0.488564516001835,-0.393474621865976,-0.357929520630655,-0.350900471339943,-0.358354982532917,-0.329951893816548,-0.308236946336984
93,0,0.0874244843583608,0.303597122302159,-1.57013380162667,0.226528021246044,0.104605503525849,-0.476585990258502,0.857008020330175,0.547749791762946,0.478450316280985,-10.0760567286306,1.81765746657794,0.540881195091229,0.500252311617754,-0.0188460758600217,-0.25642350152952,-0.255993866139491,-0.152971958580709,0.370988922692936,0.102953102535429,-0.0846413391113529,0.326001716466889,-0.00402566233937657,0.0851088361279978,-0.135161179416376,-0.202661630925139,0.179816881572507,-0.178535532101801,0.0328083682794905,0.117950442319293,-0.0231763447871327,-0.0994946241586083,0.0645971124275454,-0.0858998286269637,-0.0647582979213604,0,0,0,0,0.00670447091468689,0.0324391107217219,0.0439311506385994,0.0371754769659427,-0.0700048414199533,-0.477301162908098,-1.41540009717325,-2.36253067620978,3.002656004317,2.97220057397639,2.59768625763622,2.11501620149114,2.31795366881808,1.71952059862351,2.6213021518465,3.01273335932039,2.81553607653024,3.00617460892066,2.6266750888573,2.77668461817967,-3.03530236490593,-0.0449601218420758,-0.619775063369546,-0.555633029978359,-0.512691650934567,-0.545182591467946,-0.49005472866095,-0.482753069418844,-0.396165376122958,-0.351118457464867,-0.326220100541574,-0.355294426636728,-0.336952470691404,-0.314001818476271
63,0,0.0763755763825806,0.265227817745804,-1.37169667029944,0.197898887439277,0.107005471068961,-0.448756140263178,1.61172049560936,0.563200952857511,0.458790049338837,-9.16438853744238,2.05133768153329,0.194099900598997,0.469559850844435,-0.106234385310811,-0.518399051704128,-0.312802243749933,-0.347432613429972,0.443730378689123,0.153379185963532,-0.289636319837223,0.275885836805201,-0.127587739440936,0.134390045628209,-0.14488712208256,-0.31177060490487,0.246446800340118,-0.193702684345173,0.140633723278263,0.0586083992156994,-0.0102348934020675,-0.0768065453200094,0.0373152962512402,-0.0227704710173629,-0.115794037614724,0,0,0,0,0.0070269336891566,0.0330757054757644,0.0439737417097479,0.0328802581234886,-0.0898761292843281,-0.522037029462795,-1.46800466845493,-2.42360784682204,2.98132104136342,2.95935040430154,2.60597868779679,2.14594081171274,2.32185554775857,1.9358510422729,2.65774753745298,3.01540233874007,2.81684851986268,2.99869505083206,2.65960863749451,2.76436468503456,-3.00540976572224,-0.0223471886162651,-0.60443510459348,-0.560385208980965,-0.507094712412356,-0.542750485611832,-0.488764160360392,-0.482202631479872,-0.400737766256004,-0.344232629232823,-0.301432093240612,-0.352120315636115,-0.342129146316639,-0.316425803016306
126.5,0,0.0653266684068004,0.226858513189449,-1.17325953897222,0.16926975363251,0.109405438612073,-0.402491999744745,2.42234775542383,0.482320913587341,0.4028574788235,-8.60815746158454,2.13661210851301,-0.0662930595990605,0.531252202508898,-0.102041317764134,-0.66292617447297,-0.276314454337333,-0.42471185689265,0.457653094571118,0.244220988694144,-0.392238159040282,0.310504297702736,-0.184083402815945,0.159603269938387,-0.121792723283184,-0.372917555763721,0.266801368463791,-0.154841595846221,0.234637962697048,0.0479735494953739,0.0197045491982437,-0.0494176676040548,0.0158768840748912,0.00739967399567076,-0.152972388387261,0,0,0,0,0.00734945448440221,0.0324421548306405,0.0413494161705489,0.0243381941196316,-0.115883205715641,-0.573100835232941,-1.52558374862344,-2.49641238046835,2.96177511017085,2.94364326507121,2.60919175631766,2.17127503661072,2.32231859820305,2.11917493614514,2.68156139870499,3.01421094609802,2.81726490479795,2.99381705167722,2.68802844898655,2.75662186261927,-2.98095600635074,-0.00212284226360631,-0.58528742427088,-0.559382139362735,-0.50094591656468,-0.539012520006946,-0.485954565291515,-0.482553491765281,-0.402573596264659,-0.339199701140575,-0.276858207450928,-0.344404963687164,-0.340089947680055,-0.314011537968452
190,0,0.0542777604310202,0.188489208633094,-0.974822407644992,0.140640619825743,0.111805406155186,-0.380234669703324,1.74380570822404,0.534997126743436,0.322612859232222,-8.44031121943233,2.21367909102127,-0.220921144799585,0.516991329487027,-0.0540587655149788,-0.654254159099816,-0.129415177409111,-0.414300550630204,0.480484295986409,0.323551189814868,-0.461688856219943,0.326410078945559,-0.308415636910017,0.153388525856527,-0.0971015138130875,-0.480759543162858,0.323710328250743,-0.169000347648461,0.229264751017311,0.048493757323448,0.0578958577583924,-0.013958838580774,0.04605260658831,-0.00708955619764691,-0.144350511860463,0,0,0,0,0.0076720332489696,0.0311889932697655,0.037385838448332,0.0133267466095111,-0.146597294077011,-0.629046171411453,-1.58581447234862,-2.57584185956889,2.94272017757722,2.91924623082428,2.61022965986919,2.20162241074823,2.32956213654136,2.28722057387053,2.704036738332,3.01691036930838,2.81480353619904,2.9838823951603,2.71092485489468,2.75846198641243,-2.96332086265534,0.0108057271396022,-0.564797161911542,-0.549470528889141,-0.494304179879935,-0.535446093755608,-0.480392935654473,-0.477756794330284,-0.401989243535106,-0.335419151269175,-0.261380245909399,-0.333402560123977,-0.338255229611181,-0.310838246357119
121.5,0,0.04322885245524,0.150119904076739,-0.776385276317767,0.112011486018976,0.114205373698298,-0.380234669703324,1.74500597024269,0.576058640675363,0.280300011024363,-8.2905353904575,2.31358186211988,-0.323571465318647,0.474057061431096,0.0298370264612928,-0.695396039646574,0.0549843160700042,-0.404711887622497,0.49680419873023,0.399253845000475,-0.564575509898647,0.340120593280697,-0.396628803979199,0.149080809690384,-0.00594394004460795,-0.581555271495782,0.419774011332694,-0.183256837650604,0.214551020026583,0.0428836225260794,-0.00937952813362052,0.0458267260763115,0.022609830873583,0.00189282591152334,-0.119326785473846,0,0,0,0,0.00799466993133782,0.0299305163637226,0.0333714832303666,0.00182648614112566,-0.179477749132136,-0.688085255908052,-1.64702271207145,-2.65407164681984,2.92644732220996,2.89501348640531,2.61419189464704,2.23921539613285,2.34246903888982,2.43394393887556,2.72585287061899,3.01686830436552,2.80723486948104,2.96670625113188,2.72650428341142,2.77386211726574,-2.94648881509338,0.00933316081494608,-0.546221019375979,-0.530986645116261,-0.489933851390627,-0.531730903522939,-0.471360103091052,-0.467519092015342,-0.397285083953327,-0.330376391970453,-0.253399525646757,-0.321802180284776,-0.343259800410288,-0.311322097019266
52.5,0,0.0321799444794598,0.111750599520384,-0.577948144990542,0.0833823522122089,0.11660534124141,-0.380234669703324,2.49650100645111,0.444519901553717,0.208432819140536,-8.17937680379704,2.46218773326386,-0.320505353208201,0.414462630986911,0.126676369374195,-0.770937370237632,0.172096869824874,-0.385757211386115,0.464403624619178,0.455477492457828,-0.623356085084583,0.286876092750245,-0.345461575949349,0.106499572588211,0.0899918632729577,-0.638528412147153,0.466474604086388,-0.158091759000818,0.185733260285621,0.0499347626700895,-0.11945614137408,0.119113889158859,-0.0153438866742586,0.028107134872353,-0.108963259151207,0,0,0,0,0.00797486690150197,0.0277527448261597,0.0277844950435803,-0.0122083634675354,-0.216517066212742,-0.750600544749612,-1.70782726387462,-2.72628217294338,2.91631842025653,2.87344965788414,2.61954024782679,2.27529941045139,2.3538603518329,2.53621219623712,2.74572716760381,3.0047912134204,2.79638839017614,2.95024554169303,2.73453613466852,2.78728529808243,-2.9358559094493,-0.0077787179999852,-0.534756591721664,-0.507881414835032,-0.489205488084348,-0.526065927895678,-0.459493822715482,-0.459835135282898,-0.390705635670213,-0.323830533444327,-0.251513776479637,-0.313689953822871,-0.347221694587257,-0.307968742159795
75.5,0,0.0211310365036796,0.073381294964029,-0.379511013663317,0.0547532184054419,0.119005308784522,-0.389497659886198,1.92534928267801,0.354966781912177,0.14222703382732,-8.14651063997862,2.63457931497103,-0.263665190257048,0.324428313936884,0.207337448623835,-0.718616016950318,0.170477415948178,-0.370185365176385,0.396507656713738,0.458387292619058,-0.574144440434503,0.168163674533065,-0.285221766442731,0.0845289533842854,0.103586872342629,-0.66390259561045,0.510899402952691,-0.226217422658739,0.174822734784709,0.0614298656802775,-0.186235176458671,0.199325168455249,-0.0303321735879796,0.0348444174452381,-0.0875341500877429,0,0,0,0,0.00751558079226875,0.0243990974087898,0.0201629639239916,-0.0296265971000789,-0.259038718354623,-0.815895374475221,-1.76886781289792,-2.79782365326295,2.90818786138175,2.85201106308834,2.61858515968886,2.30407052425908,2.35743835545202,2.6004200938129,2.75993648177672,2.98894360739984,2.78484247636771,2.93496559231261,2.7330493551675,2.80251436456835,-2.93187276131855,-0.038301335628232,-0.535831368949401,-0.480487497889663,-0.485876394245226,-0.520308126415895,-0.442550433256744,-0.454698675636812,-0.384520372080237,-0.317232287634765,-0.259087954154713,-0.308701190755192,-0.345804272634091,-0.29775755861257
89.5,1,0.0100821285278994,0.0350119904076739,-0.181073882336093,0.0261240845986749,0.121405276327635,-0.397243521263971,1.53080394635227,0.378302987052116,0.208426972073217,-8.13575761057358,2.75555911488506,-0.208328601664184,0.321818469767027,0.23428517382258,-0.635584574065811,0.104847934969946,-0.375561361663237,0.389004720049432,0.502725618161492,-0.5586563920918,0.176239520390645,-0.32808447856628,0.102111239642417,0.109400584970646,-0.678736078152018,0.478602315566716,-0.239173286715637,0.201096731201944,0.0895648388064669,-0.229251213968459,0.208431577076694,-0.00653775633011201,0.0261359498816446,-0.0958137755361791,0,0,0,0,0.00696570578534302,0.0207977313379818,0.0120426696388014,-0.0480684282051639,-0.303477159824481,-0.879755605033128,-1.82830100799684,-2.86764377187952,2.90228436775472,2.83041795395214,2.61085213826826,2.32807846171237,2.35482954030444,2.63936506187733,2.76577141696489,2.96686398839464,2.76626832612676,2.91822947654075,2.72960563312224,2.8294351255506,-2.92725422389548,-0.0799882692877027,-0.546528492685109,-0.453364546978659,-0.477134937298212,-0.512117612422968,-0.420950263338288,-0.452004059915218,-0.376067867836052,-0.309283060652833,-0.272436237183121,-0.304733597786144,-0.340201846880959,-0.284035962776338
81.5,1,0.00113160911280934,0.00988919667590028,0,0.0149490641054483,0.119803187305496,-0.353414569752337,1.41821194579979,0.481174977904644,0.285336158069166,-8.21903020492672,2.78156683472752,-0.0992931981633903,0.435890271469873,0.157963543468308,-0.538404929181743,0.040294782761531,-0.465116972125916,0.350695409479818,0.505607918538642,-0.574082114479897,0.274368765569563,-0.409372750753299,0.174614782534238,0.135881828134218,-0.636769290994921,0.33092170217458,-0.144998474471569,0.173154373303892,0.0705923426948432,-0.227198179996567,0.232999520552163,-0.0136901839309004,0.0453502470170012,-0.0862650798739499,0,0,0,0,0.00641581396187391,0.0171849066532572,0.00461792391167506,-0.0649223396053399,-0.344664610887871,-0.93683659744274,-1.88091066161784,-2.92834969576714,2.89534388585798,2.80869332884506,2.59952922861072,2.34951557751801,2.35668826984674,2.65697583908435,2.76534444123469,2.93926859435681,2.73964031099732,2.89825297457002,2.73122351284939,2.85731569645061,-2.92856306866993,-0.13055594412188,-0.564020669569598,-0.425520050929374,-0.463425512643581,-0.50218192065165,-0.399030777244038,-0.455043847345241,-0.362558886614316,-0.297298957626455,-0.286442950866722,-0.302437959852437,-0.335823505260407,-0.271841476403611
71.5,0,0.0140642846877732,0.122908587257618,0,0.185795511024857,0.0795145514859273,-0.315251966039351,1.054615972234,0.526850753578226,0.384177308571257,-8.46452790787894,2.76467862658238,0.265672196924202,0.605743854347592,0.0299844706004647,-0.514485185132211,0.0291510313523458,-0.714355124412574,0.224295316880929,0.654460569105148,-0.592547822417677,0.26841555797701,-0.434698372827761,0.24625596462945,0.156123654628463,-0.584020780965609,0.200247614221141,-0.0678154569257998,0.160976739122611,0.0405389094778541,-0.216622561083636,0.265948463559916,-0.081189276819126,0.0389051715086489,-0.0205936015731863,0,0,0,0,0.0058659056536586,0.0135606633421873,-0.00170978754162751,-0.0793381820118758,-0.381253707501946,-0.984988913929637,-1.92269285249374,-2.97780745263841,2.88706845218401,2.78623075021513,2.58541095358819,2.36803241628197,2.36015357278464,2.66324619822226,2.76274344427304,2.91122832760735,2.70925163699814,2.87522753605487,2.73108645590736,2.866644727992,-2.93815954732341,-0.18978861200134,-0.586265056306848,-0.398198241749214,-0.452059416432878,-0.489910418804668,-0.376747040720089,-0.459604340717215,-0.342401613462559,-0.283697426340874,-0.300402106047945,-0.294082178503672,-0.331009186789431,-0.261806263245075
60,1,0.0269969602627371,0.235927977839335,0,0.356641957944266,0.0392259156663589,-0.308221141560087,0.792717487730516,0.564912717742589,0.510010672361546,-8.62584684968032,2.74666048789955,0.524269741444714,0.760113106306719,-0.0515324637987176,-0.58814798734574,0.0631588060715486,-0.948898600998115,0.157926220364541,0.712762699345245,-0.587841275446574,0.297822862039672,-0.4022612970369,0.246227002225253,0.181412163083001,-0.55241169527525,0.0949015164088387,-0.0968610232716356,0.238456333273967,0.0326161178669582,-0.170086140972365,0.172091874172953,-0.0194849932122594,0.0388925817326164,-0.0372279319892416,0,0,0,0,0.0055094890654586,0.0112203989155856,-0.00579483240412863,-0.0912298676933074,-0.41384220646816,-1.02689015855034,-1.95618039766713,-3.02120464573725,2.87978086189824,2.76484955947616,2.56803378196865,2.38147498522717,2.35869990047351,2.66666110551348,2.75880931464206,2.88241163769881,2.67582994249919,2.84923020816605,2.72602384563879,2.85874435414655,-2.95171698605548,-0.253566436198699,-0.611522692953224,-0.377172760332801,-0.447216334714203,-0.472656267164984,-0.352567203375661,-0.461947681501109,-0.316125915666048,-0.270586335893973,-0.319071551999262,-0.28180822361827,-0.324352930978065,-0.252538868229874
59.5,1,0.0313029671540775,0.244319583819758,0,0.387417401569957,0.0279281147407304,-0.297041098087278,0.589492354132738,0.606225069552328,0.59029381260742,-8.64110226225566,2.70687047282647,0.569121129639881,0.842476478900391,-0.0497595195352201,-0.613598073431049,0.0597691912200198,-1.06095707020969,0.166945619214957,0.656129694556894,-0.56420716769604,0.33100441105947,-0.417427666564069,0.28238390050165,0.234222057222386,-0.511758907787019,0.0345718358458515,-0.212595159384473,0.250965318620865,0.0216180334283969,-0.128847261102093,0.175686071074751,0.0573711011121654,0.0164034106544193,-0.076274871389932,0,0,0,0,0.00555626072761863,0.0114157799853242,-0.00645445586871852,-0.100636046324883,-0.44294187239808,-1.06359580345615,-1.98508455803809,-3.06195772287985,2.87073866851619,2.74421524504727,2.54543846537856,2.39053621170785,2.35123965264627,2.66821487262171,2.75170693927467,2.84930272092121,2.64000263820125,2.82063650024369,2.71714775444446,2.86295572068253,-2.96341737685333,-0.316117610619812,-0.640195944106422,-0.360867073330885,-0.446449446163588,-0.450814707932686,-0.328636476521049,-0.463034764072329,-0.287289747227232,-0.257658692826809,-0.343491848915688,-0.27734051606953,-0.320133356072475,-0.245844874735038
71,0,0.0321280375590436,0.210492960925975,0,0.361672966673622,0.0279745535562089,-0.301641361278335,0.738310190788066,0.603409314496576,0.605261659073481,-8.71617811147063,2.69956566389863,0.65159507251707,0.906709739919511,-0.0117992008949618,-0.647592584162213,-0.077307518722458,-1.05690697724027,0.222455496040127,0.763428802421957,-0.594206066927433,0.267798524106584,-0.421630758838609,0.252997858646146,0.291550032433548,-0.465201504387424,0.0471895083398349,-0.289550587948404,0.242330916955254,0.0377071278980645,-0.137174014368384,0.212410107108679,0.0631836043193339,-0.00323915079120265,-0.108178023371596,0,0,0,0,0.00552702756919353,0.0114657327455755,-0.00734329008762698,-0.109782124771148,-0.467873590335905,-1.09321097109184,-2.00941229930008,-3.0987886689649,2.86136202090064,2.72163773965578,2.51854306921939,2.39610413397064,2.33589513065894,2.66694341824435,2.7403852402942,2.81173077647948,2.60420744040373,2.79048123396629,2.70477172826901,2.8892020475108,-2.97048659597793,-0.378957090035265,-0.676187616306773,-0.351688027527418,-0.455017686770686,-0.425549232158402,-0.304514278151552,-0.463983580857953,-0.257730118227726,-0.246889888256459,-0.368467252187611,-0.276445809813411,-0.310812020902026,-0.238580594651068
86.5,1,0.0329531079640096,0.176666338032192,0,0.335928531777288,0.0280209923716874,-0.310533449881485,0.881137477495845,0.624459947131778,0.591111054080027,-8.82166238165835,2.71455260721885,0.747438090937149,0.93846585089498,0.0108329536130793,-0.618990216486965,-0.177194219860558,-0.992891430418233,0.229648039601993,0.765234836507601,-0.592265184318407,0.206295458346662,-0.328720590589007,0.205604567884149,0.293835417837927,-0.441896462090668,0.0754139575266153,-0.286961676154017,0.280862087066916,-0.00089465559596907,-0.216256196572196,0.215607893372827,0.140155337337745,0.0150540789351767,-0.113386682434391,0,0,0,0,0.00520460435606754,0.0101799400566891,-0.00927944169515235,-0.117693807084093,-0.48657155747457,-1.11572911162828,-2.03081497683467,-3.13193904807275,2.85400899743883,2.69640427796557,2.49067187783213,2.40124152216044,2.31501394744931,2.66122315636063,2.72701529379941,2.77164449611163,2.56652863008747,2.759895527576,2.69063207496993,2.92385610015672,-2.97302082063326,-0.441795356290285,-0.724415127230486,-0.351659707536787,-0.471666351054576,-0.397116060661939,-0.277945231806111,-0.46448790291525,-0.228108815462911,-0.241523590857687,-0.392570866068252,-0.272652884405246,-0.291000513187407,-0.229990600437851
94.5,1,0.0734856543365255,0.324445477555659,-1.02322422791793,0.227040803888885,0.0610894932589493,-0.331380948848435,0.795295522944534,0.628845241369694,0.56028580085681,-8.90102781419257,2.75429689343499,0.810050151581126,0.893435402931316,0.0074934531027682,-0.568507246676204,-0.156847202010166,-0.934547253023648,0.172866957677987,0.688047070728559,-0.585054198631409,0.18447794719931,-0.278469247412591,0.269395999816696,0.253610736353375,-0.489968411646423,0.0959971503145465,-0.258438623916097,0.313334303278328,-0.0306917600398718,-0.278085605491057,0.205723218904183,0.193467596342681,0.0140720035944931,-0.0664250644862693,0,0,0,0,0.00488223953704476,0.00898828042852615,-0.0103007973554824,-0.122949633434103,-0.500144620394571,-1.13228812602492,-2.04870715504027,3.12037392145703,2.84667672282326,2.66732663521626,2.46166882902209,2.40690832789194,2.29201822402995,2.65438057747654,2.71342541604872,2.72929167874206,2.52665229089592,2.73026679293079,2.67539596341282,2.94791847673446,-2.97219324428075,-0.500180991998236,-0.779783669296104,-0.361336626248667,-0.491105946805822,-0.363350399370137,-0.248882731652905,-0.460481989717249,-0.195929264759635,-0.239728959569858,-0.416149333561829,-0.264600046747933,-0.269744505772615,-0.227827450911663
99.5,1,0.129098334556997,0.407457730605008,-1.57517854596117,0.178053811680581,0.0830549387130365,-0.356876845686468,0.715624724607194,0.611509816291015,0.507216300647348,-8.95575248277569,2.78653683719254,0.876523474230193,0.85020934413161,0.00705103407848622,-0.600395653459952,-0.098094544003333,-0.908578012346178,0.166489852186571,0.665003808214538,-0.580678047048493,0.182180413799577,-0.316597743200277,0.344666574833715,0.179015779112538,-0.491699950796276,0.0540908724314185,-0.220847151737148,0.366112347806775,-0.00435067794406403,-0.238073618819607,0.114929125595737,0.180022040327978,0.0277091247093805,-0.106062999678843,0,0,0,0,0.00455993316324445,0.00780281175350327,-0.0111659178189673,-0.126960823682513,-0.510582659670018,-1.14392112785737,-2.06111110383434,3.09351848085164,2.83981292516134,2.63842044149622,2.43244433574749,2.41188581622673,2.26879410277656,2.64964552668652,2.70016717351694,2.68636133888336,2.48752143252455,2.70335582933795,2.65963503243023,2.96382045526968,-2.96615145007852,-0.551011907484137,-0.836326059658568,-0.389402114079699,-0.521743459286081,-0.316719009604765,-0.216055553833622,-0.452366644022641,-0.155659170466355,-0.239956080237391,-0.436666886418444,-0.248714713944154,-0.254685411134246,-0.237369618448217
100,1,0.155396084092008,0.39615142970921,-1.77453100634711,0.175333871817312,0.0901415573615142,-0.375387270079939,0.702383831460117,0.598657063063661,0.456206788339688,-8.94435150081043,2.71474912835795,0.912798423247333,0.871495915257091,0.0133059730091033,-0.600939015925221,-0.0863001704686455,-0.900458887170355,0.149455481533212,0.62867151003503,-0.528503955924302,0.139392057656074,-0.302880432406334,0.331632836635815,0.0892552906134905,-0.416306331572404,-0.0143521557095278,-0.131434838468859,0.387880423340795,-0.0715518274707885,-0.197367732710283,0.137888397064471,0.144658427509299,0.0319985799887305,-0.156931772904093,0,0,0,0,0.00423768528571882,0.00662348921758531,-0.0120161777895246,-0.130188450119564,-0.518538415465414,-1.15186598885842,-2.0704057735257,3.07090563852422,2.83458167639664,2.61308838645198,2.40441731124726,2.41656128352384,2.24709502416513,2.6466207616137,2.68729486498377,2.64473877554693,2.45057317671978,2.67941418992132,2.64422677765462,2.97692655174543,-2.95446796018485,-0.596603437441256,-0.905042810906351,-0.443090469629061,-0.567516531299888,-0.263859621341561,-0.175620555551781,-0.43096962213226,-0.106799780826602,-0.238774577497625,-0.449894203633406,-0.22750893059519,-0.237050167547995,-0.252018306552256
100.5,1,0.151676929353432,0.391494698389455,-2.79179024687884,0.177482564134411,0.100331899544345,-0.385315030278673,0.864078521565494,0.592400423350429,0.422315682869864,-8.7126683744929,2.71094213496585,0.629445815423514,0.775515888998987,0.0680901985180403,-0.530107162055038,-0.149752687088578,-0.749839214335314,0.175048089349711,0.472670063415218,-0.47849851739822,0.202427761736806,-0.276126165871125,0.250446632634611,0.0200322068406757,-0.441025682333712,0.0577621825857395,-0.067986930766571,0.304179819437561,-0.0897559221025875,-0.126390148355149,0.195805189429601,0.0719276520252014,0.0427809314055014,-0.160223993444262,0,0,0,0,0.00391549595545291,0.00545026840182895,-0.0128519557109776,-0.132721604650837,-0.524517447265614,-1.15750728452159,-2.07839515868365,3.0508297392316,2.82910269039614,2.58921692328965,2.3747410611066,2.42167135439388,2.22741896309317,2.64358597264963,2.67453319381465,2.60459948093763,2.41619281459306,2.65598718837094,2.62911661588805,3.00453819465976,-2.9407062002848,-0.622445412256823,-0.978249151747548,-0.523200337025183,-0.626533733395477,-0.2339992214986,-0.146373346160899,-0.398548476330665,-0.0636109480431962,-0.226142734340071,-0.436378319035184,-0.201344802559219,-0.211207973702024,-0.258857517586723
101.5,1,0.151622952311498,0.370081433904348,-4.79314414940625,0.165275829646407,0.116616092294522,-0.391128878168324,1.07538026540184,0.519594488091287,0.409621674851009,-8.44073341354325,2.75715348551836,0.20966775093028,0.624153717707683,0.192796259021085,-0.537095029014103,-0.190453059210313,-0.579047596501116,0.370177660657434,0.331790261679616,-0.453655598188597,0.32511594467286,-0.349617354141072,0.197209398743997,0.0075788582628241,-0.521460933630866,0.184223828236605,-0.0686699262002019,0.132201646744512,0.0377238817677962,-0.0348200011989939,0.187623689463307,-0.0251331181216735,0.0701950967311947,-0.144771810310127,0,0,0,0,0.00359336522336462,0.00428310527855082,-0.0136736173248789,-0.134650531664809,-0.529011859292457,-1.16146838337396,-2.08402835943307,3.03393981145979,2.82359408790613,2.56695265891162,2.34278300498943,2.42692486191779,2.20875038069164,2.64129541761542,2.66259815159587,2.56581734091983,2.38461794280388,2.63189602152221,2.61538350928605,3.07369605709081,-2.92852640720189,-0.627197920934214,-1.04842153214926,-0.609930055869545,-0.686223165368355,-0.236758114511169,-0.14113377588911,-0.36993193800053,-0.0436465002298893,-0.214144181054352,-0.402362171455635,-0.183332829410745,-0.192632759037818,-0.256909965908951
102,1,0.152685831209424,0.355781994507905,-5.64550295781167,0.193403433981172,0.126091743897932,-0.399141618871361,1.12140548905707,0.528681121179859,0.416043452300083,-8.38634465479919,2.70153091658545,0.0382373928363212,0.645488172521764,0.233305334913741,-0.611817721077183,-0.152329238658327,-0.548824464213499,0.532748009769034,0.337320621146225,-0.503445987254171,0.353065696847857,-0.423152396037441,0.139343437148849,0.0586473046476465,-0.51429134886822,0.234332846570653,-0.114087965553709,0.018544445443188,0.144045133406632,0.00355474329862121,0.178355410388011,-0.121842358649175,0.0914661038495611,-0.0906118904464562,0,0,0,0,0.00327129314030472,0.00312195620753123,-0.0144815161973647,-0.1360946168788,-0.532251964352146,-1.16387172688451,-2.08750665977128,3.01982153334313,2.81959356994745,2.54696167842244,2.30869037117897,2.43210769095946,2.18979491895282,2.6393655599391,2.65067786120834,2.53032981578151,2.35660699497324,2.60856778305468,2.60296233608377,-3.10087670766983,-2.91816844886083,-0.633911767765432,-1.12734770998581,-0.691806501739257,-0.747419739593425,-0.268706617575272,-0.161470998207335,-0.359082071050375,-0.0500656184999676,-0.21401448698605,-0.365878228654567,-0.168658097201738,-0.170244123829319,-0.242815888349291
102,1,0.152081982386256,0.350986647766649,-5.54540731850445,0.165880865977329,0.115742423691343,-0.408348053025043,0.7095099749312,0.606189515279921,0.422383337352793,-8.34251363851404,2.62346247354347,0.0294306655415868,0.687432129920176,0.198661236939417,-0.609794595612935,-0.0179636395141276,-0.522578210845088,0.520826013781555,0.314523068033706,-0.536446929987119,0.363329187793137,-0.398980839175136,0.0743206070957592,0.0835625052234727,-0.494416631206016,0.286966276607956,-0.189144391432029,0.0382584416747396,0.165614592639301,-0.00115563858917571,0.168041538159057,-0.153256254264301,0.116735422002658,-0.0680498518896506,0,0,0,0,0.00294927975705674,0.00196677793225256,-0.0152759942200829,-0.137122779430489,-0.534421756157944,-1.16503956014635,-2.08938421186708,3.00801795543294,2.81739524348743,2.52938643080131,2.27277841177947,2.43783529665289,2.17203215369077,2.63350606474879,2.63739719814789,2.49964006892662,2.33302101533569,2.58674367993667,2.59230536583195,-2.95893740165574,-2.90814217365677,-0.6924490223903,-1.30140771168144,-0.857186926657448,-0.894907616706014,-0.394581715168242,-0.263362418401938,-0.424354371190845,-0.118186829312461,-0.251847175432246,-0.348217211636365,-0.153282980432891,-0.132476352290801,-0.207502502026209
102,1,0.157608831164726,0.358894985174423,-5.44956843923272,0.162078731578891,0.103322694596451,-0.418431305875984,0.860212212310444,0.558656524253219,0.4316281048295,-8.30199186752645,2.55029062119576,0.0250215292926116,0.70862305187774,0.185673474825232,-0.623559734829155,0.0199769907255656,-0.466054320562925,0.441992436440802,0.330866709283137,-0.520729949710802,0.309118644717828,-0.315334641702131,0.0176213451580399,0.0890202881777397,-0.52823346642871,0.355829724658799,-0.279643351411631,0.11353837957435,0.131660391679002,0.00279188526151622,0.148017347868858,-0.118360954119322,0.121968514947589,-0.0580473318891628,0,0,0,0,0.00262732512433709,0.000817527576173675,-0.0160573820866667,-0.137782268796773,-0.535666518364965,-1.16515352762311,-2.08986051361232,2.99820596120328,2.81667858896828,2.5143843561415,2.23664672076707,2.44305473364353,2.15736427083124,2.623721431116,2.62346877425046,2.4740655251248,2.31239583798558,2.56656538089842,2.58514661148102,-2.78732196529488,-2.90038148417258,-0.757627337326972,-1.47942566107326,-1.01789619608873,-1.03381600822398,-0.526748384027616,-0.366058566006457,-0.493542702087237,-0.189490510477763,-0.289227576345099,-0.331586451661761,-0.134697621250678,-0.0954143532008222,-0.16886762404322
102.5,1,0.145981201841639,0.351797727921191,-5.6162556821044,0.210040250797758,0.115169420417173,-0.431260616065656,1.06723553176031,0.5466513214124,0.425811399949779,-8.28310224240476,2.52542822306674,-0.00224196908921669,0.727842758825267,0.163229849581653,-0.598725376106588,-0.00113877335659639,-0.38093157597834,0.356621466197994,0.35232176684781,-0.524085649361358,0.267383456771842,-0.282184325786789,0.0285140476414307,0.0792560956033051,-0.502710608047207,0.362757959988004,-0.335367025794562,0.15290801468452,0.0929128092472625,0.027364387653649,0.120662636776663,-0.0896520409792922,0.111962059324278,-0.0366497167461886,0,0,0,0,0.00230542929279485,-0.000325837360961829,-0.0168259997461311,-0.138108149567786,-0.536056056764806,-1.16424514589457,-2.08901905261347,2.9899790689814,2.81717428994376,2.49957591282677,2.20319936457173,2.44644023475629,2.14492368496276,2.60923979679213,2.60966462304029,2.45415217860426,2.2929788718084,2.54685150686561,2.58050900120437,-2.59324130913867,-2.89640258854873,-0.77042400114076,-1.54162688760254,-1.06522328623735,-1.06495490157783,-0.570944979431697,-0.391902602229011,-0.494330156825001,-0.205557738514709,-0.286424800608893,-0.297245603238218,-0.111938812337726,-0.0730528456720681,-0.152884027517936
103,1,0.153052384053421,0.340178793327778,-6.00787301297073,0.246234768764523,0.114869648574311,-0.442677397001911,0.770114280534846,0.576037293339799,0.419628380237828,-8.25327654599279,2.50961635111385,0.00489354214918953,0.724200026543415,0.155701231213466,-0.612358607108347,0.0270115663508752,-0.3098629507747,0.331088513613208,0.310585167552441,-0.549534738383956,0.280486846807325,-0.297521202413662,0.0523866833477783,0.0529063097161416,-0.433180500393988,0.329873219343412,-0.276306288801972,0.105566850418159,0.0604168786051062,0.0229021191696461,0.156990369037074,-0.114794760202023,0.121515338745134,-0.0444722297245127,0,0,0,0,0.00198359231301197,-0.00146335900678161,-0.0175821568344815,-0.138162792639828,-0.535714842201527,-1.16253213933912,-2.08722255692578,2.98276327042733,2.81830327204445,2.48473659326622,2.17270344920384,2.44787698490767,2.13224146676441,2.59091760185193,2.59670371050101,2.43469852974007,2.27403708739415,2.52669986028246,2.57661669770991,-2.41539433110548,-2.89145831242144,-0.774272172133959,-1.57529859901139,-1.0829602016095,-1.07341152473888,-0.601936017594073,-0.404220933170775,-0.483940795341075,-0.212230628528366,-0.28230592279593,-0.273967347573609,-0.103094380473207,-0.0699898977589906,-0.156905181777758
103.5,1,0.136207097322998,0.325884868645956,-6.06631289622829,0.202115893869897,0.120605716252632,-0.437190295214082,0.835568867185626,0.57384264253842,0.415250697492828,-8.28959641239847,2.50688390972152,0.0240303859198589,0.709794262805657,0.169816880711913,-0.636462257835914,0.0524616492181568,-0.301773404950419,0.334002984147605,0.28864008503752,-0.565756332003007,0.270653683165168,-0.334806380797759,0.0391940859283832,0.06482966495941,-0.413706981967274,0.342041794288762,-0.252907996910342,0.0614254187046167,0.0651445174666429,0.0332975735601161,0.149468065479012,-0.128331833537374,0.151586201439785,-0.0712013346150476,0,0,0,0,0.00166181423550303,-0.00259507911990699,-0.0183261530857432,-0.138027984976641,-0.53458384036034,-1.16023207250446,-2.08617175542405,2.97505256193594,2.81955200186226,2.46857628223916,2.14283328434743,2.44896384051325,2.11828889393479,2.5723477740124,2.58433492920659,2.41584385828313,2.25268616064064,2.5051916343621,2.57471416000041,-2.27214651592726,-2.88396733750819,-0.781530457440386,-1.5999811376342,-1.08248110912626,-1.07061288392965,-0.637708850455303,-0.414916585647436,-0.474757683656311,-0.223318054475343,-0.280665636570982,-0.256638513750276,-0.0992021996558555,-0.0765594180954505,-0.165307779208669
104,1,0.128391888954574,0.325183283093298,-5.12784874592115,0.24654855506036,0.149479612469453,-0.426496950961142,0.973772013480142,0.547845118161499,0.414742909145213,-8.35401062124702,2.54292402135017,0.0756796332907336,0.661687810753622,0.173889611219894,-0.581602327807112,0.0682858999243363,-0.318799825242528,0.328126537508996,0.303244353543879,-0.544497597779501,0.261070782386414,-0.395113279978023,0.0533814754067709,0.094839510918735,-0.387864596676154,0.298448163034356,-0.240342748379789,0.051313617276292,0.100933517834335,0.01910520386257,0.121281350596488,-0.0918669766957333,0.158442173872688,-0.0950387657338917,0,0,0,0,0.00134009511071544,-0.00372103909354017,-0.0190582787235437,-0.137743077113314,-0.532648759829869,-1.15710520208933,-2.0855478246032,2.96701039610611,2.82229332293325,2.45032058736717,2.11441887141752,2.45164789295834,2.1063576130522,2.5543677291118,2.57261573759216,2.39928498723139,2.23181371541081,2.48186451847901,2.5741082812735,-2.13325597092486,-2.87735703176166,-0.798625222386475,-1.61433854788703,-1.056645897647,-1.05964869905117,-0.675451465073582,-0.429220837942694,-0.471881004171044,-0.239078511499585,-0.279196494182023,-0.243594085450083,-0.0975387576149615,-0.0889532777544696,-0.168894195364309
103.5,1,0.15625575772013,0.368832891246684,-3.59387517140406,0.174351630489361,0.117509436263301,-0.415604737514619,0.915874783385211,0.55739454868184,0.408182599557728,-8.38209869861261,2.58696999363943,0.0764907255966362,0.574861455986436,0.174662232023498,-0.541484260937309,0.0999803136337826,-0.332708922833905,0.31399647633538,0.281710991672274,-0.580528800741564,0.303349957082683,-0.410076866127508,0.0228694857039043,0.154054417480281,-0.35279456124506,0.19857175718644,-0.212851526712851,0.0763268583769442,0.104764080047479,-0.0544959293964235,0.198967096351595,-0.101141051233504,0.177203350033347,-0.136094372889723,0,0,0,0,0.00101843498902921,-0.00452425441015896,-0.0191714900727559,-0.136597738103201,-0.529780449077183,-1.15308474600516,-2.08464851735465,2.95936021676479,2.8277295477336,2.43261615253353,2.08935734435643,2.45685101067494,2.09949870534261,2.5375531219848,2.56334622537312,2.38166624814287,2.21555057320869,2.45814626905398,2.5748876984297,-1.98177787968996,-2.87003423288046,-0.832259746257005,-1.62848888683918,-1.00716977797186,-1.03758978854646,-0.701962487637814,-0.439623388228511,-0.471798288449876,-0.254717538274234,-0.282090418559797,-0.236585075292862,-0.0988739694992,-0.106758343367712,-0.1650600267996
103,1,0.161705889846845,0.399177075171376,-2.88157963434612,0.168596196245582,0.10085722001466,-0.398391750519686,0.726416893968777,0.615879270895336,0.39797669281878,-8.35753027210686,2.62765315880998,-0.00527010643240829,0.545515859557047,0.192837469922838,-0.533147730289576,0.12524757379075,-0.315772324278262,0.343086148132809,0.262183098246196,-0.586361980993172,0.281518365580715,-0.400142413622435,-0.0218394768514338,0.209901592727542,-0.342401369725947,0.19528581995804,-0.213417471459095,0.0806186478808777,0.0752002871723909,-0.063734780066658,0.228399260828513,-0.115142768645247,0.166009143808726,-0.151381552078323,0,0,0,0,0.000696833920757112,-0.00470822863764093,-0.0180973220465746,-0.133868319819886,-0.525607147888029,-1.14854627529224,-2.08395998323812,2.95170959088176,2.83415139385934,2.41638765396004,2.06602045208273,2.462227928019,2.09585530378577,2.52185416020479,2.55518039218593,2.36401085774456,2.20222492976526,2.43524733533614,2.58018423752945,-1.83951941192657,-2.86031101258317,-0.873545733978939,-1.64078280207377,-0.941323353185834,-0.99305024191542,-0.708296357568493,-0.435866805772955,-0.465034224631937,-0.26574918902479,-0.286323803409011,-0.231659102015159,-0.101564195920966,-0.125556233332362,-0.165637779675317
102.5,1,0.148591951683688,0.382167788099034,-2.86692854668362,0.146017033699248,0.104554202073047,-0.382761719493688,0.511836217963056,0.640252049763189,0.372978561197519,-8.31082526558597,2.61593977147625,-0.0702239707703539,0.527441818015158,0.198919250199595,-0.548316811566138,0.135885564076731,-0.284734677216889,0.387947725514035,0.267116790885431,-0.609848556688122,0.194299919081651,-0.357390682602574,-0.032733184248962,0.207671944299755,-0.343210393028096,0.232207803235072,-0.190767467802812,0.0486419872547138,0.034873440448063,-0.00605155151958908,0.199644662597714,-0.16468335464055,0.197961785909245,-0.113218414252663,0,0,0,0,0.000375291956144536,-0.00459378148248058,-0.0164611077660789,-0.130287397351848,-0.520375730357266,-1.14311737254387,-2.08219784241562,2.94492188068606,2.84139915970204,2.40187974505579,2.04288806027437,2.46562930685342,2.0936626136317,2.50605063164348,2.5477497878686,2.3491259346043,2.18953263017878,2.41426996737735,2.59011158667808,-1.72547372158424,-2.84986080169467,-0.919036700380003,-1.65392846962344,-0.876448650007233,-0.945215328457329,-0.70845049637626,-0.42780433798216,-0.458734715007473,-0.2710262724888,-0.285756270734121,-0.228669931653148,-0.10522535523918,-0.144468395609248,-0.171248027230588
102,1,0.156442309342161,0.377358490566038,-2.55801523679155,0.142362822359775,0.106704639848107,-0.375730166220501,0.867402082119511,0.622041098142742,0.380284595539552,-8.30783957909185,2.65467803083552,-0.0566277783328873,0.484521016680358,0.215143650147719,-0.514355491046296,0.148693039589269,-0.275987408920976,0.394057436523674,0.289788847037857,-0.621766129889156,0.139770965441584,-0.368121298593879,0.0234137568778643,0.226698494077476,-0.352268142858613,0.237541245297106,-0.201860909018595,0.0411019306744305,0.0360983202890787,-0.0235345409190859,0.219779646617249,-0.195759949552513,0.22331991333614,-0.0816531646955787,0,0,0,0,5.38091453695612e-05,-0.00447985544100062,-0.0148469259972746,-0.126623949414414,-0.514545964606514,-1.1364519932079,-2.07922601862493,2.93833071200849,2.84917647608776,2.38811789858446,2.01974832801794,2.46726651944381,2.09265318655888,2.48976317266542,2.54146168300268,2.33718687703,2.17633593866704,2.39473956999398,2.60187980555982,-1.6300989758414,-2.83723210273577,-0.977086256371351,-1.6767942621449,-0.819569127991234,-0.909284737398369,-0.7130848272783,-0.426665764202209,-0.458846534219715,-0.274468350284331,-0.282491795722394,-0.227829285697447,-0.108869104501963,-0.16335588492414,-0.167200846434343
102,1,0.16509350554456,0.384641430830207,-2.2363419884154,0.142709608684608,0.104291261177101,-0.374732416319303,1.42839661407744,0.58624373611412,0.413175771787323,-8.31186411643115,2.68996336615483,-0.0781080021484909,0.404743108692453,0.236355704499301,-0.468700609460839,0.128508334185476,-0.272030481049759,0.334244617203052,0.258671450686736,-0.615141001688426,0.118227650484765,-0.404503586127718,0.0820295222482253,0.281487173861492,-0.401562619281383,0.243492662730416,-0.182673045354128,-0.00542790845585501,0.0528448806577627,-0.0955899899931741,0.30514231317294,-0.155138330345826,0.154209553654683,-0.051557401697398,0,0,0,0,-9.68150941706433e-05,-0.00393222548114366,-0.0126041913390006,-0.12220561780563,-0.507818112443264,-1.12877316715509,-2.07555910647621,2.93095475099178,2.85672478745843,2.37311465215204,1.99648083822851,2.4684222006906,2.09220719269666,2.47456845830631,2.5354315314468,2.32659291841679,2.16258642547803,2.3757325566045,2.61172961711861,-1.55702270044377,-2.82446741279983,-1.03990628584817,-1.70584300281581,-0.766276560150701,-0.872718378061097,-0.714284939079567,-0.429490529354026,-0.457692542485453,-0.2734432090127,-0.278567222930771,-0.229181372357797,-0.111242334740992,-0.173593440995023,-0.156307671611269
102,1,0.158851803585186,0.378729160188845,-2.52917166822902,0.151156262079992,0.105379183546557,-0.380139614382748,1.07835374770388,0.585267814613973,0.419969402740696,-8.27159802636871,2.66417602627982,-0.0381325693161174,0.323709585822988,0.245467129826043,-0.419744329632445,0.133099815873874,-0.211187869284807,0.230121129526589,0.279889843549224,-0.629924066586639,0.079567316902271,-0.347005726479517,0.120119288759497,0.306355945709511,-0.446443989121452,0.158730279381826,-0.0600440274995853,-0.0387170678170792,0.0670137978228439,-0.146523359569873,0.296125016658205,-0.0269517180572773,0.0136356248596674,0.0356091108354113,0,0,0,0,-2.82043403562836e-05,-0.0028313753825633,-0.00954488862992767,-0.116727531719957,-0.49975805220666,-1.1199205019099,-2.06998542450285,2.92367740828,2.86490507114588,2.35798741519822,1.975632532654,2.46914458584332,2.09270144330364,2.46083440948185,2.53078770358087,2.3154486540204,2.14919194252524,2.35740203811068,2.6201681855773,-1.5031570194439,-2.81919381440258,-1.10395912409791,-1.74419685092985,-0.712758528754835,-0.827087835253767,-0.711872865333352,-0.433524275142903,-0.45250525368327,-0.272012714332035,-0.277576558306295,-0.235673403226841,-0.113422148382483,-0.179691674978094,-0.146624917779368
102.5,1,0.163507416832845,0.383638495031819,-2.50107321749062,0.152061659731017,0.105196432337216,-0.385065268474064,0.731422296130301,0.581100569718088,0.426878567353553,-8.17964205032437,2.65388960055561,-0.0476524480671546,0.278199833335641,0.25213424443828,-0.369609352542565,0.113699092430074,-0.2167477650826,0.209854225997707,0.318598781186636,-0.690324401210731,0.107752016801596,-0.3406174025472,0.189608760071196,0.291939815508719,-0.484577535322505,0.100270554504428,0.00784209910418611,-0.0410670493602491,0.0919937606529542,-0.147503963557929,0.233451553631268,0.0561797093089083,-0.028658248783062,0.0294868501553144,0,0,0,0,8.55981923192804e-05,-0.00162189044879032,-0.00633948785484515,-0.110999767552134,-0.490966167245422,-1.11006788733106,-2.06184165993035,2.91683853063173,2.87354210958772,2.34332919482669,1.95788517551364,2.46881805169455,2.09331445015666,2.44750974237277,2.52794487724433,2.30405981662531,2.13724481459119,2.33967595153426,2.62684927471157,-1.45634988399113,-2.82346296475618,-1.17979905658585,-1.79553113881813,-0.647081292661964,-0.761936464647706,-0.706966921702948,-0.441896027745048,-0.44621402537092,-0.272164112272904,-0.277259232810382,-0.244154044395775,-0.119127730324507,-0.185818394142117,-0.136023655739984
103,1,0.160257367184415,0.380332293887814,-2.44165619492939,0.168871999013454,0.102827456152244,-0.385843114622227,1.057437858763,0.548641624389683,0.429367726070803,-8.0569719282656,2.57520966667475,-0.016583508692876,0.202814652545419,0.250252347773292,-0.287789667237776,0.0860417812944815,-0.228887777171787,0.195583126606604,0.278590729927423,-0.694526199759464,0.156684513616645,-0.372265054294975,0.221541957711638,0.301601896200771,-0.448119519139575,0.00689452183085056,0.0466760753971345,0.0358403180698989,-0.0309291449867912,-0.0926478903734405,0.185720029850488,0.0950157032096858,0.00398149851065096,0.0133007647430542,0,0,0,0,0.000199388941556956,-0.000417199057935104,-0.00349875410302699,-0.105996567002666,-0.482838760219385,-1.10042090080504,-2.05228668085965,2.90920255780095,2.88336702854405,2.32840059828755,1.94213692283219,2.46820266698484,2.09299305198062,2.43443731958274,2.52613687827036,2.29214202293589,2.1276510639385,2.3227905424113,2.63030547606288,-1.41417587712344,-2.83407985427313,-1.26624182648803,-1.86484888474845,-0.575726518861011,-0.671698311388113,-0.688900820453948,-0.45655655170679,-0.446639816141334,-0.26822765733912,-0.272949597639477,-0.262079078458904,-0.13758589864766,-0.185306722373594,-0.119677808275115
102.5,1,0.125904347425107,0.348024624208861,-2.65021190185993,0.136269994026434,0.104722310126582,-0.391804977751397,1.42136897262029,0.545829582384936,0.429875305303847,-8.03499106337815,2.59297933661318,0.000911362347142111,0.181962264769911,0.188675693253594,-0.220670598452839,0.0494116500645626,-0.226206241499145,0.0885952560118853,0.323110554936656,-0.692126050229837,0.0867115903555492,-0.285196979987974,0.234427878000935,0.354639041934881,-0.438412502032014,-0.148954194992189,0.138569965155194,0.066887047090546,-0.0955912854097394,-0.0839539089373053,0.2072411361245,0.0760148806826356,0.02978034195169,0.030826590373924,0,0,0,0,0.000313167906240451,0.00078272375494327,-0.00118181976547853,-0.102038785747183,-0.475869649564579,-1.09183914713482,-2.04266154752359,2.90094145485879,2.89489192953378,2.31337127443953,1.92875580344837,2.46772897328783,2.09265133038932,2.42160830803846,2.52448721191341,2.27937996479464,2.11977946681787,2.30681104021114,2.63193633365429,-1.38452549310367,-2.84142263844069,-1.34682789218391,-1.95514114434192,-0.535294467823362,-0.57196545049276,-0.632757281806785,-0.437913670458824,-0.438485628229178,-0.282160947528235,-0.298316367008511,-0.297048795850712,-0.152506070802251,-0.171754832369931,-0.109002771808336
102,1,0.140270573150131,0.357510478303747,-2.85085517870803,0.151090299047721,0.105116699539776,-0.392857676529358,1.09845140175594,0.577866019183316,0.430835074485567,-8.02188754201692,2.5868325815584,-0.0224378260182003,0.229641534481418,0.0961298123421891,-0.116067088756406,0.00865763673619361,-0.201158617312697,0.0157720293015222,0.369074868977367,-0.651826762948196,0.0455692270247858,-0.225332753347444,0.213404782639707,0.346565950772637,-0.427807641730607,-0.177220457145648,0.156008754102917,0.0959778664684957,-0.0961752806758656,-0.0958236950167753,0.20818303513813,0.0727973436498018,0.0105371662510628,0.0814622347965219,0,0,0,0,0.000330344826646237,0.00136499669117443,0.000162140597223426,-0.0990632042561097,-0.469889890305061,-1.08373354763603,-2.03288696336456,2.89473111730406,2.90795342532465,2.29877693512627,1.91846358937582,2.46893128698191,2.09409068964115,2.40895709011256,2.52291921367289,2.26761736690253,2.11373162376466,2.29239122697512,2.63131019561537,-1.36363076782639,-2.84106905112704,-1.37453056950206,-2.01181852379221,-0.544394743346185,-0.521689771171024,-0.593722647492949,-0.404133137266077,-0.417160810226303,-0.306183264183467,-0.332592962429118,-0.317133740307155,-0.144068048114238,-0.148558079105737,-0.117192256180931
102,1,0.107159801753876,0.336614410941659,-3.38285987138815,0.149683075278754,0.08991463239538,-0.388818137645751,1.06157624416575,0.583479288304105,0.435746392003433,-8.04019310869597,2.61593378560305,-0.0397403341042021,0.186802013385635,0.06336667103546,-0.0618256708551668,0.0341982503147642,-0.182641535171923,-0.0822025052828357,0.335600801847118,-0.59806709299327,0.0494891632445308,-0.30661537305162,0.261290703738077,0.361975186019485,-0.440906332908258,-0.0968885809618582,0.0422493877947068,0.113540560880377,-0.0658752467662433,-0.142015704323875,0.230467244002326,0.110710904563498,-0.0296571822957792,0.135122379138664,0,0,0,0,0.00014625605973118,0.000678588027870226,-0.000106527731201939,-0.0974373413598996,-0.465447000178081,-1.07708685432676,-2.02363916772975,2.89086234971967,2.92286689287235,2.2850170268669,1.9107966345472,2.47195221791712,2.09905526823599,2.39643447268761,2.52238410360044,2.25862820897004,2.11011377701693,2.2805515472532,2.62517782525665,-1.35326020998771,-2.83929612457672,-1.34686989738093,-2.01940841620082,-0.58449230498194,-0.519045059721053,-0.592360917172829,-0.398145285373977,-0.403839829873489,-0.315907832245711,-0.339711192410289,-0.314817206366846,-0.125194474613457,-0.124686186844633,-0.132471514765235
102.5,1,0.109856402027506,0.319118711175473,-3.07236001371022,0.109509015003281,0.0911849723349248,-0.388496580113752,0.844618062779276,0.573645237447235,0.45077398128008,-8.06179263978616,2.66886433710561,-0.0497217029771035,0.155219304010995,0.11640831997308,-0.0978406545826719,0.051783287947535,-0.189305450217403,-0.0365691503421353,0.314826303349238,-0.603361546984164,0.0824663612643637,-0.333262386353737,0.291655417409597,0.330643962151299,-0.433418356344651,-0.0476942866470777,-0.0384067946749067,0.113562010563141,0.0884481595351493,-0.243941523765491,0.198329523724371,0.157151928046441,-0.112957054819723,0.265388146165707,0,0,0,0,0,0,-0.000437828146484011,-0.0965168664852353,-0.462950277061243,-1.07318592907665,-2.01547914770348,2.8890396538422,2.93879405235586,2.27292271523719,1.90469004941468,2.47545795228167,2.10651945311807,2.38446283721866,2.52394020418712,2.25201160392907,2.10823626153186,2.27133225580702,2.60778329386614,-1.36652693071207,-2.83916218090239,-1.30827257389284,-2.02359060888349,-0.643725902832759,-0.523687177957097,-0.582132704106174,-0.39201098784192,-0.392886548471217,-0.330565995832081,-0.349211042830579,-0.303589934922199,-0.0973500795068441,-0.102594766228819,-0.154122121472847
103.5,1,0.146910437258286,0.360226858544436,-3.32426095101485,0.14943426468652,0.103717793182623,-0.389191031014696,0.513293138294962,0.558523098382643,0.459542373983635,-8.12280498520795,2.77798684118837,-0.0596958276417463,0.131968090659098,0.0745681596324216,-0.139468690659553,0.153187618348387,-0.293467546306815,0.0293681031838509,0.293804673428217,-0.53999504794547,0.0581294744338726,-0.357459070324838,0.236614718908132,0.384405757382293,-0.452363806875027,-0.0316397607053326,-0.0837242247905492,0.188435236919203,0.0853007070612495,-0.217990682597588,0.106444922863179,0.17055353699977,-0.0793465350017187,0.232771405454583,0,0,0,0,0,0,-0.000198261357936905,-0.0960043561609827,-0.461987736988362,-1.07110685297896,-2.00726786593541,2.88821558394539,2.95556159594354,2.26320849676435,1.90068324381118,2.4787740620055,2.11666328590788,2.37363783883588,2.52710751485656,2.24693563866074,2.10880407631659,2.26409421241948,2.56890224160915,-1.40136245046734,-2.83769658282591,-1.26698164341996,-2.02729939864576,-0.703876912748249,-0.529979916086011,-0.571954677409508,-0.383530818100548,-0.380505837081854,-0.346835802441784,-0.358469640939528,-0.288835902263993,-0.0711922258222693,-0.0853860192952517,-0.182520127083364
104.5,1,0.152167161216338,0.384356161598787,-3.60183091180278,0.156014225074317,0.104260012800479,-0.391499288816416,0.728014797664034,0.563020701241435,0.452820785539914,-8.10461265270676,2.79154418592024,-0.0814549273624836,0.114974111840474,-0.0534038470743327,-0.0884613059987477,0.262660725627356,-0.293341231770029,-0.0950048105701752,0.304530849237773,-0.386122337540281,0.00564608447696301,-0.484388718949469,0.252026281930461,0.416000905048722,-0.451621366610021,-0.0299150406863189,-0.0496240155847833,0.224881363390257,0.0270193768698331,-0.280420777272756,0.169669444525097,0.199027611713192,-0.177838685151471,0.280811647343241,0,0,0,0,0,0,-0.000220531840940706,-0.0961223587444087,-0.461769173186561,-1.0699179294847,-1.99913488400051,2.88710074942435,2.97290901971138,2.25644853828033,1.89957545876941,2.48190152556535,2.13012830940122,2.3633102245762,2.53078978238853,2.24320781925131,2.11091609833439,2.25738589095997,2.53363094817588,-1.4424582450326,-2.83031810173539,-1.2322393694012,-2.02907674775769,-0.743728502095045,-0.534931253473286,-0.567045791898349,-0.377843039639519,-0.371780293281115,-0.35549077160721,-0.360341682845658,-0.285148772938071,-0.0600936969782485,-0.0730721105115032,-0.206897298858315
105.5,1,0.153574478046413,0.388160730721284,-2.73188997485303,0.163886867175468,0.0979392985159998,-0.386474029596234,0.726328479819714,0.581691730448822,0.44324346921632,-8.16868156300276,2.83070345201161,-0.0771602070231027,0.0677554577022849,0.0303580227967847,-0.0963071128709031,0.268132168976167,-0.293605239754683,-0.0324126287984402,0.354745028332871,-0.497957831333205,0.0350970264209536,-0.410951427814718,0.149624459339276,0.466674958473649,-0.487587070561893,0.0383614476944576,-0.0225814159238598,0.10642394218788,0.142069725175259,-0.291351144228815,0.14539059975673,0.194537846886847,-0.206648917193464,0.303090011621556,0,0,0,0,0,0,-0.00030214113610394,-0.0964643987379908,-0.461399438263636,-1.06904065733446,-1.99257658362791,2.88493414659925,2.98936847915582,2.25108605579496,1.90004371883068,2.48468970825627,2.14453591578366,2.35331253166122,2.53375908564511,2.24045555975841,2.11317313181477,2.24871199735102,2.51899381760869,-1.47251781151743,-2.82074559721748,-1.20628351368328,-2.02638003461571,-0.770088952495333,-0.546039210241697,-0.563970942201718,-0.370713929050757,-0.368229221632805,-0.360342598446979,-0.356679744040741,-0.284191593371923,-0.0556994926779053,-0.0624305334668945,-0.229147879249612
106.5,1,0.142752614067244,0.37443137254902,-3.1927566382439,0.157595298667381,0.103183790849673,-0.379939120959891,0.720180399878352,0.561148502303508,0.438366707106004,-8.2711716621611,2.89729047832163,-0.00249908124454776,-0.0614419811624688,0.146130741575159,-0.187022364762786,0.286618583251062,-0.306876332527572,0.0123806593799611,0.32275150602559,-0.486484937451471,0.039786495906385,-0.445780674292185,0.134318118057,0.535072469311116,-0.508362471610867,-0.0123876988518195,0.0249797260869928,0.0514363424303753,0.149926366133686,-0.269597484483199,0.157969282518538,0.193085372184282,-0.215598230293267,0.248542450248229,0,0,0,0,0,0,-0.000383750556140511,-0.0969144237655031,-0.460643342001724,-1.06805286055845,-1.98714438634368,2.88186661555147,3.00498366222487,2.24631485274627,1.90165307382715,2.48650811337859,2.15933742176901,2.34451707316132,2.53587360219673,2.23871043972223,2.11598977211614,2.2366318902966,2.50361582208898,-1.49085927648879,-2.81764855628358,-1.18598287745385,-2.02294207360594,-0.790298762449916,-0.556123365094869,-0.557536822317413,-0.365809084680184,-0.366881257020997,-0.360980289576689,-0.352116312309887,-0.281315679758571,-0.0543853479066866,-0.0565150704743529,-0.251306472186256
107,1,0.143721043595257,0.389095446798149,-3.41908100224076,0.160922130739135,0.10295726807889,-0.380246274293842,0.72148801545813,0.5472670856938,0.437143958886755,-8.37089503524804,2.91472507852919,0.11021498637557,-0.160745962037356,0.199754263617843,-0.194441925984717,0.318250264182529,-0.357110191943865,0.0199564812593294,0.316569627709933,-0.457146648353259,0.0344560718448219,-0.448908714061636,0.0440828408621244,0.630510844727734,-0.492223742163489,-0.136830685215526,0.110164942880867,-0.0429924669932821,0.190647125240285,-0.231076416429372,0.141093123997766,0.230188184993854,-0.214176791355372,0.194581720702101,0,0,0,0,0,0,-0.000465360099963655,-0.0974865598041809,-0.459710772124271,-1.06656516045563,-1.98117879341648,2.87797941735154,3.01956108202668,2.24232936792604,1.90653323606384,2.48758738852477,2.17521486160907,2.33735400604392,2.53727594541587,2.23936532559829,2.11835951515299,2.22397731539516,2.48328841905741,-1.51391331408536,-2.81884725739558,-1.17236159434333,-2.02147538816209,-0.806306484429833,-0.565632179839763,-0.548183296778926,-0.36248450651517,-0.363368097254354,-0.356665298253747,-0.351673279306486,-0.275854953272791,-0.0507746280391897,-0.0562449796381098,-0.274277770528577
107,1,0.154886220331542,0.39716036036036,-3.47206218226277,0.164873249548321,0.104038558558559,-0.379475948527348,0.71609619997831,0.530406547358935,0.433796254060901,-8.41911590077044,2.86812550253122,0.196645824464411,-0.112145081618936,0.133782794147486,-0.134070530467143,0.359832065519556,-0.397573270457932,0.0524596033454382,0.195936689409397,-0.314984384066445,0.00632368856691499,-0.557456135876346,0.143521854222787,0.586205880696794,-0.37053908284955,-0.280435121486705,0.142443073353118,-0.0391313344748439,0.231358553231905,-0.260388725323186,0.0984117324476955,0.322700227601223,-0.216427741149169,0.115663287890821,0,0,0,0,0,0,-0.000546969766486597,-0.0981762877268723,-0.458408797903873,-1.06417806814912,-1.97413042714392,2.87331067929395,3.03349081769638,2.23824313124111,1.91448137943368,2.48835324281536,2.18948624455653,2.32932815119135,2.5371437518414,2.24141132811615,2.12002978511235,2.2117059190484,2.46288848121788,-1.55398463068583,-2.8168686605798,-1.16123939802464,-2.02273834796385,-0.825096835233116,-0.571657486488711,-0.536019096151592,-0.360447043667607,-0.362911635467514,-0.348809002826461,-0.347311378080818,-0.26776782566909,-0.0533012184790899,-0.0590633188523074,-0.289326483206036
107,1,0.139682465734595,0.3864,-4.23902297534527,0.164455558400587,0.103528888888889,-0.38643664489248,0.709531665781461,0.513498165968653,0.432008691169439,-8.51893300451588,2.85327442862632,0.315496253136422,-0.0963979252611711,0.119732736113165,-0.135727391978666,0.423245685065037,-0.470148107981132,0.0385844989491348,0.198834520642736,-0.234308318564188,-0.0145436276473744,-0.655276509711175,0.250156933590687,0.48796369523227,-0.213135613223719,-0.42971195812702,0.199770904714141,0.0117949160158359,0.187466893878337,-0.257124322417896,0.0628362124284061,0.369957880418305,-0.213444266630114,0.0593450717543389,0,0,0,0,0,0,-0.00062857955462254,-0.098947698328035,-0.456677055154319,-1.0608355061437,-1.96554825095687,2.86933682389382,3.04823658548432,2.23477016706968,1.92397746297324,2.48761596512129,2.20070404650154,2.31954060668457,2.53590565474966,2.24195788977961,2.1213919972735,2.19829908387666,2.44620233662894,-1.60992987636523,-2.81541664711057,-1.15112974730575,-2.0261324482529,-0.849536276600014,-0.573151390895263,-0.517380119493536,-0.362108194978772,-0.364024499697195,-0.338369942325239,-0.338578244218662,-0.25795557673324,-0.0617172979137853,-0.0676906440625328,-0.294654387948203
106.5,1,0.128817846261962,0.382753930003153,-4.49177916410898,0.178062789697261,0.102958004894674,-0.395904464945973,1.05538292941397,0.534102501096217,0.429345892087842,-8.52403905148005,2.91856102668118,0.222551562490425,-0.0226793741727239,0.151975855344263,-0.217861337103081,0.379846642480932,-0.434823456970386,-0.00857085122854926,0.174996499370244,-0.187921291996725,-0.0519023178069746,-0.557887207736823,0.252038369827091,0.34037685978122,-0.182466648389924,-0.381738359498599,0.171477316971099,0.0705587539674382,0.0881265263133038,-0.204881714176094,0.0538597611700802,0.305574211094299,-0.101605955825377,0.0186763815379568,0,0,0,0,0,0,-0.000710189463284693,-0.0998660736888827,-0.454752935997378,-1.05687865905996,-1.9554155394817,2.86499019656117,3.06392549556424,2.23180660126912,1.93475126115053,2.48576257044981,2.21026794227042,2.31108766941328,2.53523839277684,2.24105858093924,2.12155031354478,2.18371226283567,2.43208920635608,-1.66519418521536,-2.81416543963443,-1.14345311161734,-2.02732560693251,-0.869760482280529,-0.573352417368314,-0.497959108194507,-0.360907800121999,-0.365757910429185,-0.3296561162463,-0.333002619986916,-0.252403454755778,-0.0711877594597027,-0.0804763567757051,-0.293906353407545
105.5,1,0.118128379995153,0.362459777208518,-4.27836609693851,0.227254909713253,0.107305762377625,-0.397224094819884,1.35230635381832,0.556905173733608,0.42744942208802,-8.69814556097095,3.039841548612,0.223739766020625,-0.0465700740075022,0.334297864829973,-0.256706683841043,0.239574840623719,-0.353744204204716,-0.0161120735517883,0.162060198679209,-0.115926610340591,-0.0538055284178647,-0.551903624045877,0.217978583433611,0.333894907390785,-0.180962136266951,-0.317137184973545,0.0885670283758874,0.0783691346490217,0.0881728408933308,-0.180491599141145,0.147153338103028,0.168074016755756,-0.0879260008157271,0.0819004099363378,0,0,0,0,0,0,-0.00079179949138624,-0.100992655117379,-0.45290991964706,-1.05275266281352,-1.94399079867744,2.86068944434793,3.08066833398393,2.22924659211864,1.94671804420265,2.484705362805,2.21817091364298,2.30521521176759,2.53586482271123,2.2388816374371,2.12253091268037,2.16854447299303,2.42175987628295,-1.70490196832708,-2.81010865363626,-1.12882946014558,-2.01011184492057,-0.867069302586912,-0.567265708299219,-0.488441236810769,-0.358813304637801,-0.376429161927635,-0.332377381894137,-0.338769779491869,-0.266235800619152,-0.0970373008186486,-0.0995007652609829,-0.283272919000863
104.5,1,0.0869544216617857,0.311917072329074,-4.10997401568512,0.267666810920768,0.121885220317822,-0.39524254057388,1.28465400062626,0.577478962158478,0.435525807856441,-8.96442103406943,3.07225851189198,0.379393175394823,0.0352124403630657,0.349201872794091,-0.218973951180129,0.142125593308925,-0.322065450272163,-0.0770708658108804,0.0692795878082309,0.00555078421284171,-0.122610447449029,-0.479287973939051,0.262496802483825,0.268816141145378,-0.226166763942403,-0.216317842439673,0.0140440613008711,0.0877846607221988,0.0976427774084605,-0.115337895263801,0.145731299230001,0.0599846600243812,-0.134409349976139,0.182219570523262,0,0,0,0,0,0,-0.000873409637840369,-0.102378051263257,-0.451356448462028,-1.04892648942195,-1.93242297283844,2.85632760420509,3.09740822622556,2.22717072753897,1.95919917749389,2.48386064673122,2.22376444366786,2.30135249257463,2.53592406382361,2.23603803922069,2.12524448552748,2.15582546136754,2.41819973364402,-1.74147774174819,-2.80731838063111,-1.05167466269611,-1.89084722932147,-0.819387421013442,-0.573113881263454,-0.531450355564617,-0.427055092585764,-0.452679095363763,-0.385689271916283,-0.376520420289125,-0.296495945184641,-0.121805942629404,-0.0909107247202832,-0.228260730817281
103.5,1,0.0991866537864633,0.304369096044434,-3.95818140672494,0.245744112007412,0.135989026582159,-0.393408019714728,0.976940899242263,0.596796607192493,0.440836480230995,-9.27802100524143,3.03881638861413,0.584348144358568,0.386113321685065,0.285580000138894,-0.194516327732161,0.134611651676143,-0.32977809377794,-0.249901494589366,0.0602669218892211,-0.0533301211050616,-0.0844041827352391,-0.353826466567409,0.309595981111818,0.0932671326038213,-0.270867976980756,-0.15320786996015,-0.0247654726221517,0.103994527897896,0.247548539453427,-0.10324687839999,0.0754281117216372,-0.0104404356129687,-0.0946173290586375,0.209194990006538,0,0,0,0,0,0,-0.000955019901560248,-0.104034008136423,-0.450191873498363,-1.04565534880814,-1.92098835180549,2.85166221731165,3.11284064085108,2.2249216052979,1.97236117898277,2.48272626327005,2.22741214848664,2.29886541916286,2.53528596792216,2.23434949754908,2.12868301789812,2.14736494771184,2.42023053877803,-1.7796782414486,-2.80631222389878,-0.932016800134396,-1.72024153861129,-0.788005766007155,-0.612756111371289,-0.601939958343837,-0.517424762418203,-0.540414383835548,-0.444597273119289,-0.411094710129267,-0.320443438344191,-0.151137777999174,-0.0914868215120595,-0.164302419277137
103,1,0.123061655125104,0.34055193067328,-3.799377894471,0.195464279781338,0.118718959828174,-0.394289808198465,0.495560224853925,0.618055777488644,0.435319735293426,-9.309220933255,3.0551591378729,0.621366330573653,0.522022177746489,0.1872855877929,-0.335389234109984,0.11829720074485,-0.247503063217747,-0.30725893920149,0.0165253174238923,0.0298641126633131,-0.0707760096270503,-0.382559501141928,0.29165623849087,0.00163920770666594,-0.312623452333097,-0.0767725062919481,0.0401389488572494,0.0732867051896395,0.189956161187025,-0.134142018031776,0.195593918376788,-0.0586482352675199,-0.0929780716091957,0.18479614126044,0,0,0,0,0,0,-0.00103663028145905,-0.105929864302071,-0.449352403700801,-1.0428280068459,-1.90938661942402,2.84720043222698,3.12686837241434,2.22280145256463,1.98682220221256,2.48107512354002,2.22980317943446,2.29638108890384,2.53554580866375,2.23314709609609,2.13396533727747,2.14271758916217,2.42300117585218,-1.81078806056903,-2.80801871231332,-0.838181356855621,-1.60281135943222,-0.799701337880958,-0.66300421168308,-0.650336504874443,-0.557944454169542,-0.569494171997043,-0.457122591390501,-0.419323394090933,-0.337617771226127,-0.195857883278075,-0.130743375339,-0.13259854500313
103,1,0.116860239175961,0.343940845903579,-3.72554550983824,0.183931242870772,0.104698586217096,-0.398989882166359,0.30349902612782,0.618861126376462,0.432697715770909,-9.30113445605745,2.8242067200755,0.57575484734329,0.652566007701153,0.187561558566386,-0.338982043140412,0.213509988645698,-0.187629584180847,-0.303212252140227,0.0631668059994002,0.0157003199675702,-0.0111501840509261,-0.43615920497699,0.263740685394044,-0.10392448073071,-0.277747326782123,0.0550249959089562,-0.0311689777397063,0.0567707731646426,0.199199591631959,-0.135259757659451,0.128843131371577,-0.0112895137947264,-0.0720635189210265,0.207722488393847,0,0,0,0,0,0,-0.00111824077644991,-0.108111433034135,-0.449001052753096,-1.04081896053031,-1.89840441033483,2.84206935301589,3.13971170351004,2.22025655039388,2.00126955597286,2.47727421720924,2.23018412240982,2.29289498924094,2.5357002455777,2.23327879326418,2.1399291572886,2.14014582108893,2.42345187930408,-1.83793927276978,-2.81387863825753,-0.763967271453834,-1.50893341647738,-0.804414326337402,-0.70244045387839,-0.69434793653394,-0.592648088185338,-0.595484449497174,-0.46473948215091,-0.42512627915253,-0.353050391964821,-0.229941804359579,-0.159217504437673,-0.103304684350907
103,1,0.125078347203245,0.352823776569451,-3.72277897202569,0.171904509026788,0.109428077113198,-0.40633681514818,0.799461484531641,0.586577095262132,0.428223069432191,-9.36066196417581,2.81349581136245,0.544734465315478,0.581999437388033,0.217090442329989,-0.235391397995285,0.197626878474918,-0.0616979965032426,-0.223607520862622,-0.0424181101794204,0.0878157351861087,-0.0285313828438418,-0.388404311334868,0.244088407291241,-0.132406812308361,-0.317268093261,0.0571835910770048,-0.00202958143388688,-0.00599015177647454,0.242118336135258,-0.0826686469863514,0.151942521200188,-0.0327087747583708,-0.104250700311823,0.130377760275205,0,0,0,0,0,0,-0.00119985138544599,-0.110571717127987,-0.449156266716078,-1.03971120971487,-1.88829506766647,2.83631621894925,-3.13107125548221,2.21543672336918,2.01392565024029,2.47066466701046,2.22809551314087,2.28785015583818,2.53417611737621,2.23711705184536,2.14455014241309,2.13857677007659,2.4215478567247,-1.86503297183018,-2.82296354774776,-0.695333572246263,-1.42797793294226,-0.81307466603236,-0.734042993964393,-0.727908544258705,-0.622990487634484,-0.628862651359122,-0.482919033517831,-0.425438851478373,-0.360515427641263,-0.25437189264381,-0.17805036235001,-0.07693874524001
103,1,0.151901693068114,0.383817728274742,-4.1076687649851,0.167923745020397,0.124190741385311,-0.414267489981836,1.29386257201675,0.552678246805637,0.420554663807109,-9.35370880484232,2.87455008017885,0.741048063568031,0.419631249526855,0.053379263473255,-0.16669437811955,0.00325910215213451,-0.17238537728582,-0.295626339259458,-0.101736884100032,0.221788654318683,-0.0438687707490777,-0.377433001963415,0.181769624175926,-0.0308864769906638,-0.183713294062475,0.0200832568030475,-0.0270582412884244,0.0490453941847872,0.239017385701783,-0.0578764499368166,0.094729619025717,-0.0301222242037397,-0.184003546593046,0.0887080297740713,0,0,0,0,0,0,-0.00128146210736042,-0.113298789897705,-0.449736717305061,-1.03931369318925,-1.87739980807627,2.82986387778353,-3.11829128174146,2.20913691270244,2.02558398631198,2.46249110459014,2.22498570015712,2.28238210975435,2.53026607340134,2.2425772283187,2.14888689892036,2.1358000916737,2.41627195783878,-1.90223730329068,-2.83668444835885,-0.611387676197107,-1.32760408170867,-0.803114959319917,-0.740568481060383,-0.73003796776307,-0.636409331868409,-0.653225679703414,-0.503152396012181,-0.428130645697272,-0.374162083868007,-0.283869524542406,-0.214171993214377,-0.0858895396094631
102,1,0.147829276876383,0.379166288257197,-4.13567320848466,0.156882557075737,0.112272143440975,-0.420334618851796,1.30988682461283,0.550996591195154,0.423308647646535,-9.32695860234589,2.78369026912781,0.590264463829748,0.0257968190795607,-0.0471311749701695,-0.318737113010527,-0.208740940865163,-0.307350550068073,-0.266341040795087,-0.129858217321369,0.0619206506466962,-0.0316857698937045,-0.411580908747415,0.0837595861316089,0.0635141663086599,-0.129443181971358,-0.0861258092609213,-0.0226509203852297,0.094496327525578,0.280356552617637,0.080880047840848,0.0443354129172929,-0.0848636701852687,-0.147706669479852,0.0401556036984878,0,0,0,0,0,0,-0.00136307294110633,-0.11610314009366,-0.450228466964836,-1.03863907277195,-1.8638532378458,2.82231815461675,-3.10498616578102,2.20231800508403,2.03729073123234,2.45325942815679,2.22000806759385,2.27690474120861,2.52367065940356,2.24580053612218,2.15364955607068,2.13031602485007,2.40675208722115,-1.96875298579234,-2.85457071391679,-0.511252077263399,-1.20896920837215,-0.774496714534294,-0.725895780483911,-0.710550105486162,-0.632231249050378,-0.664552706859861,-0.51675072390465,-0.436074557652726,-0.401736976489864,-0.324048054128052,-0.264866772123301,-0.128743058509314
100.5,1,0.155529003465054,0.384123680689758,-3.94846367278849,0.148434474119321,0.103411759936214,-0.438668977973115,1.34036604524119,0.547360240143777,0.427910496554545,-9.50061587165665,2.19463295596268,0.675294745569318,-0.166954352065665,0.303578247380646,-0.412031181151614,-0.120844120831805,-0.215480013190935,-0.195051632741628,0.0329318750460213,0.00135229386638135,-0.0837535523329135,-0.499724335493059,0.117327337282522,0.0760749711924181,-0.0476850061830031,-0.221062582269959,-0.0139353712797559,0.214251889060945,0.124368109774364,0.00165739718164207,0.0775070584057114,-0.0628305383623629,-0.0522533693501177,0.136319713586958,0,0,0,0,0,0,-0.00144468388559684,-0.11875491144814,-0.450207449435036,-1.03689163541086,-1.84688754605696,2.81557702548947,-3.09044654732883,2.19639855740567,2.04949470219785,2.44215646941378,2.21397409893853,2.26976236531315,2.51429890404895,2.24500439132996,2.15798473063725,2.12385661538118,2.39271236791864,-2.04515091470532,-2.87057261813352,-0.419755136964127,-1.11540544308228,-0.768989728901727,-0.723805426874711,-0.698137732407765,-0.635800550678352,-0.674548890755777,-0.530972637896323,-0.443332862664775,-0.42479128753195,-0.357208891687061,-0.29351969515058,-0.161565845739316
99.5,1,0.114128741203079,0.335698096341697,-4.95680968708133,0.39714479285476,0.117583722724554,-0.467675533755134,1.28210382096032,0.498989646489408,0.421566570321722,-9.45351757153329,2.35839964286597,0.74524847452223,-0.397652864709966,0.0957850184178237,-0.273289252270173,0.117497556312371,-0.292431355518558,-0.0476363907847055,0.110444161314606,-0.0932371976682662,-0.00813176879788547,-0.41463249589625,0.10385096278057,0.0726787122332479,-0.0119686324933398,-0.228959788558375,0.0343625894113365,0.171209954111379,0.0609647748991449,-0.0577780068328858,0.0880982205272227,-0.00197602127560876,-0.0225134583023724,0.102604874302174,0,0,0,0,0,0,-0.00152629493974505,-0.121167224702781,-0.449573836928381,-1.03427100098504,-1.82626892427527,2.81278172101426,-3.07405832422396,2.1930639442575,2.06095694505278,2.42843556980224,2.20895306130091,2.26058826653272,2.50164003351141,2.24217656676933,2.16144170471271,2.11435910011188,2.37560930683978,-2.10713150398503,-2.87419783746297,-0.345242236752289,-1.04635515393154,-0.782317298607655,-0.740140366995126,-0.688207126754553,-0.648909814200295,-0.685700097183252,-0.546215940859476,-0.450849861668817,-0.437094318394745,-0.375674006599693,-0.303562035149349,-0.184014592909669
98.5,1,0.117522206970167,0.322686914744652,-6.46881403787388,0.310625568647482,0.11853152222885,-0.491317315676465,1.35495542218012,0.509584692879888,0.417685237067611,-9.35503019874372,2.26894681475734,0.633677224720388,-0.314454013317473,0.203317133292801,-0.129375270930548,0.199075055650783,-0.189859283122362,-0.000215523071538935,0.171652913737097,-0.159378845901724,0.0912125465771467,-0.402934722600798,0.0481804041361532,0.2137613056559,-0.132026523741688,-0.104900701295877,0.0431921448491332,0.0865914775003599,0.0803873909994323,0.00196581388070878,0.0461303339411703,-0.0313197065561824,-0.0602703527437239,0.131440174969282,0,0,0,0,0,0,-0.00160790610246406,-0.123238665019107,-0.447945994022778,-1.03009779525451,-1.8056446958746,2.81269275269336,-3.05891170146264,2.19190989557478,2.06942752917564,2.41377359475077,2.20365674629516,2.24980358808409,2.48560082875928,2.24235993131384,2.16279182504332,2.10448062843607,2.3592369371175,-2.15410342575543,-2.86484075530685,-0.284769601854845,-0.990164267135908,-0.789798304799448,-0.758301023269423,-0.67585200518533,-0.655574393906632,-0.695227894904001,-0.560260642209639,-0.462020559568969,-0.448062116756707,-0.390116077317128,-0.316798673430738,-0.207276698057355
98,1,0.137281326799698,0.324484290118925,-6.76219889050585,0.181203941219421,0.125953828773716,-0.504026692109389,1.33751899968029,0.515700264237002,0.449943341322188,-9.0743562047662,2.38009319650486,0.365766996776184,-0.248921780832324,0.0902359700301873,-0.0671164193295149,0.357606576094349,-0.230251056655718,0.0766311315178273,0.229757585163779,-0.151446972653752,0.295473474225273,-0.488308840607572,0.070126076714616,0.349113963728089,-0.217824731372214,-0.164386009043116,0.0305584098852632,0.0227108523767321,0.0439774068819638,-0.0108636873990274,0.107545716146117,-0.0184766953580464,-0.0727407481528698,0.188881166562886,0,0,0,0,0,0,-0.00168951737266697,-0.12497139596737,-0.445527610342294,-1.02489006355847,-1.78874043099913,2.81627578904476,-3.04527760244788,2.1930806044349,2.07590344207104,2.39825198119696,2.1978012691762,2.24080987325347,2.46887647978971,2.24411173817749,2.16367462456787,2.09921580198329,2.34590845151906,-2.21563854821363,-2.84665809615299,-0.237573942617836,-0.94922117903953,-0.785764652037327,-0.768862126752341,-0.664859662477132,-0.659260714553791,-0.70245549298422,-0.570296043871975,-0.474642505195804,-0.45958307402607,-0.406008098424954,-0.330932310482648,-0.228015597316647
98,1,0.125934447444243,0.291383219954649,-6.88573857204234,0.14962059441182,0.118820861678005,-0.504421841286734,1.50560400067844,0.451085284335798,0.506235405973904,-9.33493813558255,2.37674826935115,0.311266219516527,-0.135998547739514,-0.0265923978481509,-0.156844748968947,0.353616846574168,-0.131570722387389,-0.0603653657422777,0.185039915631396,-0.116583098759355,0.244847792754343,-0.556258903046633,0.0428521922740758,0.302842513131521,-0.168978818775821,-0.0048827492438788,0.00690503247752119,-0.0508853815748352,0.170767628704172,0.0229918863925926,0.0172754707422822,0.0327074157238522,-0.148458790648369,0.197984679236081,0,0,0,0,-6.86071580429645e-05,-0.000465831059160739,-0.00250131275714961,-0.127314443712764,-0.443794463170178,-1.02086644000635,-1.77637470136996,2.82767250151535,-3.03229100164983,2.19545437597961,2.08112409641127,2.38150834250349,2.19037347647555,2.23339771477016,2.45248714156614,2.2456777198046,2.16392743582685,2.0967762231591,2.33478321137234,-2.27509922193698,-2.81691762954137,-0.194715850695833,-0.920853081858562,-0.781862446337575,-0.775418467360277,-0.654064471375101,-0.668482001245528,-0.712032768941438,-0.579150826158707,-0.486377297750344,-0.467698063361701,-0.417125838926053,-0.337470646544221,-0.243709619591557
98,1,0.113068177537761,0.262596262909677,-6.71448533561634,0.130013274271472,0.111877306595447,-0.503540092241331,1.33944994439874,0.387627919697863,0.542432051377163,-9.7199696798004,1.87857852604128,0.577721376759899,-0.125600082899351,0.236549900046524,0.115935905712819,0.480902089984126,-0.0216906446810529,0.000573153487725631,0.189539652372292,-0.0296876899075793,0.10234093117076,-0.435182679527622,-0.0106433897831261,0.141210092885081,0.0682477494345436,0.0135875644739079,-0.0151615654076311,-0.174702770950292,0.145141912218999,-0.0226134976792162,0.0343860065880606,-0.0610506035709403,-0.0262805178187242,0.111252491780858,0,0,0,0,-0.000247298490390177,-0.00169174597222724,-0.00456164253140345,-0.131009936508011,-0.443781142352395,-1.01863084561601,-1.76740436461962,2.84286040819204,-3.02421178510345,2.19971222584664,2.08561030341769,2.36508923373442,2.18214601985315,2.22538657868107,2.4354170810995,2.24970776091849,2.1626321165215,2.0956128287904,2.32736673218508,-2.30095512983871,-2.78083533319886,-0.153186168802789,-0.901511213967159,-0.783781288191668,-0.776182832067579,-0.639195542986525,-0.680942464989718,-0.719657183915622,-0.588473732075048,-0.500944847594052,-0.474096340178892,-0.42274099742936,-0.343578731119793,-0.255735269055558
95.5,0,0.105185428776959,0.244288898175233,-6.24637306820954,0.12094916800418,0.111832934378372,-0.495185736785151,0.915788301518414,0.437660755349569,0.58349645181226,-9.16016146138503,2.59831735945479,0.588369847035497,-0.365296311739255,0.131146583505421,0.00888647771063807,0.21250005271355,-0.167564973167468,-0.0574759473850157,0.0496647425490413,-0.150723861605668,0.270900917752914,-0.380979308232069,-0.00224664663244226,0.203623503915395,-0.193519382936241,0.0376846649014066,0.0567807923679344,-0.0530401402832499,0.116886673439957,-0.102350899896167,0.0783412569264313,0.0614184099737555,-0.207466715822125,0.167360057557294,0,0,0,0,-0.000479120413416824,-0.00334871266372487,-0.00740434641004197,-0.135585291612648,-0.445187760882465,-1.01844598864716,-1.75993323449525,2.8545702848714,-3.02280735092784,2.20221222990104,2.08818316026214,2.34488909510997,2.17382302249289,2.22001449593044,2.41978439656925,2.25435178340202,2.16101663189889,2.09570822227388,2.32102904570243,-2.33567366176104,-2.75149287061522,-0.118860785587701,-0.889305007055558,-0.78455367784533,-0.7741993091976,-0.626832085323706,-0.69394878368673,-0.720613726886713,-0.590691001411205,-0.517504407875473,-0.47978292810584,-0.422963002027713,-0.351913758985478,-0.266739156771212
93,0,0.0973026800161563,0.22598153344079,-5.77826080080274,0.111885061736888,0.111788562161298,-0.48585606006716,0.88281943368397,0.505522391907665,0.581501401017116,-8.8354154702861,2.74307504054581,0.367445332775846,-0.172641928235519,-0.0919330602771071,-0.0311672574275537,0.100011817135135,-0.170422794082658,-0.200549570646581,-0.0309044607493713,-0.0917707808166878,0.407862576123887,-0.564957297607375,0.0724966572235091,0.299070463754869,-0.276259785880205,0.139807166168584,0.0820488901316974,-0.0829493110871743,0.0249147872756095,-0.0558908937643502,0.0930634261727122,0.0928176022573804,-0.2166474360894,0.0927394873594935,0,0,0,0,-0.000723642211171219,-0.0051514691425285,-0.010497787388871,-0.139898934703969,-0.446219924837055,-1.01820018245205,-1.75119753093614,2.86510067672299,-3.02553650385717,2.19948442554764,2.08837652458562,2.32001524860417,2.16404889984237,2.21866960906557,2.40261298483139,2.25620340973022,2.15759010938134,2.09575551540195,2.31412981013948,-2.37886866205447,-2.73363581901635,-0.0896922169563815,-0.877688406855144,-0.783866314784597,-0.7732133237695,-0.625913406318644,-0.705337870125831,-0.718098111616964,-0.591661093515109,-0.533351147283401,-0.48273074528234,-0.42338487378172,-0.354741918283722,-0.275416536855597
93,0,0.0894199312553538,0.207674168706346,-5.31014853339593,0.102820955469596,0.111744189944223,-0.44917575061143,1.12830731835433,0.485730189172626,0.487720553656064,-9.3973619466517,1.98539613231388,0.479928481132757,-0.118863097580088,-0.31088495258834,-0.155028664090077,0.449020960209417,-0.385303547754163,-0.11424819886839,-0.000852451058137776,-0.19847078414924,0.254526725939599,-0.424528975434766,-0.0447648609128186,0.260379658196572,-0.0708080301466595,-0.00730643867925859,0.177166659536998,-0.0264021303742726,-0.0268110237754155,-0.189195642512884,0.245228357108239,0.0418352923233169,-0.11397149808387,0.000526122383752748,0,0,0,0,-0.000968167965438252,-0.00695577564185576,-0.0135314973439392,-0.142930812912906,-0.444735526352408,-1.0138312870508,-1.73755454138487,2.87640781462006,-3.0276416186885,2.19607268721707,2.08850571474628,2.2937649591969,2.15596855469639,2.2190731156195,2.37890514406465,2.25704302525797,2.15156388520333,2.09467201132062,2.3049091044843,-2.42575413611398,-2.71529983409868,-0.0702072228903558,-0.868852467712383,-0.783107024388532,-0.774111129970431,-0.633083188994007,-0.714979313781291,-0.715439483198166,-0.598475704449619,-0.548182922593048,-0.48002882700873,-0.419593426300221,-0.353898826480256,-0.279833800828073
103,0,0.0815371824945512,0.189366803971902,-4.84203626598913,0.0937568492023034,0.111699817727148,-0.39083625446283,1.51055901324212,0.476397578281556,0.422970397993988,-9.30499120111051,2.17248556730826,0.719269214741712,0.0137948454874798,-0.32062126874147,-0.0501280231664216,0.562373941558794,-0.206822631212367,-0.123875115566724,-0.0301702342936671,-0.0773445645685529,0.251951514625606,-0.455150134053004,0.168959841691087,0.160055470551876,-0.188255958301469,-0.0529252320585449,0.137696002106792,0.090641423902186,-0.0866764094127166,-0.137794433054087,0.166032729026683,0.123312384409272,0.00936364709944934,-0.0796858716503192,0,0,0,0,-0.00121269764707149,-0.0087011002320001,-0.0163581661967059,-0.144765063294881,-0.440973215907628,-1.00596467128776,-1.72177160923817,2.88941104312537,-3.03152101742053,2.19044899830574,2.08488155209874,2.26322027630667,2.14838852489547,2.21794776873102,2.34966930272731,2.27008960293347,2.14140232998304,2.09322114739043,2.28747629467722,-2.48980879066429,-2.70589834882261,-0.0661784010849923,-0.868307497155594,-0.776832982422546,-0.776071488453131,-0.643569745331064,-0.720449815767995,-0.712414529263709,-0.604167201524916,-0.558162697863852,-0.472745193784679,-0.406892206327091,-0.356032010948033,-0.284956754637219
112.5,0,0.0736544337337487,0.171059439237458,-4.37392399858232,0.0846927429350112,0.111655445510073,-0.378998174685076,1.13567067131509,0.593580507119239,0.422799426998866,-9.28205340390234,2.80356752605627,0.65312859010571,-0.0786189760645918,-0.153070005935766,-0.0799975358034888,0.3262977553127,0.058894301159881,-0.213992639022803,-0.104333816512049,-0.0754574124185337,0.21371720610926,-0.380319116084304,0.157966704033018,-0.0508795278805762,-0.330011563966641,0.0747840441978847,0.106414330463376,0.0742401114942737,-0.00567629740313885,-0.0204894139101181,0.0718831720782198,0.0787132709102244,-0.0282677797476658,-0.00742967845110884,0,0,0,0,-0.00175687152600994,-0.0110691823105012,-0.0198238674929988,-0.147009080668498,-0.437280295503349,-0.997977553058115,-1.70635891130605,2.90515994682673,-3.03803273027894,2.17893332371967,2.07296190933951,2.22641595321349,2.13776448452866,2.21695593702118,2.3159527882255,2.28852627253168,2.12554378184331,2.09359591884444,2.26242068880553,-2.57452302634934,-2.72753330411533,-0.0693018508022942,-0.873694839450515,-0.770539552064747,-0.773341120605639,-0.658115225616852,-0.72335794072872,-0.708437972447602,-0.603466919169226,-0.563888993060106,-0.463868683410268,-0.395396430832963,-0.357161418060844,-0.288342617797202
112.5,0,0.0657716849729462,0.152752074503015,-3.90581173117552,0.075628636667719,0.111611073292999,-0.38740648718365,1.09228692794738,0.591301892888311,0.453300422372657,-9.34952337040548,2.80862142468291,0.557033398552525,-0.0496701581706004,-0.16482603652716,-0.0189602936118701,0.267251204716202,0.0850681265367097,-0.136035132558076,-0.148536841030278,-0.127806678319866,0.360649891955723,-0.343531795201282,0.201718424843797,-0.0966310425374874,-0.44156474118546,0.047195191835449,0.134110478280792,0.125008506750708,0.0184714298453997,-0.0366936356830609,0.0513713397159545,0.0860617432451865,-0.0368442990099618,0.00214382257427253,0,0,0,0,-0.00264119049462931,-0.0142356325557719,-0.0242952076747387,-0.150489273006757,-0.436193459051657,-0.992816884687872,-1.68765907124797,2.92802660407137,-3.03962187202181,2.16715732353275,2.0559780356602,2.18682607003047,2.12811780793661,2.21745912593581,2.28279199639158,2.30307898675988,2.10841215959115,2.10195721237988,2.23969876689572,-2.69373390908943,-2.7578549881242,-0.0738363309261006,-0.884062118605934,-0.772065062006083,-0.768419661957015,-0.67587834998796,-0.731448172960766,-0.703797770254161,-0.597571824030722,-0.562909089135549,-0.454071198022237,-0.386084660129165,-0.35056502914753,-0.287933371767649
137,0,0.0578889362121436,0.134444709768571,-3.43769946376872,0.0665645304004269,0.111566701075924,-0.399530710629871,1.37642483012564,0.584980964054601,0.544631988701279,-9.61359112242648,2.70433895432322,0.855742766760947,0.406842046233256,-0.0414694092545909,-0.0620839507284366,0.237225268415363,-0.105159776076979,-0.364395313138177,-0.229055386175117,0.0871189569680147,0.0915172102267363,-0.200147106741708,0.412078104405197,-0.325540969096018,-0.311698282807716,0.119908534200255,0.0434587687008471,0.0480614098211315,0.128649280736982,-0.128091564884802,0.0597689829267646,0.0160108239988269,0.0226054081754229,0.0811845130004057,0,0,0,0,-0.00355079893840237,-0.017233846438395,-0.0284485488955356,-0.153727000682692,-0.43639335186344,-0.989447989447012,-1.6651132784073,2.95954828932126,-3.03620264399603,2.15538984661381,2.03278241084743,2.14561432713436,2.11686328197848,2.21534930073345,2.25208899304606,2.31911948446744,2.09345189047765,2.12006814403378,2.2129783194403,-2.82152935988828,-2.76804291504449,-0.0779750081265596,-0.895562289976076,-0.782264892736667,-0.76787014954009,-0.694622042379094,-0.743750918354045,-0.698251092767465,-0.589078301094785,-0.555451912369379,-0.444194879905616,-0.376703585975596,-0.338596231967784,-0.285546875313876
142,0,0.0500061874513411,0.116137345034127,-2.96958719636191,0.0575004241331347,0.111522328858849,-0.416509885605096,1.25246488307618,0.545472935391947,0.634884556689615,-9.69301230965979,2.83897023687256,1.0586671410579,0.400751619137866,-0.132465491659354,0.0688065716367959,0.141812887413972,-0.228314733087226,-0.362006385176763,-0.0909511951466961,-0.0191256836228405,-0.0574128430038875,-0.267395208661745,0.316641279704379,-0.214195796879673,-0.202984014565658,0.136963927724073,0.158324797849447,-0.161023858475508,0.090096124954648,-0.119700115241148,0.0457987850815211,-0.0174644847653938,0.125691338400208,0.131058130265227,0,0,0,0,-0.0044518440994757,-0.0195751665430718,-0.0314307027342931,-0.155739416964774,-0.436296575168244,-0.987710140056471,-1.64532723011244,2.99844642036271,-3.03027797339005,2.14080214295565,1.99682392191928,2.09831271603521,2.0992108114745,2.211392898793,2.22614738574884,2.32643068469176,2.08450608717788,2.14019022006052,2.18182957977979,-2.94651710747238,-2.76835843963681,-0.0868800718098453,-0.904977991001009,-0.795598200102899,-0.771380242681657,-0.715695989162547,-0.755090391647631,-0.690275975619179,-0.574818237189209,-0.546176408985658,-0.435320176356774,-0.370685930441863,-0.328151831708329,-0.283154137698746
138,0,0.0421234386905385,0.0978299802996836,-2.50147492895511,0.0484363178658425,0.111477956641775,-0.404933647686723,1.15585534382524,0.375166352898891,0.663651311736956,-9.78220111839016,2.8753734320883,1.1761410143243,0.541402855630884,-0.00657110987891874,0.0334487621960393,0.0847891962365506,-0.243930107401792,-0.452250039819459,-0.067918901203263,0.0664913572337635,0.0557671136309615,-0.18352361167226,0.149681997628575,-0.149839283074171,-0.168311067123145,0.109464633144217,0.0762227997945323,-0.0142665657523408,-0.0361171212990584,-0.198164872107977,0.103434921335038,0.0237963897370935,0.105913732067297,0.211808774318785,0,0,0,0,-0.00535311496356239,-0.0215272895925012,-0.0337380002292775,-0.157137138224392,-0.436691762410213,-0.988750882171942,-1.63155180088961,3.04291003626255,-3.02616003235218,2.12225725227412,1.94962845365817,2.04128826866286,2.08198923266166,2.21108154704236,2.21180514530454,2.33019361856366,2.07905210184081,2.16140004966168,2.15882216206997,-3.09345465196252,-2.77696373143436,-0.0999850955000268,-0.912087035601985,-0.808763878917031,-0.783159834053913,-0.741164069122667,-0.764948518099161,-0.682446129897428,-0.556517175930893,-0.533627747929894,-0.42706179892034,-0.369328991254065,-0.319647396689286,-0.280908957975227
127,0,0.034240689929736,0.0795226155652399,-2.0333626615483,0.0393722115985503,0.1114335844247,-0.390537280515571,1.48083805648555,0.301919574662478,0.612885230756388,-9.92543861152771,2.87989135087907,1.32123576960826,0.664733653458169,-0.171771875541598,-0.214653348738733,0.0635487546514876,-0.136297636239941,-0.319223172903447,-0.16388585034517,0.12610628309676,0.0465342438064029,-0.316053306164126,0.21488454988453,-0.219992772924819,-0.103437686090074,0.0251034063641711,-0.0419410787482963,-0.0306711596839806,0.142734275822818,-0.0488592843282854,-0.093950681549767,0.0348419611526891,0.150489063053328,0.0847688108413462,0,0,0,0,-0.00625461015074534,-0.0235124345198841,-0.0361292722618776,-0.158722260105054,-0.437857190077162,-0.99171973705258,-1.62298221590846,3.08662305386268,-3.03038399222469,2.09851744215606,1.8999046427392,1.97928287282052,2.07071165360076,2.2145591389403,2.20847084534237,2.35003185707381,2.07277594731251,2.18666211728025,2.15595869870005,3.03312592783384,-2.77208644291966,-0.114570711865392,-0.916784909778794,-0.82321370883837,-0.803028875339269,-0.768529437856345,-0.771888926500879,-0.680687074374271,-0.548268518772067,-0.520368334174732,-0.420362877830548,-0.372546799083661,-0.312519354227654,-0.273596402876571
101,0,0.0263579411689335,0.0612152508307962,-1.5652503941415,0.0303081053312582,0.111389212207625,-0.390141172958986,1.28560429043001,0.327425122918768,0.486864680762752,-9.22853253582922,2.78279575491916,1.15638117745291,0.678458415074645,-0.22333616077571,-0.236427421956531,0.408254070166054,0.17540004602968,-0.227623171029505,-0.00221386319437548,0.24100495878653,-0.0456554482089424,-0.423406452833142,0.450143778772848,-0.118762763464554,-0.248721975905825,0.152444918315933,0.0497995969947882,-0.0385674366642502,-0.00869939800863555,0.00761420643238554,0.0112699750190939,-0.0167155512052111,0.0499249846119861,-0.0747778138010224,0,0,0,0,-0.00715632827896215,-0.0254054905639327,-0.0383305465407925,-0.159920262514983,-0.438831101735941,-0.99530467020222,-1.61940056069309,3.13947873207557,-3.04576237415664,2.0726060248329,1.85287126489173,1.90906918249365,2.06245522851556,2.21837962735556,2.21167442375859,2.38366139613439,2.07536403443909,2.21275543914197,2.1728953937739,2.88069679227137,-2.76872149536052,-0.139755878334954,-0.929424303330738,-0.836302354632086,-0.827423948131107,-0.790530374571116,-0.774709895728835,-0.686760235474704,-0.55025961443555,-0.508874239408328,-0.414480373263664,-0.377358177430672,-0.308262086844809,-0.262322470219049
100,0,0.0184751924081309,0.0429078860963524,-1.0971381267347,0.021243999063966,0.11134483999055,-0.392084301662907,0.983660663130722,0.54872485874009,0.408883703163768,-9.83613573070154,2.60603886389725,1.46417509532013,0.711175919054138,-0.141495553679239,-0.322912665199867,0.227353817253429,0.0151560965799909,-0.389362659204574,-0.0255837252258972,0.102816262210622,-0.127974417831848,-0.263503718079846,0.331271279907128,-0.176741555918004,-0.122563735820015,0.0531740321191401,-0.130392432818553,-0.0393374889648622,0.118822634596029,0.0523773924981647,0.0405519451542244,0.0304819661578676,0.0693776721330817,0.00235746740151175,0,0,0,0,-0.0080582679640164,-0.0267628604247986,-0.0395377492361524,-0.159756362558445,-0.438637377222573,-0.997622813427888,-1.61737154789542,-3.08388621255013,-3.07261735382721,2.04036101661834,1.80799509222107,1.82315851953707,2.05451145847501,2.21761041705318,2.21690963752658,2.4200625454139,2.08254883204596,2.23324543986653,2.17928119396716,2.74030412091153,-2.7900893712827,-0.201944358224993,-1.01456669907136,-0.910306088578413,-0.910747174708191,-0.861063882845682,-0.832165699274691,-0.745068686689084,-0.596756859314732,-0.537057478026574,-0.438396547756261,-0.406948310305144,-0.319307094637922,-0.256692735964665
98,0,0.0105924436473284,0.0246005213619087,-0.629025859327892,0.0121798927966738,0.111300467773476,-0.439564048167212,1.18112357537018,0.608833035469987,0.401143940359927,-9.55352198996634,2.59249690354666,1.3149878559874,0.786288792604363,-0.177923281600532,-0.172071464428505,0.150351417949835,-0.171639965330924,-0.263792615866396,-0.0111915335709159,0.130416012371863,-0.0803726208466537,-0.235917271841421,0.235988097164559,-0.204491105612284,0.0181450927592369,0.10862722479916,-0.0734913726746301,-0.0527965503617091,0.168345456330661,0.0298156167785605,-0.00123212174890641,-0.0684599344059487,-0.0104954565375938,-0.0404994747001305,0,0,0,0,-0.00896042781958973,-0.0277018430441466,-0.040007454879267,-0.158413767833807,-0.437054653546924,-0.997115892243067,-1.60997044021357,-3.00794670494104,-3.10124041634307,2.00604597261398,1.75694102045499,1.72343244938537,2.04931055461728,2.21394813446283,2.22808214700542,2.44960086652809,2.08593238192669,2.24238248758236,2.16327942162591,2.6089839514237,-2.79928971980409,-0.233876363846128,-1.05626000981141,-0.950583738263965,-0.953699390300413,-0.894709551472474,-0.866420082111332,-0.77871464563266,-0.623953944883129,-0.550944571095372,-0.452351560512602,-0.433897615251538,-0.326303333106077,-0.250572930982665
96.5,1,0.00270969488652587,0.00629315662746501,-0.160913591921088,0.00311578652938168,0.111256095556401,-0.48851035150527,1.11117894596973,0.56945026737893,0.353490460632527,-9.80110548603861,2.26066357453823,1.24005593729592,0.881083800437682,0.113199055696186,0.0182112147983782,0.144447642059864,-0.0154245175785956,-0.103651414112226,-0.142756805933762,0.0444715003392229,-0.105549418074249,-0.109085911777413,0.165285428780545,-0.220972164767474,-0.00668397524052385,0.0677699862622026,0.00104917559554189,-0.104649495769068,0.0955136714227382,0.113949129801778,-0.107406119875385,0.0284345893900818,0.000384432790651103,-0.0884305567422346,0,0,0,0,-0.00986280645725312,-0.0286441796066873,-0.040482521545274,-0.156432020574041,-0.433698189508788,-0.992643864041568,-1.59512341058518,-2.91513886493034,-3.12333363606822,1.97903726175596,1.68685501199887,1.60310041764745,2.04519952619723,2.21087845998446,2.24397873199938,2.47945862968777,2.08001411332588,2.24113593501851,2.13052115626739,2.4981484852999,-2.81961623758562,-0.20896070978011,-0.996046131093009,-0.8970975605384,-0.904506119979306,-0.844581259954436,-0.82315730898419,-0.74211159664941,-0.593445527642712,-0.516395205667613,-0.428348399700604,-0.429678649799288,-0.315865383539643,-0.242565807248982
95.5,1,0.0903878655225192,0.241815476190476,-2.76135172571151,0.157249230040694,0.107153043694146,-0.50322300790532,1.35295728355361,0.596271820007147,0.32439645472203,-8.97171325482043,0.565419754837688,1.40249403907901,0.959686281805619,-0.168756552969452,0.387203655723126,0.0265328979068153,-0.24197141569819,0.208326185669428,-0.0114536344467471,-0.00664348558880848,-0.0111929835692621,-0.0417727754764656,0.0408292764708828,-0.00217297437282641,-0.0465685343203801,-0.0799774319679736,0.0888068774402063,0.037615746826773,-0.0361404357637745,0.06101898891972,-0.0926191939018959,0.0334700160027162,-0.0743643968866627,0.0160160502287593,0,0,0,0,-0.010765402486479,-0.0295898864318526,-0.0409630413262334,-0.153734885414452,-0.428464645908714,-0.983906117390467,-1.57254063176613,-2.81606293174581,3.14095864738006,1.95310408324953,1.59151507334234,1.47304505404992,2.04427673484567,2.2072599462592,2.25741538044769,2.51638367230764,2.06686420905548,2.23355943841868,2.08182945273669,2.41126727705945,-2.827044670781,-0.140955164204292,-0.849554749480912,-0.761385874935675,-0.781075238354232,-0.721642504010649,-0.710696331279426,-0.648709665076913,-0.521379484896236,-0.454529222638194,-0.381634652567982,-0.403346613249296,-0.302666306879464,-0.245161952985655
95,1,0.155768119863828,0.382194500992862,-4.46249689098726,0.215722519777082,0.115382447926827,-0.518972149200203,1.55155151894134,0.548641013065676,0.338553741096889,-8.8022991600673,-0.111639634430058,1.4576343244715,0.616199090607997,-0.160224547500701,0.270664741566497,-0.0876299986690203,-0.3973536096442,0.217972269519236,0.0505137008831425,-0.0145917743362666,0.166602006056264,-0.0177791657283025,0.133642972558243,-0.00175814714437987,-0.151745657457979,-0.201028575035967,-0.0801958605932582,0.107445334287235,0.0920991704523813,-0.0215806368032031,-0.105476659208984,0.0677387531274222,-0.0978522532750365,-0.00933942586147535,0,0,0,0,-0.0116682145146528,-0.0305389799319013,-0.0414491084305472,-0.150144934904785,-0.420933292365982,-0.969686755165046,-1.53798215251993,-2.70180505543438,3.12097954205185,1.92600229381665,1.47162483862496,1.35175999708222,2.05356172748839,2.20176092407415,2.27233246731983,2.52176553201532,2.02891105985634,2.22124580976338,2.02081854228925,2.33570271746246,-2.80983314925718,-0.0712118744899078,-0.698735142374475,-0.624102592039945,-0.663240628447204,-0.598950878024593,-0.595756028532431,-0.559717860596361,-0.460707132337761,-0.406511912918082,-0.345965126015627,-0.379410147375276,-0.298770943265996,-0.259015897595921
94.5,1,0.169751581663546,0.362483123273404,-4.41656120662722,0.171357519827966,0.112097091321255,-0.516790810165211,1.53219761637914,0.551663092005448,0.353015465348446,-8.63400862276776,-0.416267862188961,1.27502060871695,0.462172691543816,-0.176145296391869,0.176709037745896,-0.136447787375439,-0.298087572871743,0.257328745487434,0.0605846536954519,0.0227368706479561,0.145040253324703,-0.0150777876309363,0.159757522958672,-0.0112749011280817,-0.149051781055753,-0.226073928381583,-0.192000315595068,0.143291440045031,0.197818200395032,0.00057622735507502,-0.00915416442153884,0.138053512521802,-0.0176424732751005,-0.015339596257831,0,0,0,0,-0.012571241147085,-0.0314914766124452,-0.0419408192439561,-0.145653291258345,-0.411072547649342,-0.949695848833808,-1.48980641782738,-2.57933717042943,3.09649523341103,1.90449573389516,1.3242865907394,1.23337604475395,2.06759464172286,2.19457750676215,2.2896465276738,2.44687867546149,2.01079547518975,2.20654082275136,1.94856256673631,2.28027349433859,-2.79159264838999,-0.0482139677279636,-0.651406281306664,-0.590740644663488,-0.646365032847145,-0.568685065997952,-0.563802850082385,-0.548208529313465,-0.470712588691352,-0.410974353379824,-0.350577564901599,-0.379849242237899,-0.304300004815909,-0.274723378801683
143,1,0.17214956607446,0.340654009653097,-4.2632290750747,0.151484622303499,0.102644340950856,-0.509746540814664,2.02493677061679,0.483857657820362,0.457905460025224,-8.66467945517341,-0.76411372997821,1.08703229041633,0.351042071468231,-0.252375148040285,0.260203610027099,-0.0247696304283344,-0.214193012048405,0.422960890550971,0.108117316291292,0.064543440670561,0.0672131229575676,-0.0290176036411221,0.164173815128463,-0.00690766624273213,-0.065715969531213,-0.181832557437774,-0.135186739339585,0.237279519566381,0.211141014656829,-0.0076832191772709,0.0457065123273224,0.172624575478096,-0.00405925881172093,-0.0711598049903585,0,0,0,0,-0.0135721239783098,-0.0327271459719866,-0.0429095441761143,-0.140989011722151,-0.40033174934323,-0.92604260013941,-1.43677744738886,-2.45334628985415,3.06572365117471,1.88603435374503,1.14705519264548,1.11137158887932,2.07804821813898,2.18568140968633,2.31132687320745,2.27528401792459,1.99810653585225,2.1901972676778,1.8582716798639,2.24509989972615,-2.74233743254195,-0.0277114351494395,-0.617447139460805,-0.568005021289508,-0.635964996257894,-0.545318815124943,-0.545676172791417,-0.547610516587056,-0.489036956805253,-0.417569570735586,-0.353792479421862,-0.381507493845507,-0.303857005319538,-0.284324964800331
148.5,0,0.165501260360747,0.32749817051612,-4.09858590538801,0.145634383450359,0.104560629171093,-0.50893470784673,1.48742720872964,0.362935044838772,0.548823780412249,-8.4019721070195,-0.909332428466596,1.11366247887216,0.300342460678936,-0.296677706135768,0.458351220780251,-0.0545253672976562,-0.440749834612004,0.34324769883508,0.131580368498679,-0.0458338699282523,-0.0976535804157884,-0.130938870874436,0.246144560932204,0.00523888568459583,-0.00730136208168299,-0.0718602194093214,-0.133610425533275,0.23394485445302,0.108664621680658,-0.11627500806589,-0.0347993903533681,0.108682314283334,0.0401702766661058,-0.117965277718767,0,0,0,0,-0.0145370776865269,-0.0338983419878572,-0.0438032215035771,-0.13586545889294,-0.390279139663591,-0.904588898787172,-1.39360335464748,-2.34896755276821,3.02765051753131,1.87150707304131,0.971129413674187,1.01190227683493,2.0967716439087,2.17922872432368,2.34357745111782,2.01677038252494,1.94778104808117,2.16739989818445,1.76414391777382,2.23248528642064,-2.59134413644445,-0.0115020619612814,-0.597281526289956,-0.551199806851001,-0.62389177367148,-0.525126074965874,-0.539565595238695,-0.54849791340138,-0.498779339107533,-0.422591922114198,-0.354335976970309,-0.382738554454084,-0.30218578851669,-0.2881724323798
118,0,0.158852954647034,0.314342331379143,-3.93394273570132,0.139784144597218,0.10647691739133,-0.475579188640286,0.761315216157782,0.319244582806967,0.560360005006992,-8.04002583659536,-0.994599695680603,1.00719640808338,0.205350157640035,-0.228867619214856,0.537816214128839,-0.134581599955317,-0.351224277367749,0.221429868953923,0.059777486115126,0.0148835726730871,-0.127011935289303,-0.0972415450951008,0.20720601566488,0.0478142621741963,-0.036950507595883,-0.112265152957551,-0.0124419840865157,0.109272846391646,0.0264231401838579,-0.119644987793366,0.01552282166893,0.157590697727292,-0.153799907551786,-0.0189934140861184,0,0,0,0,-0.0153625578476848,-0.0347092160889293,-0.044123611504045,-0.12994237743261,-0.380277419026184,-0.885167521669421,-1.35747839281779,-2.28066755456399,2.97768948337611,1.85590163763898,0.822451374803801,0.94640994226148,2.1318819529712,2.1813503473279,2.38343184974224,1.77970223361677,1.94092817553233,2.10590692278033,1.67763891191152,2.23067962730076,-2.32586142168439,0.00667366026657201,-0.584780536050874,-0.543083857785244,-0.607214561245556,-0.507624551486321,-0.541328025521982,-0.547044688168932,-0.500492843981272,-0.427359361088911,-0.35575638230436,-0.383984445407661,-0.30536887832846,-0.291371830329161
131.5,0,0.15220464893332,0.301186492242166,-3.76929956601463,0.133933905744078,0.108393205611568,-0.369792604948766,1.77038901387926,0.35656917860875,0.545430308387494,-8.55047079928522,-1.13317911646639,1.02133692078595,0.364235987208329,-0.10171650852227,0.61552467385476,0.231908792368616,-0.202862909402707,0.422772548656019,0.249034973507287,0.0522834318671873,0.0039677508907694,0.0279980997215101,0.264833350999047,0.125410147063921,0.0198351867066498,-0.11969929164869,0.0729667189683767,0.193939496234543,0.13942194627178,0.0558641001049643,0.103082483974378,0.0998302120009439,-0.108672981061366,-0.10484422841313,0,0,0,0,-0.0161882906696733,-0.0355234621218195,-0.044515179353702,-0.124240183408003,-0.370480702318391,-0.864358674030802,-1.31945695287639,-2.22871870060117,2.91400073403383,1.83861574619013,0.697993346870827,0.904359998427055,2.18159727686678,2.19313198676555,2.44070905069548,1.78757685573858,2.04246340154798,2.01198199553565,1.61099384801151,2.23180014238402,-2.23351563122045,0.0337642230327227,-0.561972107930915,-0.53053722370171,-0.579273256241459,-0.487866508755242,-0.539715799487113,-0.539841770385507,-0.495180256987654,-0.428964338308807,-0.361054796477113,-0.383247752805018,-0.309223564862367,-0.300080127152419
127.5,0,0.145556343219607,0.288030653105189,-3.60465639632794,0.128083666890938,0.110309493831805,-0.275229854957409,2.49650100645111,0.469029686558084,0.443361337802595,-8.76218871417403,-1.06611464609838,0.942315786419632,0.428675676223515,-0.106994656026491,0.592711620490719,0.287559502144468,-0.1437463532413,0.481597987724021,0.334311647385376,0.0337096815231433,0.0786933656219716,0.0388719157093193,0.311734052734157,0.107157795561599,0.0154391391539334,-0.103579849375509,0.0731239077499572,0.240082282173628,0.11413388864852,0.0129180183968447,0.131306197512083,0.142437526524068,-0.080188393846995,-0.0583710569896786,0,0,0,0,-0.0170142751419688,-0.0363411000766195,-0.0449806117872463,-0.119072668807871,-0.362563689298367,-0.846769064478118,-1.27556401967004,-2.16975227795274,2.84841961077071,1.82489651570379,0.599521166231386,0.891557990283284,2.24415297833053,2.21325180309625,2.51286385752825,2.11008402793688,2.38356257257756,1.91248049925621,1.56084227333011,2.21702694326173,-2.31791976726213,0.058375320573577,-0.536171545361299,-0.513035207403117,-0.550722261873736,-0.467574044729741,-0.530843646746148,-0.527459945986387,-0.482218053439762,-0.429891191792321,-0.371150287061415,-0.380830706370321,-0.315498387533216,-0.313812391379708
91.5,0,0.138908037505894,0.274874813968212,-3.44001322664126,0.122233428037798,0.112225782052043,-0.226368069894058,1.85760392095733,0.475326772880949,0.342978160137909,-8.77986316703851,-0.954246918880038,0.800259430571764,0.471524398398191,-0.131332724563567,0.5325977208034,0.278337008931814,-0.121483747656605,0.559148416108759,0.379931818933245,0.00804425678825794,0.0803670885481195,-0.0195309348808193,0.283969444847501,0.120344327637775,0.0310033394412742,-0.0567259444349716,0.0473703382368307,0.22237815541293,0.074635168054756,-0.0299299626735655,0.0735878488501064,0.154878921537343,-0.0433000883049376,0.0205985459832977,0,0,0,0,-0.0178405102520586,-0.0371621500921736,-0.0454523766008538,-0.114420214395321,-0.356490417308311,-0.832365296801752,-1.22040889643392,-2.10960386436607,2.79055409644507,1.81152077621625,0.515792048795786,0.899325288186174,2.31871459150735,2.23455960656741,2.61010230590135,2.49928848580231,2.92830115202069,1.7920857480516,1.50758384532467,2.18560122741467,-2.28454881362962,0.0722436591419369,-0.519848755836611,-0.500078837038632,-0.532694107978806,-0.450728113697041,-0.518068904937529,-0.516612250845215,-0.472278712130413,-0.43444431606272,-0.385121246706771,-0.384488955531768,-0.326912268965018,-0.323694709066638
60,0,0.132259731792181,0.261718974831235,-3.27537005695457,0.116383189184658,0.11414207027228,-0.157192654436565,1.22629155699707,0.458893536960214,0.312486723110958,-8.70685775490033,-0.783839993562412,0.660765200809646,0.526646239967357,-0.199834851751628,0.429138976609191,0.267246263890232,-0.18421967850218,0.547136494098988,0.386358314968453,-0.0144449937925675,0.0500348960681724,-0.0770820556315508,0.137717362879842,0.193411632824319,0.0728900827513681,-0.114125047272147,0.0260471644829411,0.08174823275126,0.0657423937963085,0.0178074555626718,-0.0516260792440036,0.0967461928641735,0.0419192613315847,0.0353507832997306,0,0,0,0,-0.0185293249935716,-0.0370091274765517,-0.0442482045423515,-0.108186779047857,-0.348974701345695,-0.814735957817419,-1.15226811617093,-2.06567701142043,2.74034628437021,1.80395670694358,0.448377361591119,0.90672835503449,2.40906412065644,2.26212216148878,2.76851103758885,2.78390450096497,-2.87599316987752,1.66285324462168,1.45291723496776,2.1537143024327,2.65441569618957,0.0843628098285556,-0.506674536042735,-0.485463955285651,-0.5171301783584,-0.437557547146058,-0.506691077250047,-0.51053238621944,-0.465691602398839,-0.437783190096563,-0.398729284271558,-0.394035573466916,-0.339510369196582,-0.329585556796478
60.5,0,0.125611426078468,0.248563135694258,-3.11072688726788,0.110532950331518,0.116058358492518,-0.100197169346431,1.10667083358758,0.45813420552431,0.302914572048184,-8.76989072811722,-0.447943057402112,0.532793696293689,0.547521907757244,-0.239512341175311,0.28820468513738,0.192959446108881,-0.238154638068281,0.378335257252406,0.384106700643752,-0.0355944569870265,0.0821828160319807,0.0204128420099248,0.0129773731562681,0.16161002563852,0.0897662408135886,-0.260696981358707,-0.0178565210265756,-0.00721770482092578,-0.0524217243625085,0.0153849252109702,-0.155174024888645,0.0107101541349148,0.00649767369720629,0.029970637911831,0,0,0,0,-0.0189974631869733,-0.0352648434593099,-0.0401758346243224,-0.0986192224983929,-0.337297351455622,-0.793592763776,-1.08500821317611,-2.03491466927593,2.70364073132336,1.79902658824485,0.409012782070599,0.910847955029532,2.49806885657611,2.30136791427379,2.93165668385854,2.98087203917045,-2.62982325914821,1.54668887192885,1.40969463913688,2.11434428601995,1.13930191150078,0.0936926637302148,-0.500937446506054,-0.471056793213695,-0.499266681790491,-0.427283236037634,-0.503425844992706,-0.509912534730603,-0.459309583390117,-0.437694624080769,-0.407215977287245,-0.403934411700909,-0.352258536270444,-0.330745493096204
89,0,0.118963120364755,0.235407296557281,-2.94608371758119,0.104682711478377,0.117974646712755,-0.0300981597718303,1.54237189076123,0.480673296678954,0.295600718959422,-8.63085147015315,0.0269726625866215,0.414101356356882,0.537768128228994,-0.0971787106042405,0.249289801397828,0.0743884851160308,-0.159707514160779,0.0796457014408303,0.222367002019827,-0.0436136242391138,-0.00781092533653392,-0.0488532936827478,0.132532484362808,0.156073990054268,-0.054834089579254,-0.255048863332304,0.00795075594878576,0.0639379347526843,0.0190732246941428,-0.032711538808455,-0.0680359748638379,0.0606728545825261,-0.0581371520675913,0.0814478207053153,0,0,0,0,-0.019359154855664,-0.0326185343302186,-0.0343042655670056,-0.0868421277704449,-0.322033385524013,-0.76862795351784,-1.02730890630949,-2.00571054656571,2.68368863522301,1.80004043156636,0.387980524865973,0.925022411851569,2.57412070846961,2.34447711221082,3.05105985233811,3.08634460573559,-2.60692406852199,1.44900514526094,1.3858088294362,2.070595524686,0.950293778511436,0.0951224458620873,-0.503471998497985,-0.458062654047763,-0.477613968840203,-0.418635199461231,-0.505349711354377,-0.509317686052295,-0.450545799159252,-0.435806468815128,-0.411828636477747,-0.412461508454695,-0.363626746029628,-0.323802889646563
155.5,0,0.112314814651042,0.222251457420304,-2.7814405478945,0.0988324726252371,0.119890934932993,0.0387554261933171,1.54485749269666,0.459219407316123,0.271494122625393,-9.3374002974384,0.163484307450644,0.412836480953528,0.517100624919588,-0.0139107420117855,0.321199030185279,0.101011938615374,-0.123629962541179,0.162474298806553,0.255365974859367,0.0582894113014337,0.00066793971160814,-0.00962698445116882,0.107902199915214,0.0834259843712535,-0.0488675154345194,-0.0969832432110911,0.063342467648247,0.163960231746059,0.0223564805271597,-0.013857796648435,0.0242246399139669,0.091480267304009,-0.0397694464453303,-0.0270713425225092,0,0,0,0,-0.0196954837271515,-0.029664594718056,-0.0277851607431632,-0.0748601155775486,-0.306145988303942,-0.74107930868161,-0.970734388468488,-1.9809973486524,2.67599029050408,1.81479381613278,0.371885302663895,0.945672523593728,2.65130168748041,2.39526324195195,-3.12699770362045,3.12311287414336,-2.67295964984381,1.36170247454637,1.3753196802655,2.04564836380394,0.87213512827055,0.0900286483023167,-0.509938534064271,-0.448092388863043,-0.452891448083401,-0.412625834178621,-0.503903873298864,-0.505050937811478,-0.440320522624851,-0.436084168967317,-0.418379723864515,-0.417082634223204,-0.372121195052854,-0.31395661841244
131.5,0,0.105666508937328,0.209095618283327,-2.61679737820781,0.092982233772097,0.12180722315323,0.0502717830041377,1.14136724377658,0.453132276057433,0.259060245827535,-9.93047658813363,0.10901291377878,0.504032107846792,0.591720327616214,0.141096081901257,0.435079156364618,0.246889663246919,3.40766295687453e-05,0.262894275353114,0.241120658382274,0.10424779377615,0.090062487095044,0.00212968229044836,0.0396432572972699,0.0548343974238668,0.0584689192770845,-0.0392688409236391,0.101429614256755,0.217523080073802,0.0750272021786474,-0.051261943973187,-0.0216100216454079,0.0291590289694511,-0.0142442607318469,0.0308303447328007,0,0,0,0,-0.0200319085805442,-0.0267029458113844,-0.0212538513258748,-0.0640473863561042,-0.293045302931358,-0.719126699429417,-0.921422918649471,-1.97997124803346,2.66836971655493,1.83346062965591,0.34819150307799,0.963897262066858,2.74914566063061,2.48976817953746,-3.04065719954054,-3.11092001609257,-2.7191310612819,1.25874624706075,1.31937065916203,2.03829114079086,0.97626328891396,0.0834274111398339,-0.514393244849572,-0.439951430775921,-0.42849697879026,-0.408440460237579,-0.49573269402531,-0.49733807243378,-0.435024378738488,-0.438060915761946,-0.429099101336282,-0.421705853962945,-0.375919709063257,-0.305080025928221
61,0,0.0990182032236152,0.19593977914635,-2.45215420852112,0.0871319949189567,0.123723511373467,0.0530215821462042,1.38415750011885,0.483833399381273,0.261114430726044,-10.3596197446285,0.056773759749562,0.641367708205467,0.628617591221067,0.150309303502257,0.499988277936928,0.375947232470824,0.157751251805154,0.356332332850739,0.200171721953813,0.0638357968707688,0.162843281234737,0.0205980715420338,-0.0241247034440907,0.0498811225144399,0.0555909777896123,-0.0673245809659481,0.154503952674368,0.107349966126886,0.061001675100421,-0.0159812281558184,-0.00309074699862427,-0.0361752964201282,-0.0482089757649944,0.0860107834754061,0,0,0,0,-0.0203684293807483,-0.0238595988607134,-0.0150730959818791,-0.0548793244962082,-0.284321617052016,-0.706727363594931,-0.886936026015831,-1.99753957708044,2.66435463379985,1.857120914767,0.317499577886742,0.987786572634075,2.85921304416021,2.58074200548867,-2.98848841431709,-3.06043271595761,-2.7466640585697,1.0898245001866,1.11432422274713,2.04013236078472,1.02104149859177,0.0795278716713944,-0.510833225120507,-0.429139231319728,-0.411574335430049,-0.407519677034598,-0.485332336521437,-0.489960815771811,-0.436061468439204,-0.440216257850285,-0.440636360543079,-0.428207620401075,-0.374309123595419,-0.300751608232509
53.5,0,0.0923698975099021,0.182783940009374,-2.28751103883443,0.0812817560658166,0.125639799593705,0.0564364885215313,0.887709554538008,0.483236399759459,0.262412728855196,-10.0861649638637,0.198252041138265,0.66893437051804,0.424985665685154,0.0777735596637625,0.555458840543748,0.306366218245904,-0.0791866973301073,0.245147158831732,0.0688619951464132,-0.0640074769558874,0.179508454013926,-0.0378104483646063,0.0353498279293908,0.0997326374410029,-0.0757139187603335,-0.0728378525903566,0.136606469944761,-0.0289519996280377,-0.00881807484947197,-0.0321725006975151,0.0415887042037924,-0.0131751924973579,-0.0135377792967612,0.00548205125438723,0,0,0,0,-0.020101727115813,-0.0197101839119447,-0.00742438557309402,-0.0451377697375393,-0.276674618047101,-0.698115239967222,-0.866948119569285,-2.03016125324961,2.66978944329323,1.89122490793127,0.291869054763261,1.0220364188711,2.94812548878808,2.68665388623553,-2.96314008678089,-3.04309040677807,-2.78038914438727,0.901211201601813,0.67458195633718,2.05840919440456,0.996281167153121,0.0756763023842797,-0.504775741764714,-0.421853006968033,-0.410379043468712,-0.409666996603418,-0.475134672810132,-0.486835752922326,-0.442134365538896,-0.444801822164435,-0.446062315518224,-0.43135609492591,-0.37086487301816,-0.295852906915895
58,0,0.0857215917961889,0.169628100872397,-2.12286786914774,0.0754315172126764,0.127556087813942,0.0255660922163326,0.305487263082088,0.521951236999958,0.277463084497269,-10.0637324390513,0.357262646526366,0.28404407362904,0.2456998489671,0.133188213165011,0.549697688660944,0.209921202229578,0.0249175662752265,0.0980364527777988,0.070942231831447,0.0325375891168502,0.0744719326323879,-0.0768494554838546,0.0911777042846984,0.0620402765088212,-0.165781113510595,-0.0699851191266199,0.0385915315960954,-0.0515806712682679,0.0994609715887199,-0.0324506960695825,0.0612042210999817,0.00772406537782817,-0.0065767914610224,-0.0618598203444158,0,0,0,0,-0.0191507185067968,-0.0139009101375535,0.00244728877883715,-0.0333615352889646,-0.265193777175487,-0.684606007464303,-0.862696323338489,-2.08873878377913,2.67042934752306,1.92780406337209,0.274337542577372,1.06741381244784,3.00063558987438,2.81382938814674,-2.95564682953432,-3.03602332789257,-2.81958688326586,0.74400382292581,0.108248229569081,2.0876501250017,0.994317363220502,0.0715285983112721,-0.50289174444461,-0.422686041122177,-0.421894085210174,-0.414831510037978,-0.468726105907151,-0.486947258347283,-0.449601314053449,-0.449725564778493,-0.445665403187736,-0.430450411908499,-0.364993344917128,-0.287011109932432
62.5,0,0.0790732860824758,0.15647226173542,-1.95822469946106,0.0695812783595362,0.12947237603418,-0.0071986271329121,0.804976203377847,0.596808957411809,0.303899856542385,-9.71986101568251,0.74096491264822,-0.020407606095137,0.149702327998063,0.113037526720772,0.424178017982984,0.0708093528805945,-0.0653670027912222,0.0665455321147786,0.0351503368255103,-0.0472695613119782,0.16617470138843,0.0686213487443221,0.0458332268454426,0.0392497660798838,-0.242683276063826,-0.00916464578937668,0.113417407662861,0.00129951557361358,-0.0148144042727379,-0.0985240427152513,0.0837544407044982,0.0785992909768233,-0.0272566655968442,-0.132073339310364,0,0,0,0,-0.0181495515443928,-0.00846105884532524,0.0115143787568447,-0.023251883815114,-0.254583707808132,-0.672745593710787,-0.87935406584536,-2.17411357577367,2.66559755930138,1.96600381472828,0.360303331041333,1.13532380977435,3.03767304851789,2.88288590733115,-2.96416540078558,-3.03210284503182,-2.86698513251428,0.639194854672316,-0.331422398001121,2.12533087169972,0.923663419674141,0.0680581743942557,-0.504152589389098,-0.429409741343359,-0.43805294950286,-0.42607319995678,-0.470185269235354,-0.487931999541145,-0.453227125451608,-0.447106211088854,-0.440621698281476,-0.42267894848408,-0.355573232110068,-0.282213540745752
105.5,0,0.0724249803687626,0.143316422598443,-1.79358152977437,0.063731039506396,0.131388664254417,-0.026171611887854,1.90044044545934,0.579034801508699,0.251741254383831,-9.63783737062495,1.15114752208762,0.013159544366051,-0.0297498483493792,-0.00994625122027794,0.542122527007737,0.18335733728706,-0.0191582678779957,0.0637816956467197,0.00261180642043801,0.0144919301132064,0.0415188624761859,0.0212186919820684,0.0361652427523544,0.0604508594419837,-0.119092035667025,-0.137124008203268,0.163198684061624,0.0224705030713842,0.0170962325000023,-0.155300695712917,0.0618782874706751,0.0941505477913823,-0.0517054302630042,-0.0702489604133981,0,0,0,0,-0.0171661640412272,-0.00440723742636435,0.017803829712207,-0.0176252462321625,-0.249560701580903,-0.667276311560759,-0.903972127854765,-2.27262740418999,2.66156785703743,2.00576553878498,1.82647053278725,1.22159807982615,3.06123720040593,2.91294313798046,-2.98016912035676,-2.98329519704282,-2.93510917761959,0.617691942451644,-0.546462025324616,2.17913410451315,0.946751824000927,0.0619661768625481,-0.512155182258847,-0.443546790707459,-0.456918478289297,-0.441962981463958,-0.476215612572191,-0.486478157050046,-0.451563609685179,-0.436788503017641,-0.429362200951426,-0.409759985698138,-0.338232852948882,-0.279329799420512
107,0,0.0657766746550495,0.130160583461466,-1.62893836008768,0.0578808006532558,0.133304952474655,-0.0784985991658698,1.89881376090394,0.438758504441162,0.130244646402528,-9.987648226947,1.36372071337422,0.561839039774347,-0.0357198563539365,-0.182898835154058,0.424335216550288,0.365739765575556,0.212042745295071,0.122836185218121,-0.0687175712820494,-0.14512421414874,0.0364996552240076,0.0468344127217681,0.231897333473819,-0.0159616603090638,-0.0932793650346091,-0.142939849364653,0.097470665081398,-0.0491729830396305,0.058934116534965,0.0115428618096265,-0.054401262531898,0.0309438823658602,0.0250922041894452,-0.0860309569531257,0,0,0,0,-0.0161829268437663,-0.00118226512828629,0.0224348669100103,-0.014784423632261,-0.247957837862994,-0.664314679852257,-0.923256968383511,-2.36995984898815,2.66494269235222,2.05074909488474,-3.01023948227436,1.32565663260911,3.05692274140382,2.91612889781366,-2.99730006101727,-2.92547009566285,-3.011657142057,0.609606404504555,-0.618889712766555,2.23206117271473,2.2087688910672,0.0557539858610097,-0.520787648384223,-0.46128243572439,-0.479129786103037,-0.456430260641435,-0.480717818601483,-0.479513156284573,-0.448074048146236,-0.430219891907471,-0.417316772540234,-0.3977587573827,-0.314694017036013,-0.27418357250307
65.5,0,0.0591283689413363,0.117004744324489,-1.46429519040099,0.0520305618001156,0.135221240694892,-0.124094872775039,1.89881376090394,0.34143695926151,0.0862671739030706,-10.3253036805817,1.94682576746514,1.07523810068321,0.160187060535523,-0.453786303816999,0.0207569727470858,0.162734713701006,0.127037445074465,0.103236484680948,-0.0460446707897965,-0.210945582198498,0.0112632837663076,0.0193876662599159,0.212781636241262,-0.00583133668413517,-0.0813188946437818,-0.190490303567896,0.0223374484917332,0.00411307153134562,0.0935222917153968,0.0745736315848173,-0.00490102932494729,0.0681445022211497,0.0605935127492766,-0.0826671585165429,0,0,0,0,-0.0151998418182114,0.00209180127447929,0.0271464318398808,-0.012440659264083,-0.248181447813385,-0.66474209430441,-0.942353442326995,-2.46724445654145,2.68000080225481,2.10203955143155,-2.95202961161407,1.45448942094306,3.03487768312111,2.90974828933359,-3.01428117146062,-2.94343350718564,-3.07879176921295,0.594112413596001,-0.656872892263095,2.28524808369045,-2.73312566908623,0.0524353038456627,-0.524186600006301,-0.47807652518659,-0.505800976520018,-0.465648397724826,-0.478987287930113,-0.470348069626489,-0.444462586140322,-0.428079844418136,-0.407330348832053,-0.38953542200916,-0.296400063126878,-0.273000782538491
64.5,0,0.0524800632276232,0.103848905187512,-1.2996520207143,0.0461803229469754,0.137137528915129,-0.134881062092531,2.46855912532118,0.472988316326732,0.0989820312274982,-10.230909107939,2.43150775316095,1.35715672786865,0.318043423611263,-0.6913029086962,-0.219329742757645,-0.0245155708586116,0.0283296972261619,0.0341094790633553,0.0128035824583402,-0.212894305968288,-0.0108336345855935,-0.0960867953238897,0.18074228770622,0.0283409968613512,-0.0726395110616847,-0.180315229669365,-0.165783643355914,0.0307195500583016,0.0641716296182619,0.0808743260586014,0.0312867692895178,0.0744726028371818,-0.0161822735812449,-0.045263212564382,0,0,0,0,-0.0142169108290097,0.00515713203232933,0.0313463403633901,-0.0116405622563761,-0.251884420482993,-0.670881892581644,-0.965871676164159,-2.57705806866543,2.70415938726533,2.15381187597409,-2.93377158230831,1.59891470092624,3.01788947472194,2.89928382202826,-3.02800512753455,-3.01223500368084,-3.1334858106576,0.591852357202094,-0.693564715494258,2.38299421986106,-2.56644226173613,0.0528809492216658,-0.525436872499378,-0.494707520292509,-0.538662568292441,-0.471834041543698,-0.473583616719981,-0.46494049702546,-0.43964264766471,-0.424710649843435,-0.396749263109113,-0.382179128505059,-0.285641416654152,-0.279535264122159
120,0,0.04583175751391,0.0906930660505349,-1.13500885102761,0.0403300840938352,0.139053817135367,-0.143643749176728,1.61303100037441,0.446198149053051,0.101195819463873,-9.5507650902251,2.63425506682908,1.41579274153298,0.415556631296188,-0.758171634712518,-0.304369985676652,0.123162264375991,-0.0317672125814009,0.0413643251377279,0.0819031929030109,-0.201228263107932,0.0635593520755798,-0.207886864000451,0.273936430285049,0.0447153805038997,-0.00827496577320289,-0.0545863063467412,-0.277551872698862,0.100599236422339,-0.0449142493764233,0.0559467092150196,0.00796882724045788,0.0493333720825139,0.0131857244487871,-0.016305125117372,0,0,0,0,-0.0132341357388338,0.00709781828419204,0.0332419156763271,-0.0145566147105275,-0.260723182625406,-0.686241372850489,-1.00996833673856,-2.69199589922572,2.73161035620134,2.20982769791495,-2.9391691877474,1.74258853459031,3.00925312115946,2.88682406852429,-3.04349826196041,-3.06908833517745,3.0988753019084,0.598439578791093,-0.731893610581247,2.52481954902339,-2.55076223477627,0.055044709146905,-0.530151220067203,-0.51405129152045,-0.574780334683208,-0.480294696253423,-0.469962996725108,-0.466172877108778,-0.436547658954339,-0.422047453679243,-0.383035103576438,-0.37034377148202,-0.277452912375444,-0.288716847765357
149,0,0.0391834518001969,0.0775372269135579,-0.970365681340922,0.034479845240695,0.140970105355604,-0.164102005959709,1.31425581485575,0.323857861786661,0.101127214788486,-9.40588746751223,2.85591883073872,1.31005741747543,0.182198517735134,-0.923902812717721,-0.344050081594706,0.0988020121124361,-0.207965559550748,0.10105360529343,0.00912119324694817,-0.307108886190924,0.0400241277313326,-0.226253392263938,0.265551623202,0.117577237341811,-0.118080777897508,-0.0549106508112379,-0.248107171857526,0.0258774008717618,0.0439972043417306,0.0563526598192808,-0.0390167611622812,0.153412405281685,-0.0288794304750255,-0.071292160746742,0,0,0,0,-0.0122515184085607,0.00815976444325114,0.0334297636598299,-0.0201075206237942,-0.273211205695297,-0.71032207015147,-1.08319266339367,-2.80976108759013,2.75376765973254,2.26360568444146,-2.97312632513731,1.87189027380328,2.99330686235434,2.87161513292,-3.07080526604329,-3.09915789725526,3.04547738246425,0.613872151250511,-0.783116250899755,2.72361852461457,-2.56194431108529,0.0539323122418737,-0.545117167481487,-0.537559253176746,-0.605708995199746,-0.486481450316052,-0.468243651529507,-0.473097577487318,-0.435415492674373,-0.419692323072424,-0.371290626832891,-0.359857247346681,-0.272977450075351,-0.297464608586142
152,0,0.0325351460864837,0.064381387776581,-0.805722511654233,0.0286296063875548,0.142886393575842,-0.183795726076296,2.04304602325369,0.474706165040172,0.0948946538464224,-9.2990820773161,2.92557888057242,1.35714660574221,0.120611487933567,-1.00676078594952,-0.426450191378086,0.219166568141645,-0.17702288081226,0.134731738368913,0.116308596552367,-0.386350012765679,0.164988290169344,-0.155441907670566,0.175667358485341,0.0869001010912514,-0.159401445643485,0.00815018548145504,-0.317811097482174,0.0273098082513822,0.0393650904774533,0.0699900662475308,0.0557655258717294,0.11519370024043,-0.0379768258941045,-0.0615473193884095,0,0,0,0,-0.0112690606972514,0.00921835527174861,0.0336156216661817,-0.02623495009459,-0.288463541628288,-0.742244075665346,-1.18413437050291,-2.91642868101967,2.76718221192362,2.3044759272481,-3.03755853376873,1.98618241810149,2.97714442408459,2.84955307733592,-3.10414099217313,-3.10592678598213,2.99757799060522,0.635525448957921,-0.826300760548078,2.97589997379368,-2.6087347717084,0.0528078521999792,-0.560262516958452,-0.555488305962328,-0.623858124624497,-0.482795406882762,-0.462774941148833,-0.479355568263438,-0.431541934155165,-0.413216082009131,-0.365543761355111,-0.355100407065534,-0.274527653519139,-0.309025639879308
182.5,0,0.0258868403727706,0.051225548639604,-0.641079341967545,0.0227793675344146,0.144802681796079,-0.220516159961675,1.99421683615603,0.553128651625163,0.0809590815943097,-9.05762224635411,3.01750792824377,1.17839170922304,0.204609572536702,-0.969414569912863,-0.493148146933908,0.386526623484251,-0.206847917308443,0.0482472553200163,0.219225094472696,-0.437100770761718,0.266589215321331,-0.237108644798718,0.281090370117891,0.0486659112954413,-0.227891970132033,0.096126434201229,-0.385315952204705,0.0800566047553298,-0.0225796190017678,0.0502373252584694,0.185962657160039,0.0162997367062091,0.0158561200744034,-0.0288015848801573,0,0,0,0,-0.0102867644621306,0.0102736042855305,0.0337995211377376,-0.0329725246068112,-0.306377823150215,-0.781380803603487,-1.30782284997827,-2.99128839611889,2.77693867142303,2.34002737877499,-3.1169312008899,2.07904350443679,2.96031585040908,2.82773573942375,-3.13831518820324,-3.11535915779791,2.95378585250704,0.668844981688809,-0.975243451803099,-3.01037533726503,-2.64133576155604,0.052214191714657,-0.569214495082631,-0.561282684592387,-0.628343712844819,-0.47675226618363,-0.455052066793455,-0.484099997758796,-0.427147963421214,-0.403137921320281,-0.361677950683138,-0.352553423236523,-0.277294585371043,-0.32063664680327
187,0,0.0192385346590574,0.038069709502627,-0.476436172280856,0.0169291286812744,0.146718970016317,-0.333638091598183,1.25104468722975,0.507789626096933,0.0866796650636581,-9.03198979765728,3.04623126625683,1.07765842509995,0.257425547150733,-0.930838886688022,-0.481202496308267,0.38292532182995,-0.236166699874349,-0.0429632920076131,0.247372425532267,-0.380202653872429,0.334758040584049,-0.317332920352121,0.329489950653864,0.0568027659618635,-0.316733192533827,0.0649201997336718,-0.396904841495793,0.137288380153049,-0.0299153186106282,0.0452278448493937,0.25206713180324,-0.0215838758949088,0.0134249537072783,-0.0591159013507009,0,0,0,0,-0.00930463155856594,0.011325524945013,0.0339814928581801,-0.0404021279667251,-0.326898868416047,-0.82680328276226,-1.44143756869096,-3.04317290234367,2.78734981100394,2.37571305650503,3.09009243055917,2.14977787046961,2.94185728727692,2.81120772134386,3.10270401241665,-3.12641257938731,2.91127510158963,0.704774885479532,-1.1619119981989,-2.69683905630145,-2.64616017922485,0.0468190467915507,-0.577969320534855,-0.559274941564026,-0.626502648223465,-0.469885875732226,-0.449064918218498,-0.492539759002405,-0.42313960774266,-0.397308765500497,-0.361789100285925,-0.351877055082459,-0.278110190873346,-0.3255577674838
122.5,0,0.0125902289453443,0.0249138703656501,-0.311793002594167,0.0110788898281342,0.148635258236554,-0.431670800792403,1.02816612403343,0.447830558370658,0.108791618313991,-9.06758099051864,3.07553298935666,1.08013588565145,0.211482702521968,-0.850934670396092,-0.435232565998884,0.326551963749427,-0.202648519131609,-0.0664334577120151,0.232739930109953,-0.334026840688445,0.283923460183166,-0.215393332754244,0.305185071395839,-0.0111080539486772,-0.236145341507258,-0.0459558977051115,-0.359070766970535,0.135744374543253,0.00560945836318327,0.0794179751596934,0.183290992540677,0.0550517669961825,-0.0310427581126182,-0.0903021789591241,0,0,0,0,-0.00832266384004778,0.0123741306552998,0.0341615669696706,-0.0485514839716805,-0.350006325833907,-0.877809407117515,-1.57403002036098,-3.0800953079878,2.79668553677927,2.40257318399622,3.01956922234318,2.21287371406144,2.92755811020907,2.79704857778753,3.06281519251099,-3.12717999613254,2.87883941901261,0.735081188015656,-1.25732571653737,-2.5131786802759,-2.65489445046492,0.0360307883927556,-0.584075699584895,-0.549224159652981,-0.62144913950216,-0.45795239851681,-0.441373452198273,-0.500512835040459,-0.418947774477735,-0.398305618299631,-0.368295280196052,-0.354221518740712,-0.280712609269779,-0.325135941462518
53.5,1,0.00594192323163114,0.0117580312286732,-0.147149832907478,0.00522865097499405,0.150551546456792,-0.460076715299174,1.11790476376459,0.558398162414336,0.167189492461185,-9.05483081717675,3.0505434495887,1.23933338595401,0.0282191177459763,-0.738713833536954,-0.448527784163998,0.301767259380307,-0.120897838950263,-0.102593466454796,0.171318620224703,-0.202200558670156,0.109802932769965,-0.13389470765678,0.29506554842228,-0.0488950879042818,-0.170868812049694,-0.116272135925676,-0.356472980654983,0.192917741455081,0.00769668752419112,0.0957443721366059,0.0763770957265572,0.147034540738663,-0.0659330335239217,-0.0897062372921782,0,0,0,0,-0.00714555446391862,0.0139754971013423,0.0352663520291316,-0.0559529653367259,-0.372246166304917,-0.92806145914771,-1.68817106957319,-3.10946725606222,2.80402937112221,2.42097586435987,2.95651769007368,2.27411045630719,2.9157090847107,2.78444031235847,3.03168910797479,-3.12132276866387,2.85587116028282,0.767309404628633,-1.36854817074415,-2.45017770167089,-2.66927740424664,0.0179374949733825,-0.593841420026465,-0.535011783006544,-0.613990293156313,-0.445437248394452,-0.432819300976304,-0.508048062067525,-0.417596614196961,-0.398516531363474,-0.375570381206834,-0.359867491874744,-0.286570481218435,-0.32527915032543
100,1,0.00343154344603167,0.0107877060858946,-0.679414402371467,0.0234378436026955,0.14600213292638,-0.467753836679711,1.06879306970617,0.468041120683106,0.296750855595776,-9.01587228326783,3.03734779990698,1.29380069158528,-0.0555743457722762,-0.711083039005185,-0.473397732156285,0.28583932418646,-0.101567099730786,-0.0789992728581466,0.0875720251574448,-0.0935812256026718,0.00111336241864999,-0.118314218578505,0.319192255050588,-0.0382878202049285,-0.157160138131722,-0.167096307149791,-0.349139343820265,0.228979083049065,-0.0480142729240673,0.14358497182993,0.0158001969804881,0.194840477612301,-0.0756116884009284,-0.091833914725821,0,0,0,0,-0.00604131695164843,0.0154224688008535,0.0361395009273334,-0.0640088523623053,-0.392302483410265,-0.969667723489537,-1.76888505827296,-3.12850437658167,2.81209142517247,2.43823386288348,2.91239957956211,2.32922985255512,2.90605957517226,2.77272584153056,3.00391855823113,-3.12026641427057,2.83778519812288,0.823102147513005,-1.49770942269647,-2.40702431839194,-2.68750141352187,-0.0102520541700714,-0.618121108224735,-0.525412915660398,-0.606113452069961,-0.439001186187267,-0.430428211307762,-0.517142229012043,-0.418971111508785,-0.395203289318578,-0.378966170792205,-0.363454583253578,-0.288173321629158,-0.319635812902973
116,1,0.0357284229380944,0.112319057482549,-7.07390289527939,0.244029312804535,0.0904455166963997,-0.45674529397061,1.06218877609508,0.3507683246585,0.374352107447284,-8.93088858453196,3.04232992509167,1.22551264867443,0.0108179133699012,-0.740729989650265,-0.452563626977976,0.284547818060793,-0.119007167045258,0.00725826064331671,0.0461884274649531,-0.118567260510676,0.00651154305637684,-0.0675289229082679,0.314067144103912,-0.0232820509095617,-0.165447743637656,-0.162107761327133,-0.304630137503644,0.210035847282066,-0.114029615146894,0.234421839385797,-0.033922438434431,0.13377036405688,-0.00599004200090773,-0.111252630622155,0,0,0,0,-0.00521716297208332,0.0161268088683329,0.0358042047927338,-0.0735668825558956,-0.411646868087403,-1.0058944709898,-1.83090748510892,-3.13811591344295,2.82242044137382,2.45510319543155,2.88290089988788,2.37366396219454,2.89712736467707,2.75991008308345,2.97952366896949,-3.12915824437404,2.82151193571896,0.949147534859581,-1.65200735430927,-2.38192366654773,-2.70953640807444,-0.0515426376849201,-0.661369257769345,-0.519570953181619,-0.590191472112398,-0.435186496914017,-0.433110626496465,-0.522020631054463,-0.420176255240537,-0.388603884386637,-0.379149991877645,-0.371772537252544,-0.285906762340095,-0.305256104103473
92.5,1,0.0744987929437745,0.247826498108842,-8.93377189141603,0.349924462176858,0.0635705233676648,-0.450817847796073,1.38754863064368,0.532069490981441,0.418953787058057,-8.85631780248067,3.02127709310765,1.15514489860203,0.0456544013784228,-0.771067299278965,-0.504251437489502,0.356113245890995,-0.171139453392407,0.018899192812002,0.00799421837318542,-0.189853045095804,0.103605004926714,-0.109729851466813,0.366794402217293,0.0190078291478007,-0.287555599037147,-0.126157375365104,-0.331052767421887,0.256294118657663,-0.104647129385685,0.22456020809138,0.00475632930611554,0.0383316790132967,0.0153012759954609,-0.093848293067934,0,0,0,0,-0.0043932749621075,0.0168281914831078,0.0356021899733657,-0.0824543071276895,-0.429611393803228,-1.04109124589906,-1.88572777930152,3.13669848284469,2.83385156140523,2.47052799165704,2.85755887314827,2.40822372412742,2.88717926812113,2.74785575053139,2.95754283300137,3.14062157470808,2.80868446618277,1.17023922105451,-1.80205234262724,-2.35795476764656,-2.73273457615389,-0.104330630604501,-0.715009814813206,-0.511702704710838,-0.564420170304633,-0.423386903764027,-0.432249929181698,-0.522673010034238,-0.415831611420487,-0.379117703202098,-0.380666659608599,-0.387980203321128,-0.285259211946411,-0.289538910495956
99.5,1,0.122067056283884,0.433771724706947,-1.23955938540842,0.200172764298168,0.0954602639741863,-0.452104001535396,1.28294779359432,0.55735706732228,0.52237145769237,-8.82849104717708,3.12097698380926,1.04306905251386,0.00897441539560903,-0.660441378328955,-0.466475514226448,0.360952974376129,-0.142008586197445,-0.0225118788721489,-0.0633663381431204,-0.17855127641349,0.207759645524066,-0.0704333710030896,0.328156296670152,0.075636622792576,-0.364383572192655,-0.179072249371863,-0.239397680095246,0.242648368130526,-0.058684120079752,0.195334393322149,0.0171787726665342,0.0305132321685043,-0.0033118527023703,-0.0541613906964049,0,0,0,0,-0.003569653910945,0.0175266345474806,0.0355349701434787,-0.0904250464884696,-0.444800813843353,-1.07187974714587,-1.93477180460599,3.12823080580356,2.84551514574391,2.48704041043034,2.83765029536731,2.43460348507599,2.878259468281,2.73892856554714,2.94040667656884,3.12458520363039,2.80076070219184,1.60414550658124,-2.00479737713646,-2.32134530670347,-2.7601960882018,-0.164601608786743,-0.769593398690996,-0.49912661727253,-0.537707334236519,-0.408592330795425,-0.429561022565884,-0.520100094823915,-0.408141137496168,-0.372128050307956,-0.383837089051172,-0.400569754569547,-0.283557664138587,-0.273693311762185
97,1,0.11650338380429,0.388952256802998,-2.0247345079548,0.152898054738618,0.0804824812863486,-0.451341810791786,0.791294638792688,0.545269062356723,0.575979345416473,-8.81375840426862,3.13018295447537,0.891552788653989,-0.0369895652179889,-0.570154542498606,-0.383849415354324,0.319578169719333,-0.152640064899227,-0.139162076175948,-0.144738277355499,-0.0833068400796259,0.273276172329166,-0.000432760265955184,0.230579367581832,0.0405048671594688,-0.428353513452283,-0.182169016581858,-0.0395992389470819,0.134676013610603,0.00991749912412202,0.108949029005288,-0.00708662891195526,0.0712911558535245,-0.0330353690401174,-0.0157623371674108,0,0,0,0,-0.00274630080573004,0.0182221558254799,0.0354686188525994,-0.0973148496758634,-0.456284310093304,-1.09665218330452,-1.98144145380637,3.12151273186105,2.85620019622217,2.50432664597045,2.82285268807508,2.45472979901847,2.87123135315009,2.7335354719197,2.92605071985944,3.10275340215362,2.79399615247765,2.14387983701958,-2.26974694047229,-2.28453279668637,-2.79088162462619,-0.231957000009925,-0.828928247614242,-0.483879920859585,-0.511882773254674,-0.398122821705379,-0.430635815454059,-0.512630858640648,-0.400709227354319,-0.368774305607404,-0.385114745515449,-0.407110309516739,-0.278222487710088,-0.254450310301
95,1,0.111203126530235,0.409001107689759,-1.92348633445425,0.118490265595543,0.0781498669658543,-0.455208788293121,0.879486720434797,0.563621725930795,0.48939894841966,-8.75084876505489,3.01780471027995,0.809462387269306,-0.0480146903785807,-0.43845384025723,-0.344521640252064,0.345203201202042,-0.244421077372078,-0.272197296640742,-0.0956816151567886,0.00117881691830033,0.366693172415778,-0.00961380481771693,0.158363590973547,-0.0179804412151355,-0.505031436812104,-0.0776703203970217,0.0200953952764312,0.161603314907761,-0.00557090676366713,0.0235056140642936,-0.0167397883145971,0.0886834624219528,-0.00796896987895485,-0.00756220424517828,0,0,0,0,-0.00199191573155931,0.0184455133287776,0.0346604068912723,-0.104135724169623,-0.46608851429452,-1.11729283575844,-2.02092110848195,3.11721366049811,2.86569633200525,2.51808078546084,2.81084121593615,2.47260580862399,2.86302262293315,2.72793152796918,2.91149457228287,3.07504436157184,2.7864916186515,2.43633716538817,-2.52129995568415,-2.26033637068604,-2.81362110278608,-0.306683449993743,-0.895372740591475,-0.47200066510275,-0.487407421469623,-0.390632202716646,-0.433645972488849,-0.500785001043652,-0.393503910173297,-0.366093304798985,-0.385403291738924,-0.411376703360858,-0.27273540426161,-0.230342008498787
95.5,1,0.113983723094921,0.404624277456647,-1.85562491089497,0.119255126416651,0.0890508346776041,-0.458493717523783,0.873457259997724,0.566042639758207,0.411789570672237,-8.6735186973271,2.9437912809124,0.741479922339533,-0.0924236114486963,-0.284631695089319,-0.349412685631951,0.322681489746755,-0.297704319305526,-0.291731707137653,-0.00700140330565354,0.0203512348976394,0.426311599033338,-0.0540114747963839,0.0993759397454562,-0.0600372026095909,-0.429732050051092,-0.0214890786378212,-0.0511249079865412,0.275190962373091,-0.138653032508552,0.0354348150234108,0.042577410229211,0.0438508296326729,0.0817115898580163,-0.0741830887578334,0,0,0,0,-0.00134799641596029,0.0179022953729304,0.0325895195535814,-0.111685527196275,-0.475816745530345,-1.13519342013364,-2.05153678246814,3.11278368790412,2.87397952398987,2.53008444228762,2.80289153086818,2.492134416458,2.85377806779064,2.72078660724489,2.90011925216088,3.0454171549753,2.78010372615004,2.52411478958002,-2.75782827587426,-2.24623763359095,-2.828554193842,-0.39276054227202,-0.975096681147537,-0.468271439417252,-0.465720098708391,-0.391333814765544,-0.435964048801265,-0.483574608505152,-0.386108358089181,-0.361099232847169,-0.380192728401404,-0.413310045268342,-0.26913381421137,-0.205389142141103
96,1,0.116101902339158,0.395604208840289,-2.06252723599471,0.126261374090579,0.094409816620264,-0.457209834750547,0.745049206285064,0.587203098278413,0.427157173602465,-8.57904523184954,2.88826368471359,0.62925248386767,-0.0482258301616614,-0.28411708877007,-0.354336069896788,0.283470282420229,-0.456313282974937,-0.199409264229554,0.0618028654060931,0.0265980756116291,0.464652262567502,-0.163691576391642,0.00464398361821666,-0.00782300121590896,-0.367908833756569,0.0325901482456416,-0.110334757943601,0.251988031707876,-0.184767846798044,0.0765613806840827,0.100887709580744,-0.0101028956185733,0.145015313642382,-0.195694307921412,0,0,0,0,-0.000757465766030612,0.0169273410689398,0.0297440109353036,-0.119573517535682,-0.485510273215674,-1.15178627285784,-2.07423416772457,3.10763099364238,2.87991734142784,2.54094604093368,2.79653361840721,2.51185107732391,2.84610792646227,2.71527704667598,2.89099692708585,3.02250570278969,2.77758081914815,2.58236585616964,-2.95159091243963,-2.25184259011748,-2.84320745223981,-0.496426052468902,-1.08647675129936,-0.484425629944872,-0.459164941173341,-0.406762705598139,-0.440147132389887,-0.464707281234134,-0.376546407353517,-0.352121710056774,-0.368802858317568,-0.409214883367591,-0.260508320171961,-0.17649882308983
96.5,1,0.110464162770396,0.3870372094082,-1.98566542342466,0.128664019602581,0.0759378980005287,-0.458252469434313,0.468946698988579,0.584653758369045,0.43129408000065,-8.50326958658901,2.82269123264669,0.621649555388026,0.0145949163493142,-0.28466380905946,-0.289491680538634,0.266958022452545,-0.666097187233717,-0.0958624765514736,0.155584057465666,0.0347543173981524,0.455471090514163,-0.248862873215123,-0.0333957118628807,0.102168614848013,-0.418617776096587,0.120220195381219,-0.155919929731351,0.186936851853899,-0.145446472108138,0.134208501070052,0.0661026957432819,-0.0222939275428513,0.151685874396344,-0.280312815296914,0,0,0,0,-0.000179828520527633,0.015810021908791,0.0266461885667135,-0.127045459459817,-0.494108050968015,-1.16665915915961,-2.09220607495821,3.10256423144479,2.88343514639762,2.54835741946217,2.78784562883208,2.53108653267507,2.83914672274788,2.71356202822911,2.87938090114148,3.00696001860826,2.77788378615126,2.60312328033398,-3.10191835347285,-2.28084171030037,-2.86243564451474,-0.654182241607435,-1.30351064640227,-0.589167380402243,-0.531756599077259,-0.491468993113305,-0.494409425496827,-0.486688270808851,-0.396532603167078,-0.37066309258753,-0.380298596784394,-0.410622212016645,-0.246030935003276,-0.129500733589712
97,1,0.113613578046593,0.367430965921652,-1.90564983962577,0.110153190108302,0.0786399721771695,-0.459025774702554,0.565296845055184,0.584918108041702,0.427359246298113,-8.51581814390347,2.76567877967476,0.651434742067525,0.105113436918564,-0.26514301764709,-0.246192456908873,0.267765538092359,-0.811432092156516,-0.0640398825920376,0.270046591300942,0.0384753293082532,0.355684352503415,-0.32712306002717,0.105094234277471,0.0917214460130101,-0.358108010223958,0.0829653958977364,-0.223363565714016,0.178954241299327,-0.0838597680882544,0.148209378730418,0.05526196599226,-0.058786463036406,0.107319106558464,-0.256712282836797,0,0,0,0,0.000397627238326491,0.0146962827826488,0.0235777829466173,-0.133727226795874,-0.500798451404599,-1.17812388278046,-2.10649646340009,3.09720941322094,2.8854708946862,2.55188511260513,2.77477584364317,2.5495946098248,2.831618203177,2.71239577172822,2.86641015338292,2.99069143417501,2.77988680575028,2.5963793324582,3.06110162184958,-2.3049479161267,-2.88213845030736,-0.821301212532771,-1.52561904875037,-0.680741703775351,-0.575388234490441,-0.535449122660128,-0.501259688391333,-0.473935982619012,-0.392526296049895,-0.39570315109417,-0.418069871686448,-0.439623521314787,-0.26140458740106,-0.108888438176623
96.5,1,0.120044817602366,0.384864210971995,-1.91405042395644,0.114703245299979,0.0798780620577028,-0.460577363320644,0.831831203090736,0.575619578696471,0.427317369997585,-8.52832173119866,2.70407140281387,0.709176037586008,0.197945491903505,-0.239860072333229,-0.226467780713217,0.245456164642562,-0.830160375791198,-0.129042883199706,0.271364432466285,0.0580500269098263,0.341971822268856,-0.340663087427489,0.163456289537337,0.0506485347836462,-0.297925605206274,0.0411152192635692,-0.273480411735629,0.185513935701632,-0.038737478821826,0.105714370267064,0.0415612648634153,-0.0937250179793307,0.0927250254514985,-0.15703081102167,0,0,0,0,0.000974901211120291,0.0136469026820917,0.0207047838490825,-0.139466036569763,-0.505326872041781,-1.18581433481943,-2.1160296428205,3.09063637899692,2.88712063650427,2.55327763987086,2.75887038518169,2.56809654602196,2.82331309393632,2.71158654118499,2.85461711481898,2.97501512034795,2.7833132095241,2.58459672737187,2.96434035160664,-2.3203586747966,-2.90359735405483,-0.92262177202492,-1.6235278592514,-0.679516213614112,-0.544413957254423,-0.493725364113367,-0.429689904651177,-0.409725246687188,-0.349259303896255,-0.397117546684952,-0.440964355724708,-0.459615138597217,-0.290188925239247,-0.129436418844129
95.5,1,0.109621721589921,0.369195631600164,-2.00425007646243,0.111425104100934,0.0821929793108394,-0.461567144757496,0.719126837947842,0.576722829968619,0.423521763503916,-8.50846185143487,2.71747528516685,0.769656620950319,0.224000880008197,-0.214778867582351,-0.20679230841866,0.136671973965557,-0.757806891085187,-0.200696606691675,0.195136182108763,0.101885285947514,0.295708194636039,-0.339571492280912,0.196496342161913,0.104196253312538,-0.280188566086709,-0.00573991957563627,-0.23813100667854,0.113696581915828,-0.00211436919284282,0.0707685285080514,0.0187089956068581,-0.0964762730667784,0.167657933530701,-0.143953511300401,0,0,0,0,0.00125246961499977,0.0119877573431462,0.0172445955623087,-0.145268320474185,-0.509606085859095,-1.19328953570914,-2.12573684629902,3.08048677762667,2.88752169742241,2.55279445908768,2.74151696900868,2.58568231695816,2.8141775768548,2.71222032270426,2.84378487163405,2.96321983456954,2.78643839746238,2.57461040319878,2.92327322246682,-2.35011558826872,-2.92855034896056,-0.985305429889568,-1.66671981930812,-0.674464631115158,-0.539551192162394,-0.479169261006805,-0.380362167655399,-0.367406584250938,-0.321629640711553,-0.389877899761963,-0.439322841314144,-0.447595367546632,-0.302712840477524,-0.15003311927088
94.5,1,0.107082207280002,0.394025436050626,-1.96861594160275,0.120210471460955,0.080946569449945,-0.449981606958982,0.770290771317558,0.604694862992736,0.423406551106951,-8.60451027130499,2.80842628710307,0.850959946011513,0.188378741709447,-0.165731614234653,-0.188390565654582,-0.00460035655519555,-0.72787271894558,-0.20792589858882,0.164499059878377,0.0761718024895349,0.286140880993658,-0.395514973848336,0.236503704035491,0.149384552933902,-0.22160190931257,-0.0728959433875372,-0.193778238808208,0.0273628392526109,0.0424145188027193,0.0269247333058484,0.0253656372606343,0.0296280696383684,0.163017741591876,-0.208764036017352,0,0,0,0,0.00119002810509119,0.0095462506072023,0.0128501752166961,-0.151544704879533,-0.514564624382359,-1.20200608251429,-2.13682791917173,3.06883759374794,2.88642665561616,2.5515075291447,2.72232009989899,2.60211688188773,2.80686960254252,2.71450143299726,2.8368264510312,2.95434212578709,2.78731221075524,2.57421020298792,2.90419225075266,-2.39151248250595,-2.95247763262437,-1.01486488615161,-1.66332721733156,-0.655721231735286,-0.540798008435678,-0.486869809166036,-0.353967699302578,-0.349958207085656,-0.315918563359054,-0.386698706487125,-0.434731394109978,-0.434529624646337,-0.311366094792732,-0.160926196381904
93.5,1,0.100247785922754,0.428214902112196,-1.73051298832664,0.132937725795621,0.0764312247798291,-0.436801508911396,0.91754783001652,0.620245121656716,0.428406554804027,-8.74681631860816,2.81025394958502,0.958988037167405,0.27270868621579,-0.122138260703036,-0.20032236339713,-0.0808663683555627,-0.754352628669041,-0.137751340512132,0.141688011373544,0.041870786924072,0.326497316529182,-0.41359005716817,0.265397550153441,0.0782786558570511,-0.233861183141409,-0.0145381951311952,-0.161275154106583,-0.00302194979211894,0.103765569054867,-0.0114959865066825,-0.0176307449795224,0.0886965183055096,0.105121700086128,-0.148509731817817,0,0,0,0,0.00110252337014342,0.00728516379077777,0.00883182784787018,-0.156419542820104,-0.517336692504792,-1.20766482469335,-2.14414100576248,3.06046870677606,2.88570407730118,2.55044611542114,2.7013465304974,2.61883661937557,2.80255561219983,2.71827390225516,2.83507958951251,2.95054988763784,2.78926918712157,2.57859403101418,2.87691390984908,-2.43711952810649,-2.9720329612071,-1.0079916751683,-1.6227433230554,-0.644651128416556,-0.544287340055515,-0.50147966555187,-0.356941971178367,-0.368199769557927,-0.329559974079843,-0.394821548351684,-0.434017470650388,-0.424201856503968,-0.319281191617366,-0.168026733899687
93,1,0.0957962650244455,0.430738115303755,-1.80205889456401,0.127304649980174,0.0742236962930743,-0.428441668501493,0.881680509921248,0.626941564354118,0.418539049523721,-8.86228228211288,2.64708312688159,1.03871028768998,0.437594689892124,-0.114106115076628,-0.126597930746997,-0.043161142877656,-0.784526875250032,-0.153883098052116,0.161711822991441,0.0228931772840469,0.294332606793706,-0.407036905319611,0.276154522936811,0.0971518028717454,-0.238548849613948,-0.0238550848894232,-0.152863883722909,-0.000461225907205921,0.114882632439556,-0.0344324357595478,-0.0365803975053367,0.0784889100481199,0.106990939524511,-0.0956796501141979,0,0,0,0,0.00102381736501718,0.00569339476709079,0.00606843318138092,-0.158793015643402,-0.516653779315598,-1.20955171760301,-2.14805267781303,3.05299257375721,2.88517759060417,2.55013034235217,2.67974203608803,2.63294901775985,2.79998711260081,2.7235710216572,2.83675185449252,2.94835410722826,2.79275163325403,2.59354223834916,2.86522476945787,-2.47534082143292,-2.98893290094955,-0.973713970734987,-1.56662554131608,-0.656595524494489,-0.549292904111241,-0.505710109504623,-0.378224847063481,-0.407009813690345,-0.343637905982458,-0.403719038999428,-0.433601096423948,-0.412263698853063,-0.333557694897102,-0.184905163076657
93,1,0.0904136518587707,0.427407414014557,-2.00795955005593,0.145677786651343,0.0888091304300096,-0.422144747874638,0.874534634984821,0.666036089276035,0.42669640688752,-8.93020375813173,2.49090752015777,1.05550837355541,0.595373501943244,-0.151957530179626,0.00492712469100784,-0.0467370240188735,-0.703586410098547,-0.130354506343657,0.193225281125042,0.0687969099981375,0.178946990117213,-0.340014511884564,0.206897849653255,0.110422955276763,-0.183507222179208,-0.0802480422875702,-0.103967336016011,0.0326347235577626,0.0765328963824293,-0.0741787874864002,-0.0705694653707789,0.142817000425666,0.0819163768505303,-0.0841401419927346,0,0,0,0,0.000945117043082372,0.0045002996017494,0.00407126601659649,-0.159292386263416,-0.512947708759093,-1.20771469058428,-2.14902335977824,3.04351752733953,2.8815861264277,2.54987934515454,2.65782849662957,2.64309624684633,2.79965964416535,2.73139713271318,2.83944791300806,2.94624921893484,2.79679994222118,2.61957501968933,2.86198182851187,-2.50233502405093,-3.00559482640983,-0.90569685298466,-1.47877426351967,-0.671575276587241,-0.571831026842068,-0.527030574880237,-0.426840596919771,-0.465885794802259,-0.363073921549688,-0.409789805796151,-0.425945094398596,-0.389734248394187,-0.343837901264516,-0.213374946360106
94,1,0.0971289669190333,0.438917233560091,-2.01725276143481,0.180799002098833,0.0938884528170243,-0.424977436949072,0.883148124751536,0.667996888614761,0.426274120206839,-8.83870141352237,1.86942884106506,1.24187814787645,0.63657102774738,-0.0770958379427722,0.278403168014298,-0.31317523130994,-0.380631262152747,-0.0140355142655345,0.0366452476854602,0.0751606070080004,-0.00157492843836963,-0.171560544815228,0.118145023686837,0.00867868906850758,-0.059130289627274,-0.168307607425878,0.00603900980743789,0.0213792318194985,0.0061722862624853,0.0767504078037435,-0.0696017312125798,0.152713432887022,-0.0314861226546334,-0.0888571127428975,0,0,0,0,0.00086642240469826,0.0032814969716742,0.00207129354278637,-0.158732700894629,-0.506394868044133,-1.20045172239416,-2.14534639425537,3.032310410084,2.87296382356752,2.54812904340802,2.63544795444566,2.65114132122792,2.80017872381671,2.74083639006022,2.84321179570401,2.94898516978378,2.80343655681196,2.64905007329523,2.86212421991134,-2.52100056956397,-3.02406507662542,-0.817048818166212,-1.37753564787008,-0.692777476595269,-0.613458700833098,-0.568108636293467,-0.487900554648059,-0.521206388476279,-0.375836742450398,-0.410347828815424,-0.412134824131383,-0.360453739248642,-0.342731341779871,-0.242009401865331
96,1,0.115163406975816,0.432459290145116,-1.80696726090704,0.18946547996257,0.0868436779136338,-0.430843075744511,0.986878902845382,0.59525845096216,0.400778072310265,-8.62228060458323,0.891791266000872,1.46732303047516,0.58139685124103,0.0135798573408468,0.500715264217793,-0.520472920255618,-0.154009871732944,0.0453317928778806,0.009060758020739,0.0282096998452078,-0.078179829741742,-0.108166395750418,0.0637001365330772,0.00676695195798283,0.0469694345846804,-0.305776351164588,0.00281645592164237,0.0306572436787084,-0.0279832564515006,0.120071697527569,-0.0575412912192293,0.172676573972419,-0.0680859625612469,-0.0796721529919744,0,0,0,0,0.00078773345022376,0.00216124502030237,0.000312191355317499,-0.156856901220699,-0.496803160097921,-1.18790982973286,-2.13791435269074,3.01979723037793,2.8579511552215,2.54415852280696,2.61243629749822,2.65512161080273,2.79887260892434,2.75355009946076,2.84729813792859,2.95740767978859,2.81189894213701,2.68311145620497,2.86005864577076,-2.5290256352366,-3.04433349593853,-0.721894739730046,-1.273614710224,-0.704725022200637,-0.638847835985601,-0.588149887426804,-0.528847913321811,-0.557207269591654,-0.390969077245694,-0.421191441678928,-0.415453747616633,-0.356938306478309,-0.353710490893462,-0.282050177519156
99,1,0.125471894282104,0.389435348053892,-1.95089409432152,0.159794850068778,0.0960079528443114,-0.441339033357613,0.696114795674178,0.552612472667399,0.394804423912588,-8.49005745054214,0.33389646205162,1.40691394524358,0.426613522449703,-0.0528942779480212,0.4320157695053,-0.378506284654412,-0.100381420274011,0.0919709708278127,0.0687387475139744,-0.0116260791572964,-0.0247133832971732,0.0241431031851434,0.200854516066675,0.0565753337348764,-0.028090319255334,-0.338506536274235,-0.102071036247875,0.0569488246118159,-0.0170910793533739,0.0198059920468148,-0.058769040408493,0.192688415641569,-0.0776807811048129,0.00759465511812118,0,0,0,0,0.000709050180017474,0.00158090061187134,-0.000441363249759555,-0.153168657492442,-0.484470784877389,-1.17103006402819,-2.12909713941914,3.0061615732275,2.83701054901349,2.53795322439895,2.59096879284058,2.65791391623892,2.79846000623836,2.77103763695791,2.85322601466258,2.97075274959336,2.82184561178849,2.71836632519174,2.86122413996502,-2.53049954776923,-3.06501633831902,-0.62845226320985,-1.17870751909344,-0.710678940781353,-0.648721089204036,-0.592658055899262,-0.555986161293815,-0.577299984550084,-0.414254054183807,-0.434450820598227,-0.426201361107903,-0.371180624549397,-0.372102779549397,-0.329412424624951
101,1,0.143220609340174,0.362732166337936,-2.82500568688294,0.135880325564352,0.103494000657462,-0.447917181175611,0.525459359988059,0.559490491002087,0.393472481132903,-8.52847488753589,0.0794503361059351,1.23856017576132,0.134058084172224,-0.139274764159284,0.355441715056401,-0.306951153984687,-0.126279001811811,0.175942552385411,0.00746164106097592,0.0241369465823627,0.0816885454645843,0.188797418455201,0.3101386900011,0.0215897571532943,-0.0901732446304735,-0.234430442395516,-0.06457127825413,0.0997310590142947,-0.0883354916155424,0.00189304320852423,-0.0078535783186866,0.179423262974795,-0.0241681477521273,-0.0309138036660007,0,0,0,0,0.000588734002223125,0.00131226853946708,-0.000629103980199115,-0.148588383438192,-0.471124351965773,-1.15204130439231,-2.12060919388059,2.9898921261146,2.81296326074821,2.52996759210489,2.5699373729533,2.66143361143402,2.80226527963863,2.79160510261691,2.86426411008283,2.98667254798198,2.83263749379685,2.75794006931593,2.86377499938237,-2.52951478339209,-3.08648836465531,-0.540813630310517,-1.10713250222822,-0.728905769779321,-0.660294825042106,-0.602051181771426,-0.582371217527766,-0.587041880840574,-0.438190469635324,-0.440843095088582,-0.431661191823732,-0.38690685432413,-0.384245518651364,-0.362123650541123
101,1,0.16044156830755,0.35440749726464,-3.63253981651945,0.143993841787234,0.103561589925226,-0.44767798613239,0.958124073465749,0.556110009696408,0.395526773481781,-8.62315003727044,-0.145008010768902,1.25328806964068,0.0371711400641224,-0.167201843469184,0.387009272609041,-0.380176924180356,-0.140041923624183,0.245370328145391,-0.0423488363178808,0.00731720730085687,0.0735303158837906,0.177035893463655,0.314076184580249,-0.0583897768185856,-0.0983006417086106,-0.134812141365929,0.0718219379082271,0.0910698417877284,-0.164916606598311,0.0186457622788222,-0.000556702325539673,0.22027467274692,0.0812261018199522,-0.109304023520141,0,0,0,0,0.000408338437565614,0.000885042271907793,-0.00107352658618553,-0.144089535849597,-0.457660331040205,-1.13112778211052,-2.11293836887759,2.96489712194624,2.78580203097393,2.51935504462099,2.54950866188017,2.66191706829186,2.80711060829928,2.81505857056986,2.87870473961063,2.99985753511085,2.8428668652275,2.80138630291976,2.86350233384882,-2.5367820794768,-3.10605622169137,-0.453413975853692,-1.04414529976957,-0.748965142785414,-0.670300472356801,-0.611742202921687,-0.608895950750727,-0.59576839961232,-0.466421645743156,-0.449566318239654,-0.436721095660867,-0.410504709493216,-0.391820183699489,-0.381426998814046
101,1,0.162893495074449,0.371571312835153,-3.1030858809371,0.156151214048088,0.10579979027184,-0.451966862564288,1.34213076280192,0.576850174036939,0.402935267158157,-8.65933615799904,-0.263814898677071,1.32176508423707,0.151988436644184,-0.193098903934023,0.408052671735008,-0.336938219216742,-0.0696656007572177,0.26414375506848,-0.0246557557738649,0.00742087674591591,0.030123279079158,0.0605911070908001,0.306728202682812,-0.0478085279586447,-0.128642602664351,-0.144588251035013,0.109436108448559,0.0311499415288848,-0.128993262529194,0.0671498699281059,0.0560559323714768,0.195244389633524,0.0395736973008859,-0.0889567601349183,0,0,0,0,0.00021011965890235,0.000410839474098769,-0.001593966028872,-0.13933384293857,-0.442996653068424,-1.10557466032123,-2.10453992824309,2.92479625775764,2.75191236969827,2.50217028075349,2.52985508834366,2.66206104098565,2.81270328355662,2.84134957218663,2.89619798952763,3.01148266805984,2.85514356681172,2.83394813447821,2.85645114870118,-2.55807060630659,-3.121534460784,-0.370336391699584,-0.988734466235451,-0.771724163525778,-0.684523618851444,-0.62140412956179,-0.638678970599538,-0.607802298278638,-0.496509184725254,-0.460970787755185,-0.436941676670742,-0.431186160580458,-0.3914668205445,-0.389608245153272
100.5,1,0.170164523976778,0.408429948184566,-0.924987319303948,0.172530816690634,0.113383023976472,-0.385107315310561,1.58900103783783,0.631386674825996,0.44414609572275,-8.69188841673266,-0.369153004418267,1.20856388109121,0.172602674732401,-0.144457672276791,0.389395275016257,-0.259750388511098,-0.0906367473377827,0.249763995655357,-0.0928435605398681,0.00174994948794573,0.0599192954553584,0.0475509313438352,0.327217214173483,-0.0171872591923271,-0.0751036258751654,-0.114474452129233,0.0157724219820886,0.0443657813561331,-0.081665520662692,0.0315093444755125,0.0857380168084928,0.183660475920472,0.022086117250039,-0.0872593378959331,0,0,0,0,-0.000121376657269674,-0.000370864595290535,-0.00258037839875265,-0.134855437456524,-0.427567601450357,-1.07597991948979,-2.09468670485612,2.87068196825173,2.71066665209694,2.47629156021202,2.50802718939867,2.66016839783281,2.82106681741979,2.8706348739184,2.92220629431108,3.02140887770698,2.86803818684216,2.85448566020093,2.84579555575492,-2.59024693496714,-3.13541829161803,-0.297762618324907,-0.947552659167425,-0.794451132588465,-0.703358614171021,-0.630117214319592,-0.661592756046698,-0.616806974257609,-0.521938545679131,-0.469724619095498,-0.436190231843073,-0.449668736947967,-0.389788921807883,-0.397626027969863
99.5,1,0.173966638797186,0.401697048061319,1.73353266339667,0.158454363592504,0.125427876951169,-0.309214356421354,1.24670634052157,0.533321270165079,0.41467709172256,-8.81362311441498,-0.521865595432365,1.13266108754618,0.127129711821231,-0.19027771061308,0.288146683936035,-0.188524551415151,-0.134370468204457,0.229587604878898,-0.132153663695989,-0.0855684085763781,0.0486959554139815,0.162020416724698,0.337312911413041,-0.0578379929651403,-0.0102892731000961,-0.090466781044098,-0.0504836202734146,0.110037374144934,0.00285429566423877,-0.0456752567814431,0.0603460468068423,0.240237602737773,-0.000346678185517597,-0.100546482954224,0,0,0,0,-0.000695573879492276,-0.00174348025969725,-0.00447695214283722,-0.131193861316225,-0.412214339897757,-1.04307739650607,-2.08096614727663,2.80595745474226,2.66620162768751,2.44714500779443,2.48666263747744,2.653265297533,2.83238042927682,2.90538080109971,2.95128892341282,3.02369366163214,2.87741289726762,2.86858306894227,2.83544137666513,-2.62941558747719,3.13141346811173,-0.23633805914516,-0.916490278305065,-0.812049453782175,-0.726817556103319,-0.645573030620921,-0.679484650918522,-0.620395974685186,-0.54361663608645,-0.477824196378674,-0.435423694030059,-0.466129485727967,-0.385352789608755,-0.404133499017076
99,1,0.114624726298643,0.370908549890895,4.17767177312175,0.240180070449908,0.121364808569728,-0.295652642620059,0.944142941841684,0.366278969029829,0.270483830922909,-8.85430856069881,-0.506284613314229,1.16887206464098,0.146622468047503,-0.287312261002082,0.295161138069831,-0.0795742843378585,-0.0591789388519661,0.352125206755408,-0.0585610530782842,-0.0577213210056663,0.0822297230206957,0.218326021263711,0.267625953121433,-0.0951068258079,0.00295968942471281,-0.128142293952817,-0.00118771472304984,0.109835690901632,0.0139741295732728,-0.0375793270382818,0.125553900015974,0.157601766461999,-0.0820477494167288,-0.0882680471537014,0,0,0,0,-0.0014932892850571,-0.00372397745007465,-0.00733943842334828,-0.128350333663393,-0.397506183568968,-1.00714785836943,-2.06585883249181,2.72976775171807,2.62191901587022,2.41474743816154,2.46122920590195,2.63861536839765,2.84483172611464,2.94427513447072,2.97420195418026,3.01705705975503,2.88378091964326,2.87657606258047,2.81729633827969,-2.69127313819625,3.10527520136681,-0.186058448579197,-0.892508506303206,-0.825843537776869,-0.750712649702046,-0.664199437636851,-0.696873242985779,-0.620548386584582,-0.561234246524297,-0.484332569961035,-0.434290451555072,-0.477744776750243,-0.381990029719328,-0.40417310748482
98.5,1,0.0414885868961217,0.228470985588374,5.68479223674239,0.245872124662521,0.11768731126781,-0.257428544002113,1.14315616264133,0.446147571898143,0.191330697852214,-8.78607532573744,-0.458043816643713,1.1795178721588,0.19929488943919,-0.132510230478428,0.446433897011377,-0.0758935369119283,-0.0606835630006563,0.457654445590931,-0.124568265579885,-0.0786750965719832,0.0996907823460935,0.183618848537928,0.29819949004522,-0.0496770699451531,0.0168965197549949,-0.181424112693088,0.0168435823441814,0.0637496623923426,-0.100273366526773,0.0701563246830205,0.0987865863034108,0.115692312352591,-0.112072246517319,-0.0599211684447401,0,0,0,0,-0.00227250617592714,-0.00568901610759684,-0.0102054138896696,-0.124937811281342,-0.382128250008953,-0.966725922986199,-2.05809410643566,2.63374797159197,2.57366683420446,2.37244262983485,2.42640166804043,2.61711276281741,2.85999133684228,2.99137783733695,2.99834745836622,3.00469312470114,2.88685421005935,2.86876452314545,2.79204026903169,-2.76729784519152,3.06276895307911,-0.146136962900492,-0.874298159300886,-0.83136278818065,-0.766776174065684,-0.678347959420104,-0.70953429721803,-0.622318371128431,-0.575513201693767,-0.486426491388914,-0.433875580197405,-0.485131702186296,-0.380866756428024,-0.398524701143687
98,1,0.0198533149971937,0.106003544888898,5.75881750851082,0.18055767036863,0.109728576937508,-0.202740062559881,1.86220797381787,0.426896220539488,0.184138630092052,-8.77910442831041,-0.525763162086206,1.1676113547721,0.213319868042787,0.0179437425417571,0.516387244391154,-0.0795158000445481,-0.101967319746315,0.348568018688494,-0.142410347373469,-0.0528101701231078,0.120632530102531,0.0665267345802017,0.311081809357797,0.0567373936593572,-0.0833625295170376,-0.200484162066052,0.00209750548134068,0.153732964544902,-0.101239051331418,0.0801210110548134,0.0232130351578567,0.199342232058117,-0.116742052072977,-0.047332658987139,0,0,0,0,-0.00291210371946519,-0.00729649700078995,-0.0125265875358117,-0.120870846381046,-0.366091464375168,-0.91850703861343,-2.04577416082003,2.50685809589657,2.51754717258778,2.3218215159095,2.38671308257864,2.59518190390347,2.88374719676742,3.04828057099244,3.02630339299545,2.99092053317225,2.88292923072786,2.84198127229005,2.76587468345181,-2.82989112677514,3.00248635609874,-0.112392188869989,-0.861201383923458,-0.831903103789193,-0.778056520708299,-0.693836928257609,-0.721074985328262,-0.6269071063189,-0.583483080092087,-0.486547072531633,-0.432652874866279,-0.486239415550993,-0.378938854496853,-0.386759816215671
98.5,1,0.012042132429759,0.0805470476195439,5.0731622716293,0.156967291029397,0.0847410837120107,-0.142825821824467,2.49624298237931,0.34299787740821,0.167640365785415,-8.80981035025144,-0.626104165552399,1.10595462121314,0.185347857580782,0.00197664290710211,0.495124887084755,0.0303302996353522,-0.00798937476685889,0.321695797985049,-0.124268236082413,-0.0419332087229721,0.137540393541928,0.0192674080626978,0.277016078070661,0.085624046433434,-0.231005914990859,-0.142965305140278,0.00470493342236668,0.211770676106046,-0.0549614970486214,-0.0256200865898606,0.0384797402862129,0.228007854284228,-0.0938429470579745,-0.0903179674409276,0,0,0,0,-0.00355175058127891,-0.00890474000617523,-0.0149114547054322,-0.117105740788143,-0.350095815980212,-0.861323502935146,-2.01811311673614,2.35340904619759,2.45785887717059,2.26170831419831,2.348549256373,2.57295720002601,2.91598016094212,3.11489906569671,3.05414327197044,2.9790220638773,2.87240464931149,2.79854068120815,2.73891221232728,-2.87946505545379,2.93502810953985,-0.0844383832003626,-0.850235296687291,-0.831973198435974,-0.789137116207119,-0.711806060882368,-0.731954747255232,-0.632846056218414,-0.587062142289904,-0.48756868735329,-0.434356176338148,-0.484373284236799,-0.375400319793117,-0.371385276928722
99.5,1,0.00966905738326453,0.0817149653979239,2.94593286582208,0.111402266075258,0.0971799307958477,-0.0862626630124997,1.72834872805931,0.445630246791714,0.156634523286703,-8.88733748449504,-0.806602879295123,1.06807192246991,0.184785688483889,-0.0400548550193551,0.478822517575211,-0.0140835561587926,-0.0590685475461473,0.374963988717155,-0.0529018413754306,-0.10918293513756,0.123300993678616,-0.0414287135864497,0.204526044846449,0.0601979614106573,-0.15714111341504,-0.083466676684437,0.0238211632579266,0.19286477693477,-0.0406411785379046,-0.0283143994074815,0.0275074043095663,0.183520114612764,-0.0508130421239139,-0.121169979636472,0,0,0,0,-0.00419144624359217,-0.0105137373407327,-0.017373641461362,-0.113904706321954,-0.335331374301634,-0.800337370149918,-1.91879630682454,2.18861423849217,2.3953962256374,2.17438425178002,2.30975879014548,2.55117221298581,2.95180004096472,-3.09454728443463,3.07864674686029,2.98274725719785,2.85786252576624,2.75870383163151,2.710670144951,-2.91778328083875,2.86547463579081,-0.0642964170469281,-0.838662050021442,-0.829308130156362,-0.798550078529168,-0.729713253443364,-0.741133925706,-0.641373926103924,-0.590579165295268,-0.492665761601715,-0.436821222579099,-0.479836840274294,-0.368377576093782,-0.354356492050766
100,1,0.00811756692626459,0.086905276816609,0.600911679098037,0.0625173306325362,0.114965397923875,-0.0554952026436614,1.16155006274476,0.542094975779043,0.150891027571731,-9.04976408025473,-0.798778757925902,1.08793672975304,0.183886867127013,-0.0675758659575613,0.596464152182396,-0.0876097255807864,-0.117530053562298,0.412206245088118,0.0485014712484693,-0.156520836770201,0.215583499255196,-0.0300963890986727,0.235469075299462,0.0153186060720307,-0.0358878211453492,0.0126838699164358,0.0717490145264028,0.155447620290241,-0.0656037519982799,-0.0425585455037484,-0.0262244163898594,0.0916527401856429,0.0553769804851462,-0.0665350128595261,0,0,0,0,-0.00483119018839017,-0.0121234811985171,-0.0198792421175927,-0.112015917583963,-0.324443980286821,-0.744016020172683,-1.38474341112429,2.01857113946631,2.3280634892088,2.06168320455847,2.26546082180329,2.53513585425838,2.98435762285024,-3.02567631642049,3.10932390926871,3.01549156119276,2.83468311032311,2.72868227351062,2.68610457328825,-2.94789829747039,2.79178056122896,-0.0529748331955393,-0.833406022178712,-0.825934939152018,-0.809192913625979,-0.748598888596366,-0.747582912834981,-0.651929875104465,-0.588832831070217,-0.496854326296358,-0.43587730461261,-0.467851445952756,-0.3596254944963,-0.339049101823333
100,1,0.00722287644573717,0.0825534759358289,0,0.0467714764528737,0.116647353156139,-0.0319349238352883,1.45846278937356,0.512427477271432,0.164071798663729,-9.18482305231651,-0.751338817143561,1.12097863394494,0.213590750061393,-0.27368635940007,0.543909623180609,-0.073899353429705,-0.0783810507885944,0.450093686858471,0.0728216655456064,-0.182003577588211,0.168342626186645,-0.00746981647589523,0.217869169985673,-0.0266296521431179,0.0303045559086795,-0.00424595305906667,0.0788519422437011,0.0521261586455472,-0.0468334671746839,-0.036996365137316,-0.0656852654148424,0.086604577097172,0.0587553050456718,-0.0453483553438443,0,0,0,0,-0.00547098189742174,-0.0137339637508625,-0.0224306787769222,-0.111203936783282,-0.316683743110182,-0.694759922304883,-0.573264262832476,1.85998700118498,2.25244645177834,1.93130783782748,2.20980790629331,2.51949262435575,3.01262199401369,-2.96099928778781,-3.13121333341336,3.07003464317767,2.76788015893978,2.69906989693186,2.66503692836892,-2.97132666933793,2.70870680047357,-0.0894913146718806,-0.917231560287998,-0.902261542428793,-0.894441111098896,-0.838703971402252,-0.817074578520264,-0.720953362693781,-0.635656763768456,-0.538816133714341,-0.466999537545658,-0.476422477352767,-0.363576751891789,-0.331270363224228
100.5,0,0.00655447839407844,0.0749140565317036,0,0.0424432889268703,0.112961471089813,-0.00871089008973932,2.02526145468811,0.398327137914948,0.211593004894765,-9.42995891853155,-0.678867678820302,1.09763454091795,0.345198206114939,-0.365703344861403,0.491160009943118,0.0578273712577186,0.00760242724655098,0.448465509108515,0.156661913138061,-0.0552197022651838,0.0809313005934428,-0.0682888156842629,0.0583490605659687,-0.130121447878547,0.0128128517291605,0.0136343189623125,0.0267565939152704,0.0261005667737129,-0.0345614855172452,0.0489137123821246,-0.0225735009852137,0.0475645753126326,-0.0343938901095013,0.0306776050288889,0,0,0,0,-0.00611082085220201,-0.0153451771465897,-0.0249994072793157,-0.11129706656624,-0.311358307969806,-0.651713686433666,-0.104793381290464,1.73324929875167,2.1676820307931,1.78882114859435,2.14432609064928,2.49804155380217,3.03794036615942,-2.89779700261108,-3.08263787447885,3.13032618513546,2.67396452274403,2.67930608074108,2.63869265771438,-2.98719086166592,2.61859890174277,-0.112544464249559,-0.970612412314911,-0.951130545688634,-0.948616879705897,-0.902910725912156,-0.865920090920672,-0.769835243588317,-0.664754979168212,-0.564084549255693,-0.484895750132993,-0.475411715484579,-0.364737730903029,-0.322782111324544
101,0,0.00588608034241971,0.0672746371275783,0,0.038115101400867,0.109275589023488,0.00223838355363189,1.96536016224449,0.46020045232821,0.21420586179212,-9.93487483280431,-0.273129243198522,1.09942035350254,0.407456356984233,-0.164154608039136,0.628052285247028,0.191846569985026,0.0387406736981057,0.382275604738369,0.0919459765360459,-0.0687483812030133,0.089852726133396,-0.0631804488723713,0.0970048419275312,-0.0807483614955014,-0.0757516559090017,-0.0310992533395753,0.00708855829837616,0.0762880172606087,-0.0201410046891594,0.0345837409586643,0.114585506965487,-0.0465885412286045,-0.106110146415963,0.0756061957991676,0,0,0,0,-0.00675070653401468,-0.0169571135122135,-0.0275710408977405,-0.1120662639272,-0.307774174853241,-0.612969058439491,0.0786013115171809,1.64212980098911,2.08854547984611,1.6604269662819,2.07525853036254,2.47659865296693,3.05863583470156,-2.84395618570126,-3.01978801553624,-3.10889169705572,2.59563443430192,2.6767125568815,2.60548418412931,-2.98625116627008,2.53144704481746,-0.0814620598721828,-0.916957871757826,-0.899871191553998,-0.900529538753785,-0.869905323619243,-0.827173200642688,-0.74198590295365,-0.624318201653038,-0.533289103754033,-0.459818486087623,-0.441047039452014,-0.35316000378483,-0.312288126643087
101,0,0.00521768229076098,0.059635217723453,0,0.0337869138748636,0.105589706957163,0.0061671568518799,1.20728238870899,0.58514191552977,0.217210570405227,-9.98984774083836,0.42049733750187,1.38840815362581,0.524265843969353,-0.00807030325549243,0.609596264612856,0.0337227286772366,-0.028193345956188,0.249534787343194,-0.102751745448917,-0.0823715815210457,0.0193780967391493,-0.169214673261794,0.00947907791106619,0.0620464762367362,-0.0298074489891501,-0.105517904229161,-0.0520736691085344,0.0422126224377249,0.0427438577540212,0.029083495660442,0.035898627117516,-0.0532591809747883,-0.0786276500779078,0.0068889250842986,0,0,0,0,-0.00739063842391475,-0.0185697649521539,-0.030145550492145,-0.113487899205597,-0.306012112604869,-0.579236840895739,0.202372920111586,1.57456934613631,2.0230423744322,1.5598617376557,2.00273933628802,2.45400219652477,3.07449999104073,-2.80542708845257,-2.87722262425351,-3.08594456393551,2.51787195508285,2.69148974929607,2.57234913194016,-2.97027946924593,2.43968305327917,-0.0589614848223005,-0.880939360953984,-0.864366049300621,-0.864079670751263,-0.844845441995762,-0.795182459494193,-0.723807854427302,-0.593009649203511,-0.511196979383249,-0.440925508193033,-0.410536277320078,-0.342283065733967,-0.305552407007066
100.5,0,0.00454928423910225,0.0519957983193277,0,0.0294587263488603,0.101903824890838,0.00790024452834588,0.852579616182518,0.497739455802133,0.259286167090647,-9.69625174843299,1.4626417632454,1.83509597294568,0.546261457038215,-0.0888884117428306,0.39206474242554,-0.125172427274671,-0.0485447441031213,0.256861412066557,-0.100224759553568,-0.0503940574709263,-0.0262901636024538,-0.227231913255653,0.0429629548781609,0.0290836302366492,-0.00622433076806391,0.00832666871103817,-0.0669213302964916,-0.00920680659603659,0.0265608936023951,0.0491371329751999,-0.0230047693550621,0.0261899697690591,-0.0487668288633195,-0.0407101541547353,0,0,0,0,-0.00803061600273075,-0.0201831235489468,-0.032722906704771,-0.115507397788794,-0.305977647283941,-0.550450698861187,0.29879493039165,1.51965952874172,1.96836750806757,1.49792899202081,1.92410820844789,2.42229260605897,3.08254894703027,-2.7807679804927,-2.71441801274051,-3.06961881904786,2.44074027195778,2.71152830248427,2.53992906849668,-2.95466120941561,2.36350975149942,-0.0399749873422246,-0.849579347779369,-0.834315172414142,-0.839758504105593,-0.829859194872233,-0.770946673526314,-0.70956008583388,-0.566620526456891,-0.492130277979801,-0.422694490749471,-0.387576533722716,-0.332095567926881,-0.30157582585953
100,0,0.00388088618744351,0.0443563789152024,0,0.0251305388228569,0.0982179428245127,0.0206402013372715,1.60917665151394,0.407052251272951,0.278795624346298,-9.60114823050467,1.84282022011458,1.83398107779592,0.55919757891487,0.016306241592374,0.191757073999151,-0.171344878657552,-0.166764338025589,0.156633760626552,-0.0535739553124794,-0.188140345453201,-0.12535371471204,-0.246956539744888,0.220316934039262,0.0114548719903462,-0.0437155453813698,0.12296052334684,0.0204497517711958,-0.0965496479208367,0.0183773494716298,0.0900971149099453,0.0344283674899127,-0.0382473048437663,-0.115085088125783,0.0185305462240482,0,0,0,0,-0.0086706387510675,-0.0217971813634578,-0.0353030799616336,-0.117977179521283,-0.307054076593934,-0.524114479830008,0.390889871926587,1.48263920855378,1.91889984228454,1.46038392656358,1.84035309207743,2.38027277912995,3.08601680873889,-2.76430049801936,-2.60399100224576,-3.06233513132285,2.36509667159381,2.73580340737289,2.50547883853039,-2.92844241459255,2.31124425830194,-0.010421287257828,-0.789886402160873,-0.776769343033168,-0.792583812544929,-0.789146335199661,-0.723178984824735,-0.672657097295991,-0.526925038547317,-0.459146240011268,-0.397493328188499,-0.364011654302882,-0.322049131400885,-0.301449564699324
100,0,0.00321248813578478,0.0367169595110772,0,0.0208023512968536,0.0945320607581876,0.0399562459549789,1.70674567070366,0.551945339163121,0.293536633056055,-10.0018813399836,1.73797345090922,1.68866544909396,0.551098486596842,0.195337065506515,0.200484061525945,-0.271216897041747,-0.245756187428114,0.0653269211985711,-0.0562697586132756,-0.203482620630987,-0.110406802840227,-0.236976119726985,0.152989886683367,0.0566261661782363,-0.198122061750866,0.0238485759127122,0.112058808373078,-0.0689182046807467,0.0336746961779589,0.0646740528624244,0.0457096726902124,-0.0477658221504311,-0.105999989713129,0.0795778778870725,0,0,0,0,-0.00931070614930837,-0.0234119304350971,-0.037886040474038,-0.120581470307097,-0.308005625757916,-0.497542478478762,0.472360069635613,1.46402890849182,1.87906531898351,1.45419591261058,1.76772809771282,2.33010950499622,3.09113854596661,-2.74785860148864,-2.50248167648296,-3.06298254145704,2.29321277162041,2.75582203901881,2.4701696983757,-2.89504235995171,2.26059079980287,0.0109702729282179,-0.742365537186821,-0.725183641679175,-0.744802420160051,-0.747055212578395,-0.674480854583191,-0.637166838162304,-0.491859902401556,-0.428476982390742,-0.377925917821635,-0.342030616473964,-0.315328317871341,-0.301761325214044
145,0,0.00254409008412605,0.0290775401069519,0,0.0164741637708502,0.0908461786918624,0.01537975640617,0.89573899680282,0.532278238414828,0.300916335256039,-10.2192294526893,1.9294446448857,1.49414705346296,0.586520102666642,0.0696464684141377,0.123013545221209,-0.288367662421071,-0.205640957228584,0.115482836243883,-0.140487019778608,-0.251719325407514,-0.114603845414886,-0.357808852187942,-0.0630778891222881,-0.0418237805533793,-0.153310474575004,-0.0469110685378592,0.10135181998311,-0.0264044932625656,-0.038621825214814,0.017527015380704,0.072031981279787,0.0541175763167835,-0.0896738839244567,0.00954960767365119,0,0,0,0,-0.00995081767761798,-0.0250273627820358,-0.0404828637086819,-0.123567312845087,-0.309668699653316,-0.474237926787469,0.543012247394991,1.45712210314049,1.85258281603312,1.47874909284244,1.70627058600196,2.26650196566913,3.09303903504546,-2.73326318736382,-2.41502619052724,-3.074026028484,2.23219073192599,2.76486407629589,2.43741191210412,-2.85637250710244,2.21492462048343,0.0102541121502175,-0.740523501563507,-0.712327904203615,-0.732986462977592,-0.733016448199211,-0.649639798175029,-0.625583936254355,-0.477592404982072,-0.41544687954535,-0.375356638479568,-0.3330796463051,-0.318885730077588,-0.303192048490592
146,0,0.00187569203246732,0.0214381207028266,0,0.0121459762448469,0.0871602966255373,-0.0978978681751794,1.68296796216349,0.485602873330482,0.319916334922912,-9.85426658849047,2.12016170489863,1.20028583482622,0.794480759482412,0.0285081956554551,-0.0339002736500051,-0.323287366186257,-0.171490270407086,0.171728990985832,-0.170235171109379,-0.269907389809978,-0.0558416451999262,-0.320165619748762,-0.123930745695725,0.0986813021200458,-0.0586236562386254,-0.113780502490989,0.0695049529145486,0.0703571545148185,-0.0605748603582998,-0.0339050107346171,0.0145767056684841,0.137407307778481,-0.0797366079373052,-0.0364643616589906,0,0,0,0,-0.0105909728159445,-0.0266434704014241,-0.0431235232114399,-0.127588138884889,-0.314236628856661,-0.460008172438241,0.62027056728498,1.46311725376199,1.83400707624013,1.52146255356823,1.65570741508414,2.18778856857779,3.08498770316559,-2.71674019161723,-2.31394751740888,-3.11313794518988,2.17921304160251,2.7657986460585,2.40832742945332,-2.79581044445179,2.18776641929587,0.0166668163333668,-0.722536768496657,-0.685950935247501,-0.708647771486764,-0.697542930530735,-0.608606170398452,-0.600161646098114,-0.459625244222693,-0.400253714544867,-0.372582156962475,-0.328061581280079,-0.32663312754637,-0.303713042745959
116.5,0,0.00120729398080859,0.0137987012987013,0,0.00781778871884355,0.0834744145592121,-0.243209525380048,2.11441347044835,0.548877547585735,0.371957532250527,-9.66171791957103,2.26472101645887,1.06404978675328,0.886396762621773,-0.00912413940136332,-0.0763364745289626,-0.359201091231512,-0.163725019359407,0.218664305807312,-0.117631662469526,-0.258013438076011,-0.0182532280142628,-0.274954155369093,-0.105100457607741,0.221248501492627,-0.020398032236358,-0.0794964367646007,0.0771074754594831,0.096619498688994,-0.025378910611648,-0.0280656002811118,-0.00776343555780577,0.16275978497355,-0.105917327483064,-0.0542984089521304,0,0,0,0,-0.0112311710440224,-0.028260245269611,-0.0458225138400832,-0.13287611918382,-0.322488647549904,-0.456992023263879,0.695384178338169,1.48503568136496,1.82620756440723,1.57414907820076,1.61680785716746,2.10659757172352,3.07045570415572,-2.70033113485658,-2.1514175515629,3.10573155003432,2.14436355860783,2.7480869154178,2.3800458720848,-2.74339332034575,2.16870959151717,0.0273140001356709,-0.691476955542174,-0.65193833000176,-0.67704187712,-0.652164107643018,-0.562507193820298,-0.566553482959846,-0.442670707213348,-0.385516531952317,-0.369282408401053,-0.325145981015343,-0.335165083342714,-0.302118325456005
131,1,0.000538895929149852,0.00615928189457601,0,0.0034896011928402,0.079788532492887,-0.353412309164025,2.1147560607745,0.494320345021625,0.45211621086146,-10.2931010367309,2.24997359355821,1.23316585000287,0.783399197861027,0.0672105784593179,0.0021677638974961,-0.357602889850834,-0.169777998450079,0.183985534982106,-0.0925832550426164,-0.334495043038028,-0.070146173004879,-0.31038779627536,-0.115084454959488,0.122846272744539,-0.05194354643401,-0.0192537594466733,0.148717005145298,0.00237279236641925,-0.00125937693528537,0.0660794244502365,0.0469063064570168,0.0601640887221776,-0.141823537946062,0.00869877986751896,0,0,0,0,-0.0118714118413748,-0.0298776793423656,-0.0485624330198396,-0.13916619759474,-0.334313635020931,-0.466408231116572,0.766230022398681,1.51668186182704,1.82026101337191,1.61030945901055,1.57925560553726,2.03082613391893,3.05108206611411,-2.69539927736378,-1.82061481515093,3.04380177421583,2.13025166695661,2.70456004616169,2.3489973933849,-2.7077535386322,2.17101045603372,0.0262887111315412,-0.679258543142015,-0.632073287850306,-0.657103505316311,-0.614993016521831,-0.526490469444046,-0.539526779156945,-0.434998993029478,-0.380153222697623,-0.373155040425899,-0.326598212450427,-0.342518739377275,-0.304817889503007
130.5,1,0,0,0,0,0.0777676631410101,-0.419250439505555,2.06212628071675,0.554579678016027,0.519327033432748,-10.4510719587895,2.32529736719449,1.36501946996682,0.772333052493924,0.0279248603819179,0.0512225561283169,-0.229852784873978,-0.17452227730114,0.168545899577277,-0.0519277778614178,-0.312229499908201,-0.140419943284988,-0.250721308324541,-0.141748058435849,0.0366788185934234,-0.0776200122412228,0.0141111483356166,0.126442877336349,-0.082923868627003,0.0313337963302689,0.0718530253756846,0.0172108036490294,-0.00214048323902214,-0.104214241586369,0.0466487539492463,0,0,0,0,-0.0124564944169418,-0.030935282972889,-0.050573332528779,-0.145627440362115,-0.349211907457123,-0.488649787021819,0.841843380612101,1.55680394075242,1.81849187749122,1.65292659801484,1.55008568413275,1.95693751858078,3.03319946317542,-2.70868814479928,-1.16162477585889,2.98967603817006,2.11528722386291,2.65842398117732,2.31816968329687,-2.68911578240118,2.22356969659708,0.0164825777007442,-0.679709384224712,-0.615885833735027,-0.637388061496485,-0.581162410030257,-0.499251785063598,-0.519668384100117,-0.43351782825307,-0.379230335284386,-0.377188371664641,-0.332266041224632,-0.347124481329772,-0.308286031358524
130,0,0,0,0,0,0.0824068446469263,-0.463674522402375,1.68312727746346,0.57725630757566,0.500443227583129,-10.1752047199359,2.356409667735,1.27294990159539,0.846808628473354,-0.1027965357755,0.105775953149558,-0.0777536889613909,-0.233061517742689,0.161814391124743,-0.0710026814005634,-0.285179335955492,-0.118124862401671,-0.145980976340245,-0.1192789843517,-0.0541485212151995,-0.100800478689389,0.000408745809418318,0.0601197710218777,-0.0466155449469948,0.0562225002624006,-0.0217587772119577,0.0260828844078552,0.00594907421491672,-0.0954819500868792,0.0451358794665159,0,0,0,0,-0.0129850200392225,-0.0314188873077383,-0.0518248993962584,-0.152201801557906,-0.366658375530061,-0.522207382127136,0.915022656453626,1.59928485624511,1.82636997500723,1.71025189847577,1.5314949238146,1.89022874346375,3.02029416326318,-2.73987439946685,-0.470255868061787,2.92810635552207,2.09084042792004,2.58876825315473,2.28610642416955,-2.70486057528121,2.2994577034761,0.00537025878326068,-0.675946658047897,-0.60033897873877,-0.619072020647732,-0.555082442851927,-0.482446712963718,-0.503906844594512,-0.434698646467597,-0.380382354282095,-0.377045373958864,-0.338508488731747,-0.354629954397712,-0.310189868879027
91.5,0,0,0,0,0,0.0870460261528425,-0.490688778920813,1.66598809390285,0.4760068898248,0.503558613240711,-9.47745885848538,2.38026325426581,1.17401514216594,0.972203535389347,-0.120974871259067,0.154726502735387,-0.0108290137638525,-0.247429260205224,0.249737704085006,-0.0467676924819247,-0.247605016768583,-0.0177398336004311,-0.0682917098364968,0.0171774876271367,-0.043553819419091,-0.0696021449883316,-0.00931473921373337,0.036859712792222,0.0064383454646456,0.0736766605978855,-0.0384890851482549,0.0853943519272431,-0.042059166734903,-0.110368641965984,0.0127852189464212,0,0,0,0,-0.0135135852923996,-0.0319031892345002,-0.0530817962264334,-0.15922766462689,-0.38600283831673,-0.565968241479352,0.97730466346734,1.63726567914966,1.84117800672659,1.76570739350857,1.51622714481423,1.82145977251927,3.00238798666735,-2.78008082894221,-0.0830935259432346,2.85787985709536,2.06431981721539,2.52879371665589,2.24810060555995,-2.75343520889622,2.38854276560342,-0.00510091476212909,-0.666291141453343,-0.589417256190578,-0.60118002422491,-0.532408752340597,-0.471751771322168,-0.490296371861343,-0.439522448617674,-0.391442196386727,-0.374639229481798,-0.337195388384682,-0.361990598892456,-0.310467007648904
53,0,0,0,0,0,0.0916852076587586,-0.497705674736236,1.27740316176135,0.476782621581376,0.561204508267449,-9.17267786323939,2.2680358594368,1.09240924165298,1.11930072946647,0.029637380705703,-0.00688252854099013,-0.055734815572059,-0.359691937123098,0.251737587157974,0.0578668527648839,-0.236801352269469,0.0437469588683209,-0.0821489678123693,0.158579485798885,-0.00300371471749475,-0.132375927806125,0.0115622724516113,-0.0338723704005677,-0.0392018898656978,0.118456824090517,0.0316729061420167,-0.00969160045030393,-0.0804932890689399,0.00278576215541486,0.00112721275829929,0,0,0,0,-0.0139588332925185,-0.0321666445362096,-0.053981249470917,-0.165936424896886,-0.404966566173618,-0.614242019437439,1.02886074274153,1.67648281806486,1.86257554471264,1.81564732704981,1.50446645111609,1.75718097823621,2.98279125482152,-2.82748895822412,0.120351711493763,2.80706739851902,2.04040526977528,2.51708561556481,2.21201552094519,-2.85615948024797,2.49031831538481,-0.0146498260818695,-0.659024673707177,-0.58166874928823,-0.582770205259766,-0.511157228255115,-0.463446106174501,-0.481278839473398,-0.444402179617517,-0.408564981457127,-0.373180442643351,-0.332774551899567,-0.365873134617682,-0.310071621169331
82,0,0,0,0,0,0.0963243891646748,-0.50305758817725,1.72821402919976,0.592838572284375,0.551247572762099,-9.17867508648147,2.19036315114633,0.90732590773343,1.24364689762452,0.159614737087723,-0.372800900158175,-0.2250184569259,-0.640675252517142,0.125242343804454,0.134838771239163,-0.323842298033293,-0.021319811106767,-0.0634288893013807,0.257405541056219,-0.0550351170289559,-0.0670319990981968,0.145015035318881,0.0824688009761495,-0.063482680588761,-0.00323553561589085,0.0112150285155508,-0.100414712765851,0.04009115054479,0.0926425249543749,-0.112651248932808,0,0,0,0,-0.0142599500697188,-0.0320540155341957,-0.0542701553676449,-0.171826305579542,-0.421525456361609,-0.662194796475789,1.0886826784977,1.71699806838871,1.88796896194126,1.86359987311219,1.49438741005046,1.71303566613908,2.96583084881591,-2.86484405026549,0.232899379655453,2.79362197441701,2.0217428356881,2.51022992410307,2.18266608111941,-2.9521160441747,2.58543484720153,-0.0208153744060961,-0.653901871141417,-0.574064483611767,-0.570276416926672,-0.492679667297621,-0.456713832115639,-0.473285847933024,-0.446849051019131,-0.425174381554197,-0.373368442662418,-0.331744105170749,-0.368878418358703,-0.30887514640576
81,0,0,0,0,0,0.100963570670591,-0.506476921862834,1.72306898433355,0.576346917413682,0.462486993043546,-9.28861009170233,2.27951824125691,0.923178204707187,1.13233093834447,0.0902832021047569,-0.4574799635505,-0.175751123507431,-0.612468591397858,0.0764646364703167,0.138111755431685,-0.41703800662064,-0.0289903159409601,-0.056538774895304,0.348861086678864,-0.143388960503534,-0.148584844447831,0.136823326340991,0.0979070497601143,0.0773478047080182,-0.119543850396027,0.0269118140077837,-0.0355421659277276,-0.0264730721742436,0.204779296219524,-0.157375900739669,0,0,0,0,-0.0144895770557725,-0.0317597633958157,-0.0542658489832929,-0.177674853838641,-0.438651567571453,-0.716597560539244,1.20733029141736,1.76177066198952,1.91809928877068,1.9145902642764,1.48948404801376,1.68436699947042,2.947949631342,-2.89107401395895,0.294377736103149,2.79714903073006,2.01105278772919,2.54071979007124,2.16091566178482,-3.02137380213481,2.67459680341996,-0.0256068921507091,-0.648218251807654,-0.568321086087071,-0.557470386522845,-0.474823960035942,-0.453841783657973,-0.465593818146005,-0.450819756579702,-0.441776065035299,-0.374689242381837,-0.333261197697708,-0.371547806563943,-0.305128895411217
52,0,0,0,0,0,0.105602752176507,-0.516758670271011,0.900466027284617,0.423867247061613,0.450780259326302,-9.41234190837924,2.47340575856266,1.00128399582896,1.08372889332109,0.060654330179803,-0.425438083354549,-0.192567272482071,-0.619217945133779,0.0105922018277884,0.130828571463093,-0.428546319034265,-0.0214104972244101,-0.109053862657266,0.283716713500168,-0.0620590958144414,-0.170800356325131,0.193469329009649,0.0947451614178667,0.0250606668236005,-0.103985703613161,0.0207335936578852,0.0267325961026419,-0.033962003956486,0.125734933386499,-0.214453058923722,0,0,0,0,-0.0144599374026983,-0.0308579728840354,-0.0533184687984703,-0.182694141553227,-0.456310751946948,-0.774857814518764,1.44200437509905,1.81777708208459,1.94726338916622,1.96463079386166,1.49224024277467,1.66948136310598,2.92746526304881,-2.93069412774936,0.344606608335968,2.8058171509474,2.00611791165059,2.58500690200958,2.14747967616326,-3.1033017404894,2.75831542269785,-0.0328205440988437,-0.646245205968757,-0.566279427983932,-0.542458040137743,-0.462253640278658,-0.459804499119026,-0.462932361196546,-0.451486444199503,-0.455274054367169,-0.376603053913579,-0.333625894389262,-0.37313123419443,-0.302335869377744
54,0,0,0,0,0,0.110241933682423,-0.495722442110443,1.05560043301622,0.356688109263183,0.476799835613037,-9.49792057975363,2.5529956966228,1.09102464688766,1.08773533555962,0.140451905050219,-0.480161683386254,-0.183115086888984,-0.63831737971248,0.0767146428480775,0.123504243582547,-0.362401874290264,-0.037007147478094,-0.0807434491318593,0.270239248889263,-0.00433214231267327,-0.213396283319714,0.0906931032075157,0.183844134930478,0.0836562022085215,-0.11592875387486,-0.0601926812708302,0.000955095797284628,-0.0205022192962246,0.133968628843561,-0.197292204568284,0,0,0,0,-0.0140660211411852,-0.0290336963287437,-0.0509102417807002,-0.186118361096539,-0.472332667530333,-0.829491403055885,1.83746779124172,1.88190552428487,1.97100973120622,2.01151475647545,1.49758857612504,1.66607799164256,2.90139438363183,-3.00353257139839,0.391366334561875,2.8140972562027,1.99928983353688,2.60077320803752,2.14193311957026,3.13002976762202,2.83655779273458,-0.0417402902225339,-0.652213324678843,-0.568235542348567,-0.529772305726186,-0.457343948539929,-0.471043239467275,-0.465015561079769,-0.449255579698472,-0.468532260300659,-0.37527556697808,-0.331123991065149,-0.372994570342707,-0.300864225069156
92.5,0,0,0,0,0,0.11488111518834,-0.478845440442923,1.38592167162307,0.530441617175627,0.440164269568475,-9.52348590145254,2.5003708220371,1.10571963401526,1.05730575260646,0.142786413137332,-0.441615706080947,-0.216737923282943,-0.66849828984209,0.0527220478590091,0.194159274579931,-0.358786864701526,-0.0880021498242327,-0.120922183158509,0.308099101146852,-0.108502387683333,-0.162433557306713,0.151226716011541,0.114353369353193,0.0874634444065249,-0.135786622050565,-0.100807972653614,0.0326349179640402,-0.0183878549014946,0.113145712465334,-0.146172150337171,0,0,0,0,-0.0136878634300459,-0.0271248688166556,-0.0483079202782169,-0.1897399105452,-0.488355981929209,-0.882755511595339,2.34306833398963,1.9488328716579,1.9881207590124,2.0568227211626,1.50448947364826,1.68060868599369,2.87013630795465,-3.10514840138443,0.429195867431193,2.82454759678025,1.99328539681081,2.59666935077983,2.1459738724192,3.12129345914563,2.91011689426968,-0.0495980499382854,-0.660230869395019,-0.573800330653143,-0.520043519602618,-0.459166263176929,-0.48402726341065,-0.468650403298133,-0.447448430012807,-0.479862864339393,-0.367939283140037,-0.329478663538584,-0.375339008406229,-0.298315856847826
144,0,0,0,0,0,0.119520296694256,-0.485930252928767,1.25566050080998,0.562267192949025,0.449059947943199,-9.52801511759757,2.52821546925998,1.0575644214075,1.07009064971221,0.114070124070369,-0.410683261353219,-0.219986495716096,-0.59608241375656,0.0912552034407702,0.12806137166853,-0.35804167490579,-0.0675996771423706,-0.0750347102833096,0.280282121679617,-0.100286769125068,-0.197457803635619,0.0973153258068091,0.17504585929363,0.0584962630263289,-0.102726966367316,-0.081900011188181,-0.0347368291679005,0.0615815609565727,0.0756830614461527,-0.157044848076363,0,0,0,0,-0.0137539845488854,-0.0261131762861853,-0.0469079285279252,-0.195316527858637,-0.507307501218436,-0.941334900338795,2.78798749939763,2.01171678950795,1.99856348592195,2.09616462353574,1.51305097319351,1.70476009793625,2.83672464987043,3.06614646329558,0.464015690922812,2.83779378190946,1.99010414080284,2.57185157504449,2.15504680675262,-3.13304927853818,2.98899449168884,-0.0578683567035528,-0.665589915934652,-0.584423246751351,-0.5175878279246,-0.464281301562131,-0.499078592648524,-0.469267662461599,-0.443277968208361,-0.487663848744775,-0.3594442111698,-0.327876212510031,-0.378764561644392,-0.296750729289982
158.5,0,0,0,0,0,0.124159478200172,-0.482178740505348,1.25640260756761,0.394310402119027,0.500660911440614,-9.55345002875129,2.51129958148287,1.14972014540368,1.08430671369233,0.0947165649331653,-0.265809703239402,-0.277499909867704,-0.435831352429002,-0.0226298096711503,0.0183444395814067,-0.27326112013661,-0.0255248102137025,-0.0252932821891911,0.267361790268073,-0.0975773393970817,-0.271432539706451,0.124046882381646,0.233044096997458,-0.0169954573218112,-0.118844537622436,-0.00657343909167397,-0.0480547808220079,0.0729033232305144,0.0736949985814825,-0.192216489007257,0,0,0,0,-0.014613672979119,-0.0265654940217163,-0.0470649421785583,-0.202694949594964,-0.529495992922767,-1.00681913632629,3.07028827432749,2.0728855723301,2.00626392242049,2.12726082660091,1.52405308443153,1.72078268778185,2.79689877375109,2.96799346137499,0.48802742064064,2.8469827087674,1.99568353933983,2.54737282267899,2.17168150466694,-3.086442964183,3.08004795115339,-0.0731670575873512,-0.679689988394442,-0.603470675093228,-0.520259018968571,-0.461948434954876,-0.508558165563674,-0.464407193778329,-0.43606628158349,-0.493203771785064,-0.355665492781835,-0.329045171498313,-0.378021690354535,-0.294295741939142
126,1,0,0,0,0,0.128798659706088,-0.482949696096882,1.19348918425667,0.490346393169902,0.478835543909715,-9.62243697801652,2.49660242915806,1.22532954705287,1.10760141721461,0.0409522060238828,-0.296457188055244,-0.319486288366457,-0.411521177983386,-0.012059212807884,-0.0130008967828087,-0.210709776289582,-0.125609593863476,-0.053127940765726,0.288837637640755,-0.0412268329712807,-0.234958407667901,0.0154630485973769,0.18564945179886,0.0453496985342651,-0.117721248512253,-0.015650117126021,-0.0425260202920767,0.0563082338107542,0.0999464850720514,-0.19825848943277,0,0,0,0,-0.0159594795671324,-0.0278520280512987,-0.0479491613503252,-0.210859005499519,-0.553232971964642,-1.07481358000722,-3.0590860004567,2.13359231298825,2.00906914615173,2.14708853097413,1.53567125840906,1.734510925192,2.74915683781269,2.88449482944185,0.50484265504124,2.84563218601228,2.00976134074453,2.52971165137555,2.19959950368137,-3.03819523139712,-3.11321387048647,-0.10030760217704,-0.709463133774119,-0.629829832228148,-0.528159296363506,-0.453394099500342,-0.50516046485677,-0.45491851235606,-0.422512176973578,-0.493056609994917,-0.355348932670805,-0.338070174070912,-0.371837726066349,-0.288040703474427
92.5,1,0.0742891499331527,0.264979338842975,-2.88809778408311,0.160726134596221,0.108948554337606,-0.481614162111973,0.896878258173734,0.629900057635894,0.425568241316476,-9.73967096368801,2.52116806046867,1.31201275913524,1.15030776720347,0.0100514507761548,-0.386842440044873,-0.215728360504219,-0.387411647905719,0.0579177429933433,0.0202911964633074,-0.25304451689583,-0.188515101725331,-0.00811253557768186,0.348843424775555,-0.0789993443381448,-0.278301553266189,0.0644637838843379,0.139719428580497,0.05601895134077,-0.0447321378862497,-0.0620115844344239,-0.0929270104400858,0.100564601195489,0.116453426632047,-0.193064860863353,0,0,0,0,-0.0173064607761059,-0.0291449781652514,-0.0488182597557609,-0.218585433370845,-0.575873940717476,-1.1383216762722,-2.97493365916445,2.18505939384883,2.00689755643339,2.15678701755103,1.54390410978888,1.73122103678155,2.69350610032407,2.80784957471293,0.528206988973142,2.82923020543463,2.023837383895,2.50461470881136,2.22487490086931,-2.98658799866767,-3.04197068665162,-0.136143094275364,-0.745670338550164,-0.658955723708741,-0.544994685187514,-0.448493433885742,-0.492416961543105,-0.442758939189604,-0.405709245758104,-0.490008734578693,-0.357049676709784,-0.35112358745789,-0.360943663259142,-0.275904932030585
92.5,1,0.115350305231309,0.4904,-4.23257091160989,0.277255812221432,0.0973966604823748,-0.479692988841907,0.998257588544287,0.651494928767153,0.454043460293475,-9.82032388824813,2.46861045732277,1.3221310330536,1.09437093372956,0.089691259298428,-0.411004188507491,-0.109589421772088,-0.390470734933368,-0.0419010887105818,-0.00495174496037439,-0.196023224606066,-0.106104136632213,-0.0131142848074682,0.262059672831902,-0.164414242698206,-0.210253036071196,0.118973616829399,0.153154220322116,0.025115462937039,-0.118661517105256,-0.0749095198926372,-0.023763600030272,0.0839474298172161,0.0453658177358174,-0.143893420758405,0,0,0,0,-0.0186546132503277,-0.0304443881246614,-0.0496122941631451,-0.224985520425727,-0.595004442004333,-1.19165018416464,-2.93214032657771,2.2264038594845,2.00302319465151,2.15584657087875,1.546106013407,1.67292586693683,2.63157530342901,2.75539987664759,0.560804793285213,2.79613230691186,2.03436683132702,2.467357406184,2.22944007828987,-2.96006825663453,-2.99622916900603,-0.176335454490512,-0.788407531369338,-0.693911046440616,-0.56546191734392,-0.448964026242377,-0.477308408013054,-0.430040452104407,-0.391852318888731,-0.489893522181508,-0.361488636972787,-0.365062436437513,-0.349922004991129,-0.259930663695857
93.5,1,0.125158919120896,0.544839476813317,-4.13036541657614,0.266902552063214,0.0990770624539947,-0.485277998164509,0.904211524186262,0.650636404474671,0.496294157396334,-9.83918437920232,2.41574780841275,1.27886728629532,1.04728193426423,0.105244755419324,-0.3976174096118,-0.102618255075071,-0.279288453966647,-0.137489610725781,0.00469533965886248,-0.24328665036127,0.0149532330549792,-0.0526912497011995,0.216565230093565,-0.0580588600348414,-0.170883705204737,0.0609061714243537,0.0900876062216717,0.0540024255846874,-0.0803861151189735,-0.0565938804731785,-0.0534973862649949,0.0834351151062394,0.0705107210197041,-0.132408760121387,0,0,0,0,-0.0200039336112166,-0.0317503020417258,-0.0503251419547812,-0.230131451302165,-0.610788380941161,-1.23388703586087,-2.91356922710557,2.25879608039283,1.99903236357548,2.14571772714618,1.54377784914683,1.59562969981156,2.56960313096328,2.71494068522368,0.597518908729771,2.7536005585393,2.03918125956398,2.42626227889907,2.20635355133967,-2.96964189461906,-2.9680242683493,-0.222102719208989,-0.848437909955641,-0.745312729532339,-0.596275555712493,-0.463961436123905,-0.46907088270382,-0.42266027840852,-0.384217082619295,-0.494865715698884,-0.372518637498839,-0.378134035490092,-0.341858745807939,-0.244219298158796
94.5,1,0.13549451430278,0.517029112405939,-4.40830224689452,0.234819509457566,0.101875849804655,-0.493925850748546,0.930407287515793,0.605764656492724,0.496162570722195,-9.94345211241964,2.4470582772717,1.29489526997904,1.02585056728327,0.123230007268312,-0.299493239113636,-0.13255615882531,-0.219807845761367,-0.097123518178567,0.0674810175370809,-0.353356454373945,-0.0556759273671277,-0.0461597771383588,0.230050146151416,0.0210078696756979,-0.0708265892824167,-0.0445764115451737,0.0346620329007056,0.0404448114396536,-0.0160703133847402,0.016019472218305,-0.0642937205308191,0.0273563059971296,0.0345351294890966,-0.13287202823088,0,0,0,0,-0.0213544184573254,-0.0330627643825997,-0.0510158698688476,-0.234163247666084,-0.623582294903412,-1.26620788388655,-2.90579174314711,2.27930389880577,1.99434671565517,2.13104747086109,1.53688644078579,1.52376479123582,2.50985788936999,2.67628630376999,0.62471413386478,2.70683764716561,2.04539109406379,2.38213717728845,2.17410572764553,-3.00413941171791,-2.94901768517346,-0.284215512104213,-0.943983195520243,-0.833516660455551,-0.664401969026615,-0.51572753090415,-0.486834357954163,-0.437131938739102,-0.401763218863961,-0.520296594428217,-0.403441905480423,-0.403038327965764,-0.342695065160729,-0.23041047095175
95.5,1,0.13625332135131,0.474946513372118,-4.57370395416494,0.245537405403866,0.113264827041987,-0.501422769590284,1.28939777791064,0.54068313268826,0.477275266626072,-10.1570681106002,2.39368678401254,1.32763593056335,1.02061716255076,0.193678573168105,-0.0464767970253003,-0.227042828358626,-0.159216967778822,-0.0600793369154777,-0.0355234712697783,-0.267775527826437,-0.185515782052182,-0.114512609781692,0.212427075956798,0.033189921820221,-0.0493247326809505,0.00399367485908299,0.110869696226998,-0.0434529658059096,-0.0429505210743165,0.00442620790839589,0.0437534295005458,0.122727504399618,-0.0731425475704569,-0.159945884647429,0,0,0,0,-0.0227060643643427,-0.0343818199702581,-0.0517145838320914,-0.237308643089821,-0.63399195018084,-1.29105135273774,-2.90070111316287,2.29073543555847,1.98634228280053,2.11141348993485,1.52371685379261,1.45646652340719,2.45049604260739,2.64525522881863,0.63607166079366,2.65933186464379,2.05368745862166,2.33125864774338,2.13850927435807,-3.05700730753923,-2.93418029004162,-0.299508041491865,-0.949868600993024,-0.843801393992983,-0.66354798893842,-0.502281877002357,-0.447530150454992,-0.398481938185753,-0.379329049368817,-0.510832179556938,-0.410594130835356,-0.413490058531776,-0.3392638869206,-0.221939407450967
96,1,0.146760068721201,0.435485221702379,-4.53711237305636,0.234462791188241,0.132177186682139,-0.503471914458454,1.445827962372,0.559476485862324,0.468512297134349,-10.2359142649366,2.22793690823795,1.40505330371314,0.968324588078824,0.131617472248387,0.0741035572893968,-0.00153249617063547,-0.0831622089989485,-0.171712056059776,-0.13128633512554,-0.164748601409671,-0.148154778213769,-0.173619849730799,0.132382155206201,0.108774775734031,-0.0862183345773951,-0.0691271972685922,0.0996076579815932,-0.0560578602931041,0.0406313648532858,-0.0345582926457628,0.112237944933638,0.0575774860163395,-0.0280542562296503,-0.0892803937417588,0,0,0,0,-0.0240444278855995,-0.0352611751939458,-0.0516681092885339,-0.239039305090296,-0.6427357664733,-1.31228583694474,-2.90064505793598,2.29781848786345,1.97660079450981,2.0861895418175,1.50718127099948,1.42707978301943,2.39073964684907,2.62221412303999,0.643195771052108,2.62128747361797,2.0635398397169,2.28175741401667,2.09037158995646,-3.10971696967205,-2.9333307525278,-0.273002063608484,-0.884656404241118,-0.787843965261026,-0.607628013811839,-0.438080762566772,-0.369410541770462,-0.324242902043005,-0.324368943495639,-0.471471761950948,-0.39921625549282,-0.406557563271894,-0.324049551900327,-0.217764019058988
95.5,1,0.158378771168479,0.405253722389301,-5.0810677248257,0.207620680772123,0.126424936433948,-0.504961243081236,1.13212501889807,0.622348615422737,0.458765193603703,-10.2926089460339,2.11242909599249,1.25689658879951,1.08043603731121,0.00109708716704296,-0.00468708611464966,-0.129037855480093,-0.0988390990367188,-0.106908024290069,-0.103358813089184,-0.180043369406884,-0.267594397336896,-0.165120691158964,0.0701590307727892,-0.0980176774027545,-0.0814957616864199,0.0136621028666379,0.188325593697422,-0.0169601787323636,-0.0597805628102945,-0.1572915696439,0.13499694176711,0.0352691956746536,-0.0647314271499335,-0.103574845447891,0,0,0,0,-0.0253666636312129,-0.0356058904933318,-0.0506803388923904,-0.239145492354067,-0.649713326279843,-1.33202035959659,-2.90971566518275,2.29999781899933,1.96593308566626,2.05365947633466,1.48850890170833,1.42320922497376,2.33341089057504,2.60712999905788,0.658349782533151,2.58558318870299,2.07533908946482,2.23919232593624,2.03223961415383,3.13381653561469,-2.9397372102583,-0.259296839696013,-0.862633408930923,-0.77122609195835,-0.597457053924147,-0.423646658310874,-0.34016478689682,-0.298184797630132,-0.310696759125542,-0.466510463595944,-0.415628190719622,-0.414255534488979,-0.310050925311057,-0.212596702414324
94.5,1,0.129419618719779,0.380434649525559,-5.10499084662403,0.238386787087418,0.114794258373206,-0.515002315304841,0.815865821332797,0.568304541246114,0.450571691378743,-9.84801930211329,2.1529116442039,1.27419138907069,1.14972524180518,0.0363193636690725,-0.00433944142089033,-0.187965366234244,0.0193766455530169,-0.0179705353184907,-0.000906931851501876,-0.162481904731737,-0.207852402214764,-0.0706063438230552,0.174704729423778,-0.146104367913113,-0.0837389876871788,0.043096278127398,0.211776316014978,-0.0101922149491404,-0.00594540206094065,-0.0712191285667145,0.0768668697043239,0.00593484082203201,-0.0753625959114284,-0.11564168912481,0,0,0,0,-0.026687498272483,-0.0357256864437277,-0.0492062375270296,-0.237816354938383,-0.654168050295577,-1.34873800759563,-2.92347412330663,2.29935971255132,1.95573097117152,2.01568177016042,1.46766804898856,1.44349002688763,2.27703527188618,2.5959986760231,0.688203773036548,2.54260265333323,2.08701223622527,2.19832355454706,1.96849781045751,3.08891632560639,-2.94097999107425,-0.229073028179171,-0.826031877737709,-0.743349545313182,-0.586566723233361,-0.426454185470854,-0.333324192129591,-0.293906122566871,-0.319251760078497,-0.477210400266507,-0.439179546808469,-0.423407404808326,-0.29770523401837,-0.205889093229513
93.5,1,0.143126226801097,0.410012052341598,-4.30521417171196,0.141443832455705,0.12487258953168,-0.523725124094409,0.981166811752387,0.528900863716042,0.450202278025029,-10.1699508588883,1.95512189054545,1.18433819923453,1.13003153983693,0.366341738068953,0.179256877599418,-0.0579723345668938,0.0569826111838955,-0.16765843522247,-0.302499314635741,-0.0948447580775748,-0.150688635728601,-0.247573562515681,0.332143510575865,0.0896337796687766,-0.199246315612616,-0.187231320673853,0.250231368698522,0.108592930760589,-0.055665915501702,-0.0892923348681907,0.0494101527641673,-0.0367331339078813,0.0081801311015273,-0.0748446244562853,0,0,0,0,-0.0280094544701291,-0.035432137900175,-0.0468651942972026,-0.234740094111718,-0.65674374484737,-1.3637427568963,-2.94288495661187,2.29713157158903,1.94621077619297,1.97335959480203,1.44277550770871,1.44523287795057,2.22032013716749,2.58489185723285,0.734090194049615,2.48188923641229,2.0980444133867,2.15671812960476,1.90224467206654,3.03544250874941,-2.94415351100289,-0.182548610587357,-0.775433420423354,-0.70736009801318,-0.575133358467702,-0.444749179853823,-0.351136312188756,-0.305351517971103,-0.340701128440939,-0.490708378434042,-0.458788350984797,-0.42488729153138,-0.290840752262243,-0.204701107770866
92.5,1,0.130070801741773,0.42687541386813,-4.02543638488716,0.208371363307413,0.125499934489849,-0.52382872301782,1.6550635581788,0.571080575266633,0.462791522136314,-10.046354244086,2.12055759597754,1.40376800708494,0.76530391646362,0.170495848110838,0.0822681808085231,-0.225138294779061,0.0233197960110674,0.0559812265972616,-0.0761088818854169,-0.169735092363934,0.0430047029996009,-0.282164378075231,0.0940460121964299,-0.116224848575813,-0.124136458020384,-0.0371125232770806,0.120836757236183,0.143127736871176,-0.0303529937088686,0.0861993303061754,0.0454373902159255,-0.177638435615848,0.00283290392929017,-0.0306131068122824,0,0,0,0,-0.0293325290269843,-0.0348629042929603,-0.0442541739369141,-0.230937362292447,-0.658911151042782,-1.37868310744144,-2.96458484398442,2.29557488189012,1.93446854899641,1.92534987507708,1.41596511979801,1.42570722317949,2.16553679806022,2.57311775804083,0.786447615798606,2.40426979490651,2.1079988683965,2.1147834778007,1.82438280466362,2.97465437939276,-2.94751475250487,-0.132070804894013,-0.73025317666511,-0.676476823805935,-0.561916216044106,-0.466830868886641,-0.377925010124603,-0.318250658458876,-0.361538744376946,-0.500589925958175,-0.473579457098917,-0.419065201562998,-0.288208444138039,-0.209369474346709
92.5,1,0.10816414039579,0.354980607321918,-3.34746815164301,0.173277238960901,0.132165727687838,-0.520308944841663,2.3266716229637,0.581240996359972,0.416328707334344,-10.1666905827926,1.9580129277848,1.30149250255781,0.933695310858103,0.049657955897627,-0.094204273920801,-0.466354726492675,-0.109580916790106,0.0174220314104564,-0.114744172248568,-0.300759022065262,-0.0219513933310385,-0.244636775585566,0.0483170573507659,-0.17019158132813,-0.0760480949558314,0.0339356272795909,0.155231107142295,0.046849336203534,0.0444839377869962,-0.0420642087513424,-0.0723227855142744,-0.176037895590938,0.0804238582374951,-0.0509471947414903,0,0,0,0,-0.0306567187248083,-0.0342902244695089,-0.0418605905463493,-0.22656978444732,-0.659450098429415,-1.38968033729808,-2.98461075336698,2.29706363031505,1.92031393034462,1.87050022532767,1.38714155456437,1.39812652454203,2.10875990708192,2.55843595793712,0.836571605215483,2.31779939190945,2.12474117934342,2.06973279831399,1.74386092814917,2.91485472099571,-2.946368622897,-0.0904057754593338,-0.697788378307345,-0.648438857508744,-0.548474211771511,-0.486059310332556,-0.403767934368325,-0.32884167224281,-0.379114768568753,-0.504223503615074,-0.486243292750049,-0.410688271650291,-0.28584970983421,-0.214104606073693
101,0,0.0862574790498075,0.283085800775707,-2.66949991839885,0.138183114614389,0.138831520885827,-0.511297509407521,1.53415663027951,0.488810886996296,0.287645619494287,-10.0092072255058,2.0223550784781,1.20286572029821,1.08986165413497,0.0514071231935712,-0.261643798029413,-0.398257646972081,-0.189666897891339,0.0675995541451295,-0.103097706616725,-0.330415397898749,0.0510831712253442,-0.177207810434715,0.0545793602543799,-0.114593160044,0.0406898232127395,0.0844803322365777,0.0853609986042278,-0.00898893774727243,0.115655557790344,-0.103037136479046,-0.0998112289806094,-0.130167524406488,0.137563578328829,-0.0982722449529506,0,0,0,0,-0.0319820203242905,-0.0337140674180319,-0.0393312152422012,-0.220570325756597,-0.656063304969873,-1.3934335656064,-3.00817249030321,2.29939676160562,1.90191899876326,1.81023772846384,1.35598664652667,1.33611676872246,2.05331442373386,2.54584357477374,0.878358319196954,2.22322878243768,2.14470442393017,2.02007411432112,1.6678985697056,2.8627583313569,-2.94054063767135,-0.0582275481785125,-0.669600329537052,-0.618042119984826,-0.541376012508751,-0.499479556004163,-0.42320591292846,-0.337497686957531,-0.396184956015713,-0.500889563840319,-0.491790764455438,-0.404223723586041,-0.281537972017428,-0.214922659523836
85,0,0.0643508177038246,0.211190994229496,-1.9915316851547,0.103088990267878,0.145497314083816,-0.501881212680524,0.760954854726284,0.415313016250093,0.283553108120073,-9.95569753494469,2.12328874408651,1.06817165256682,1.18708375718196,0.0977888272034194,-0.462794473205304,-0.250408805912735,-0.362940573947234,0.0570914696959206,-0.0625511429629692,-0.431150504619843,0.0681490353639796,-0.134921200551011,0.0217107606675889,-0.051235491768244,0.0704014607556095,0.112703831062046,0.070057132213002,-0.0941687977057954,0.120895550878771,-0.17810878654178,-0.147512558068624,-0.0581701858453277,0.147770925005577,-0.158983387604669,0,0,0,0,-0.0333084305650547,-0.0331344017582297,-0.0367305459705052,-0.213574292629686,-0.649080499809551,-1.38972152722369,-3.03555895522873,2.30389142873198,1.88592476028008,1.75465589915526,1.32853931073595,1.26245937061138,1.99807875879497,2.53817610155666,0.90664074112089,2.13947863758123,2.15843544804907,1.96832728574127,1.58264218737939,2.80491257646214,-2.93528977327071,-0.0297567810991749,-0.642963639411475,-0.586633562996322,-0.534635321510718,-0.505210010261173,-0.434728406042153,-0.345077653623502,-0.41251758244758,-0.492605208516486,-0.489017952401603,-0.398383112434033,-0.274297152980913,-0.212338033261309
92.5,0,0.0424441563578418,0.139296187683284,-1.31356345191055,0.0679948659213662,0.152163107281805,-0.498720315036957,1.06120306527252,0.468065693302262,0.380105697691989,-9.89813722468021,2.10421512801026,1.00065996988867,1.19530073231174,0.170970079760779,-0.639171922061824,-0.0948459971710603,-0.461608909605563,-0.0851397899063017,0.0350065882059913,-0.545910329683153,0.108051164839866,-0.130533992747564,-0.0236637894086603,0.00559562180307821,0.066975826941419,0.168001618728974,0.106170315387905,-0.130521012669403,0.125301322220281,-0.222636703066389,-0.156077044905886,0.00691820373782243,0.123141551956625,-0.200738724715642,0,0,0,0,-0.0347469886818874,-0.0337287643068015,-0.035837976571131,-0.207210101848933,-0.637662242611224,-1.37691048905975,-3.06721226207944,2.30684084463705,1.87156999547614,1.69572414159018,1.3036672758141,1.14324371115733,1.93047659941179,2.53252919602968,0.924773506052198,2.06914497407868,2.16875529847907,1.91497462687679,1.49322536552766,2.74603155989771,-2.93601902451977,-0.00772675523750813,-0.622307006422331,-0.555726638902659,-0.524034928171774,-0.505756108234447,-0.438783944194397,-0.35309483598483,-0.424893806065969,-0.481432777631155,-0.485487934608525,-0.390768584571917,-0.263675930306063,-0.208841765626502
124.5,1,0.0205374950118589,0.0674013811370731,-0.635595218666394,0.0329007415748546,0.158828900479794,-0.485263388102473,1.10055973566536,0.407491810763176,0.417767023688575,-9.81874994194582,2.08799052283096,0.889151166057996,1.17539391252558,0.210753858001085,-0.792000487649841,-0.000558759020425345,-0.542758979560126,-0.181372711378437,0.128266374526982,-0.669386545503552,0.192112309251631,-0.176105525353631,-0.102633604531402,0.0634376068447346,0.0614467880374471,0.198233837313382,0.0957464945649101,-0.193302370312749,0.129591757482425,-0.21273736814322,-0.175809040534249,0.0572150900510257,0.0673446277511523,-0.228080694617999,0,0,0,0,-0.0363005697391513,-0.0355321842039684,-0.0367222905948442,-0.201574986109937,-0.622952452396064,-1.35827048481635,-3.10378746235232,2.3077541191088,1.85374516795956,1.6258980570558,1.27997245101907,0.971343491536952,1.85710577824138,2.52793711558061,0.934318766714116,2.00617720456564,2.18321529526175,1.86345249688406,1.41997686167378,2.69653790856256,-2.93898196755165,0.00597182307435406,-0.60373352633488,-0.528718703386685,-0.510591106286693,-0.502169996238703,-0.434479557209731,-0.357229407500374,-0.431597406660187,-0.469267765305182,-0.47801059098582,-0.380478297183212,-0.25168380216734,-0.202240582169248
125,1,0.000893553546831108,0.00233377675091601,0,0.0106006825129794,0.162140344299826,-0.472395960328596,1.72132288369726,0.331593998487798,0.419858046730455,-9.76594272944325,2.03483673407068,0.702776998861076,1.15532257500513,0.29800755171033,-0.930749940981011,0.00454984824228034,-0.568939476806949,-0.240921728441935,0.13217022951775,-0.761526621190395,0.220718071051225,-0.251628825042184,-0.154455168400149,0.107759706260746,0.0368956001687471,0.216341869523711,0.0905171941941663,-0.157910719896296,0.138094332273434,-0.258061635396655,-0.183796161364846,0.107223854903398,0.0683674216678895,-0.235017278437103,0,0,0,0,-0.0378553842222405,-0.0373426615474602,-0.0376145713612501,-0.195853076927142,-0.607416428979814,-1.33771113541844,3.1319275629,2.30690958715602,1.83320140942541,1.55485084294218,1.25692915935085,0.738737113872875,1.79039420967024,2.51994265372607,0.93472990006198,1.95664898368955,2.20663907265123,1.80912905009272,1.36664969679724,2.65863316145661,-2.94724548566692,0.00961642391248893,-0.590826049910367,-0.510259151013829,-0.495108143868909,-0.49193427193014,-0.42728128236853,-0.36181217451337,-0.434737559625566,-0.457053956804108,-0.462660329436074,-0.365022192585917,-0.244982929204006,-0.200288460783405
88,0,0.0151904102961288,0.0396742047655721,0,0.180211602720651,0.120015601091158,-0.478850262329157,2.45516798885765,0.434233095565603,0.495820706418566,-9.69397233946868,1.89587485480835,0.669125256424776,1.11163564742838,0.298419329268214,-0.916896253727628,-0.0282213047942272,-0.473237681059703,-0.240323214060427,0.0642347550081233,-0.726049398440729,0.183502915812361,-0.255792453381385,-0.169499796240553,0.0823813446403011,0.0283430079027024,0.184222053322331,0.0492303401081262,-0.112687853187292,0.123609343255464,-0.228310413743432,-0.174690643909206,0.0739939162896483,0.0861000850772275,-0.273723907073034,0,0,0,0,-0.0394534465286335,-0.0392770518771377,-0.0387213323803005,-0.190451568260558,-0.592077934119251,-1.31695032476097,3.06206320013955,2.29982451878061,1.81017239147869,1.48685300864348,1.23232563037832,0.464194410121111,1.71569467710366,2.50177016579341,0.932699746388282,1.93096493642145,2.23697334526441,1.7585423323105,1.31641860330725,2.62869356122872,-2.95278253499082,0.00211468060938449,-0.585073661302389,-0.501670431104248,-0.486381914248527,-0.477355347217271,-0.418709652851614,-0.369452077922644,-0.434602504114749,-0.444078624197827,-0.446124638474487,-0.349216573035644,-0.24162658736945,-0.204845321055432
51.5,1,0.0294872670454266,0.0770146327802282,0,0.349822522928322,0.0778908578824913,-0.490245158337757,1.81841311560067,0.524995960091261,0.59424519280949,-9.01627431165815,2.06680854411627,0.894206716874371,1.11627488762238,0.139645649800847,-0.71823700490461,0.0332116704292807,-0.405053754471389,-0.0291285575147226,0.028106492162455,-0.518848330495527,0.247940395299439,-0.160952585823583,-0.115317068062095,0.143387808698517,0.0721459563533409,0.137120078112784,-0.0194498258661381,-0.112529498252428,0.159440276217464,-0.101062976130651,-0.10170201179523,0.0652373813333149,0.149357217841418,-0.250603251486295,0,0,0,0,-0.0411615056769622,-0.0415071570075419,-0.0403426911169049,-0.185739001742801,-0.578000647575593,-1.29357761778768,2.96950847845427,2.29144762370823,1.78962291481686,1.42356656283882,1.20498294937847,0.209930152311377,1.63123693809528,2.4758011870274,0.938052310438287,1.92038374568115,2.26852353072455,1.72023683082962,1.26164937652005,2.59495353043244,-2.94831991448241,-0.0124931088269835,-0.582869225888493,-0.500106804925724,-0.482711692413999,-0.457733148899871,-0.407096385424606,-0.375624561376402,-0.430549317771085,-0.432616159280744,-0.432226091134045,-0.336777910392433,-0.236387070422054,-0.210471280455364
51.5,1,0.0652935160420096,0.221403381642512,-4.97355683023664,0.358879612035899,0.082203768115942,-0.480744590896948,1.13389491399664,0.557120615021295,0.59560179236161,-9.50347334730819,1.71249815162451,1.12851014683642,0.927712029523077,0.30748292629732,-0.405187952564135,0.100438058365267,-0.136214646732802,-0.103465868243918,-0.0545856675221454,-0.350619268629137,0.112208473124233,0.0107905526770483,-0.00106419817183617,-0.0389579916014559,0.0969475927714579,0.00421085380249036,-0.0731623465063714,-0.00296828380397245,0.174420699044211,-0.0375188905587288,-0.18490037549592,0.0577315849953378,0.127393886677394,-0.184128601404139,0,0,0,0,-0.042961038323485,-0.043978509893153,-0.0423843383862916,-0.181050547268012,-0.561564996181039,-1.25453943046868,2.8547651029201,2.28267815177317,1.76987142425246,1.35624816668691,1.1733898708621,0.0425564173989876,1.54542390634396,2.44901847344823,0.946388939764865,1.90523527512472,2.2945666778168,1.68092084674936,1.2027925556078,2.54812917254632,-2.94375874817938,-0.0312872608283358,-0.585809967365907,-0.504716415280481,-0.481953630829221,-0.430969933637269,-0.393086403711844,-0.379458734359503,-0.424866763243153,-0.424856392930068,-0.421668397266764,-0.327041509760858,-0.228715374227424,-0.216055725799049
50.5,1,0.122283326584412,0.450471698113208,-8.6432218996168,0.23399485684833,0.132087575649697,-0.461411055167512,1.11085755683601,0.602965156743958,0.595135706972089,-9.20498949951203,2.01289484110968,1.08131115997932,1.24060249391324,0.0992475008530401,-0.649850733080963,-0.0440972892368709,-0.194051785362428,-0.147451925065682,0.051439056705333,-0.348404931458919,0.125965876895446,-0.162210154758405,0.0177886730701733,0.0913995605777005,0.00924310594458258,0.119362484275519,0.0379508340377919,-0.151628092786755,0.194557530911886,-0.156657257347956,-0.0657433514384305,0.103621211664196,0.0845936370867497,-0.242376643237503,0,0,0,0,-0.0448811567340083,-0.0467543630504326,-0.0449381847718302,-0.176160775699296,-0.540631654841102,-1.19234203442018,2.71292183907332,2.27017740411514,1.75100675732698,1.28200224579813,1.13385863933826,-0.0165144742631966,1.44375125993368,2.41990481202362,0.949407477472731,1.85984908393112,2.3254233963086,1.63485078441353,1.1435350878068,2.50284476211259,-2.93914512870767,-0.0500618166396902,-0.591407653766572,-0.511165302072261,-0.481368310723234,-0.402524676541016,-0.380783330538116,-0.383174734545259,-0.418735472829926,-0.421431145696126,-0.415534137785549,-0.317687051147595,-0.219354002196723,-0.221923083385718
50,1,0.102680092285319,0.594227335846062,-1.70717298700576,0.420595409590096,0.129223802970776,-0.449897907352427,1.07106902122142,0.592389116878328,0.619417039400906,-9.66787758474284,1.98805601509514,1.22883040206875,0.952570696221982,0.350251018918377,-0.213483617351163,0.0842779592137416,-0.261957922836397,-0.0830161220442176,0.0939544906729712,-0.348997765193176,0.111861749118103,0.096434428129392,0.0455793214826789,-0.0399814215523047,0.0428607093346993,0.13393083546265,-0.102987314425466,-0.218043412106301,0.268488418219405,0.0513586005971549,-0.240740884104152,0.090254752347396,0.130770627495212,-0.181680149360761,0,0,0,0,-0.0468019653012869,-0.0495893966990403,-0.0476028788379538,-0.170506793063015,-0.515596711931066,-1.10490461228856,2.53812301903498,2.25532285007533,1.73291503424662,1.20015077816666,1.08501392735696,-0.0221704653438142,1.315266737564,2.39762803788644,0.944580306105492,1.7775801563636,2.371349536521,1.5710490867254,1.08816343984435,2.46394921512368,-2.93970817443219,-0.0669735315445775,-0.597259749575175,-0.517002897757358,-0.477130167830339,-0.374907838537161,-0.372560592174941,-0.389516125987951,-0.411920986955369,-0.423963614193947,-0.414772240895749,-0.306069429490621,-0.212089104053604,-0.22844942628307
50,1,0.0912824060788954,0.585511900297247,-2.60289163435462,0.480246238331236,0.125762563546962,-0.441563609667615,0.973121675026445,0.610131751964082,0.636787302637215,-9.26262793680477,2.23543776496535,1.27562741426078,1.14781801311079,0.135518644722468,-0.621956747563468,-0.367830822674082,0.075299767390579,0.0400058595852307,-0.0490405383029395,-0.490713035557373,0.254510204541193,-0.0549397948141971,-0.0367908717599028,0.131558933987465,-0.019321314057239,0.045369368360458,0.0966535143771617,-0.129145172870163,0.118861884239935,-0.067914300304912,-0.0802798073296733,0.0718189290460579,0.0181631549566808,-0.0722498337812576,0,0,0,0,-0.0483087849329488,-0.051547312589572,-0.0489679963090005,-0.162323301179242,-0.485206664288801,-0.988691672543953,2.01316893572049,2.23695984294327,1.71153314429352,1.10240266718201,1.03012617650479,-0.0118765754037504,1.15779819513832,2.38341367430698,0.925751469141546,1.68130234763042,2.42690732273687,1.49873343287506,1.0140679544053,2.41928823696706,-2.94856386404455,-0.0783451924121649,-0.597744340152933,-0.522723816078295,-0.470205613173356,-0.348482463881672,-0.366500221192849,-0.394924659725559,-0.402172104026017,-0.432480457945801,-0.420711240239724,-0.296350333569626,-0.210209639726267,-0.234609930420697
50,1,0.126931579386137,0.297897710889693,0,0.268805023861024,0.146706500496588,-0.438750929525884,1.01767384623187,0.662625645878888,0.646025238889895,-9.54713523615414,1.14423375921614,1.23036463517484,1.17678579032599,0.279715649321973,-0.0609352489017932,-0.122501595696017,0.0793410213791503,-0.159415549823288,-0.261179607592061,-0.156652121889001,-0.0879600151007144,0.1563124424683,0.286095358747824,-0.136920797415643,0.00640159173727371,0.0667744568407421,-0.102226764018294,-0.0551417399314517,0.152496002447443,-0.0253594779398663,-0.121381979807827,0.0331541497136246,0.149217255375291,-0.141324279332701,0,0,0,0,-0.0488602916156992,-0.0515280104452331,-0.0479836860171854,-0.151081587634976,-0.44941740761366,-0.845114884342116,1.51349601475898,2.21714214370826,1.68807898334961,0.997210820177224,0.972052891672186,-0.0035753565385761,1.00376072900326,2.37031635953522,0.903410934590269,1.59779023483336,2.48958880844028,1.43484009676513,0.943909229302129,2.36953941740765,-2.95872635129857,-0.0812860396891209,-0.593563956129983,-0.529108554049259,-0.462673303237656,-0.323815359437832,-0.361038000115531,-0.393051781626576,-0.392001047118064,-0.445027272966627,-0.429521832824484,-0.29293652229296,-0.215857812929265,-0.240120873445168
98,1,0.106077360630007,0.272449622571146,-0.976844133137787,0.278742731654528,0.135410585154036,-0.438762912843475,1.11765659719482,0.544400920701382,0.645603651643971,-9.35097033384153,0.128471378530428,1.28313348550163,0.846345779345733,0.129667495593723,0.07942821089547,-0.20345531686442,0.192560855403334,-0.100619539877933,-0.272759916287122,-0.38179758573483,-0.0740901939027493,0.0607691411610697,0.200492846967842,-0.0516727123847172,0.00341195678785513,0.0238996041161823,0.00198276457378931,-0.0264346762217579,0.103981447249264,-0.0187819843612417,-0.242960011538642,0.032843321849806,0.0802308833481584,-0.232944265569925,0,0,0,0,-0.0477961461806764,-0.0484571349408651,-0.0440738546590214,-0.137315021253318,-0.409253669983289,-0.686333194977449,1.38347191232166,2.19897819631954,1.66637390849303,0.894303342424773,0.911611260198603,-0.0128906269980593,0.894447537079671,2.36140476492899,0.890589362247264,1.54628666453586,2.54223959968318,1.36193146579028,0.904483140385066,2.31715982602342,-2.97374653746711,-0.0789956947388064,-0.589774674498219,-0.537315064216977,-0.459296935304974,-0.305873239845953,-0.3586660112623,-0.387632716510337,-0.3881337700581,-0.45739233162946,-0.436558714076129,-0.29358357223344,-0.226151202806738,-0.24978682637686
146,1,0.107977995309572,0.254148031778382,-2.75560470998633,0.305253477874193,0.109759963768116,-0.440514973497682,1.30539891989351,0.40709991897676,0.638669523650837,-8.93444369803014,-0.293694838260701,1.34624690259297,0.504801355671235,0.113439527663333,0.188387222974181,-0.106635771974213,0.276980847131108,-0.0355995453443826,-0.268706455417082,-0.316566678306196,0.0688478669988121,0.0957360702520064,0.183390161392937,-0.0512431413353766,0.0680847711575849,-0.0389379990431624,0.011568944047847,0.0450277807881952,0.0365769104813691,-0.00813605780563742,-0.210582938884076,0.0142923884168939,0.00252410873521019,-0.162969918704446,0,0,0,0,-0.0457429060730414,-0.0436061481233537,-0.0386085327510382,-0.122756118198083,-0.368084060465079,-0.538666852646651,1.24917072179225,2.17811479026237,1.64793339341121,0.795708431230348,0.847951496007226,-0.0358318879187047,0.827134723480295,2.35529117236959,0.889907324326219,1.50750335825556,2.63670651900427,1.28623093040005,0.869555126648791,2.26448381590728,-2.99342523746572,-0.0725250336050289,-0.584116754350347,-0.541262005334345,-0.458226248670221,-0.300082949711237,-0.365281211182783,-0.387558332874693,-0.392303115250094,-0.463697421778524,-0.441906781868265,-0.298288638965763,-0.236157169621426,-0.265122263854142
146.5,1,0.054405055958805,0.187516691802558,-5.46068614897499,0.682091621769369,0.0592765183649103,-0.444347113284668,1.92005269980825,0.470606608147559,0.640477101544474,-8.73241415651568,-0.637378416602455,1.33107264453762,0.156100946762927,0.124511556149601,0.289044549319498,-0.115476798793991,0.206629529965331,0.0214641176758506,-0.0999630247810695,-0.120773115764628,0.139191610201149,0.113201332546126,0.238663783618131,-0.0309379151606251,0.14800998691502,-0.0326660903856346,-0.0153210538097551,0.0176294889230933,-0.0283115699511966,-0.0421198611973218,-0.158629977993907,0.0330829443374481,-0.0203501267891663,-0.109612503401628,0,0,0,0,-0.0436913439527918,-0.0387772924134576,-0.0332326479892349,-0.109209511676426,-0.330053540382723,-0.417749526496366,1.12996159080813,2.15241106922911,1.63442810856928,0.709525526558947,0.788733174296834,-0.055901435744043,0.759622895816547,2.34321838272145,0.901247683449516,1.47152644953121,2.9105381119762,1.22717537016875,0.841955805990118,2.21849358354256,-3.01421966474709,-0.0585365292002944,-0.574362399064195,-0.543967586954848,-0.455104821471635,-0.304176406778359,-0.378523359196299,-0.393701337830287,-0.396612796358978,-0.46387643414216,-0.444547112767572,-0.305955894016273,-0.248277679303168,-0.284083490297393
154,1,0.0577427636251984,0.1698430185063,-12.7674285626998,1.02116167718342,0.0415871351368335,-0.450056648315355,2.04238010934726,0.506823757752605,0.643173963605411,-8.73159601175171,-0.819475743943979,1.29550897615219,0.00624246071730299,0.115523470172818,0.311795522955962,-0.148461848956544,0.170398806836441,0.0319476815236031,0.0587642087916862,-0.0374767692113008,0.18160580866293,0.118230236259448,0.30307435105158,0.0296780542013279,0.0972454766533017,-0.0489156217144907,-0.0530005487233726,0.0226089134132019,-0.0159302605533363,-0.0732576341316778,-0.143544684787479,0.0230066435540389,-0.0210839140793285,-0.129300088364554,0,0,0,0,-0.0416414750121255,-0.0339706403614303,-0.0279537136634722,-0.0967689793219734,-0.295580872686872,-0.322399106585556,1.02648057253595,2.12317063252621,1.62567431053463,0.63680783305607,0.736914224362377,-0.0926042820506137,0.593584671240093,2.32523244992588,0.917883987928828,1.44015611259871,-2.88784936307886,1.17523801916143,0.820401204200042,2.18061910735184,-3.05577043906143,-0.0361404349229831,-0.563201777978122,-0.546056864344275,-0.454347497138497,-0.319733485301792,-0.391659068892157,-0.403727239531254,-0.399888657289696,-0.463623509677048,-0.44684728710837,-0.313820493853241,-0.261146114943068,-0.303851803209483
161,1,0.112321892530733,0.301408345357279,-9.14123375813739,0.735773495108613,0.0767544740817663,-0.438048776631637,1.46687804345839,0.387498577436736,0.650128268441819,-8.70760240974666,-0.86887796499188,1.27640780337246,-0.0836046842859054,0.178100071598995,0.206386793113444,-0.122286143628453,0.227583804450959,0.076190621053851,0.186330888056661,-0.0680329370591759,0.139974247245786,0.165722909278576,0.256693708169395,0.102620259960672,0.0562126358304324,-0.100262512887321,-0.00617837111657477,0.112502891081668,0.0664526763104405,-0.0348811777911347,-0.0644745209551004,-0.0417737118303232,0.000301281833324519,-0.114262830011941,0,0,0,0,-0.0395933143612585,-0.0291862597482098,-0.0227735400204379,-0.0852257109902862,-0.263987628840984,-0.25125451270954,0.929540949453862,2.09208287168645,1.61942932680488,0.574126268043597,0.687770972371524,-0.160430433446872,0.273645704067677,2.31114167044552,0.934067285365248,1.42454681035883,-2.44892630866476,1.14833829991154,0.801863924888028,2.14169158138162,-3.10494271207546,-0.00933241410026646,-0.55447620972348,-0.542948074693862,-0.456513169763244,-0.345367710562266,-0.407642613078624,-0.415327992041784,-0.403270895749965,-0.464599960617851,-0.450107891772267,-0.322920079339954,-0.272745203616947,-0.319001958580834
159,1,0.164065927804043,0.442475262147393,0,0.175773191345163,0.127237172004378,-0.367120927166241,1.83656287723388,0.428179817699883,0.611726745164368,-8.58834443770072,-0.848656944280016,1.30153036978787,0.00628019280570925,0.502641714702982,0.201112601150151,-0.157774278874604,0.367901885983861,0.155512565140153,0.196627930579902,-0.073367469723199,0.108977298296164,0.265717721930424,0.233912138944073,-0.024355722237883,-0.145251026272421,-0.180730755835985,0.00728117224622857,0.0178935679115549,0.00494205880657723,0.0736709336882651,-0.00153183967480771,0.00323353308039445,0.0251019025014059,-0.0382250487332866,0,0,0,0,-0.0376164530240277,-0.0246160309822533,-0.0179934364142649,-0.075145651829469,-0.236783532907815,-0.198673487378003,0.84795908004718,2.06645764134737,1.62096851350867,0.531260178865042,0.645300214276853,-0.256329342564252,-0.0422860902018334,2.29683286907718,0.959811756788103,1.44179390888236,-2.09803314048661,1.1565505179485,0.788321948860499,2.10857683457623,-3.13590498072246,0.0162354102580778,-0.548574918151739,-0.543304191552732,-0.461742837466343,-0.374770697307265,-0.426060285105755,-0.423116149908559,-0.407164426965667,-0.464558628569093,-0.44761665273687,-0.333989871612419,-0.285434738012464,-0.330114651846949
109.5,0,0.153843751616875,0.414906709988677,0,0.164821590638299,0.128899297872677,-0.263318762605304,1.7397969928318,0.523123979761903,0.460366407290741,-8.48856382206446,-0.77580284106683,1.3982410621819,-0.133364985601368,0.152344294009994,0.483386979771247,-0.00858174360842937,0.344051660730256,0.30876029778432,-0.026277341102597,-0.135212369150359,0.216183216591612,0.0538037468875465,0.163740874146253,-0.0495167782624726,0.0510129665843041,0.0310615697829738,-0.121479934224486,0.00864503675341063,0.0334127956003663,-0.0788602206618562,-0.0649553976474783,0.120790610632345,0.0715818622283446,-0.130541751597141,0,0,0,0,-0.0357438555099111,-0.0203502580971442,-0.0137536322174669,-0.0667513710137839,-0.214809674924769,-0.156748059769403,0.786245124609366,2.04303890001933,1.62705497999722,0.496852748715593,0.607929072377041,-0.368842008284497,-0.276272537194104,2.28412327147812,1.0047602833639,1.46954937185806,-1.87864211520121,1.17239917113633,0.774062749709326,2.09428428768488,3.12410052153774,0.0385639173574878,-0.549011435156095,-0.547960349271268,-0.471836099043569,-0.410118871953659,-0.443155479725497,-0.425124006152173,-0.413147432768793,-0.462163913071653,-0.439606052741665,-0.344142279805208,-0.299402768389361,-0.340193358706582
62,0,0.143621575429707,0.387338157829961,0,0.153869989931435,0.130561423740976,-0.150743395989864,0.919517159712091,0.463452688973333,0.322742751665756,-8.32662564367246,-0.663687360923194,1.32510552494943,-0.108740545813289,0.153286023006236,0.362342548943756,0.0508828600175221,0.452990211686777,0.313470751908984,0.00192514672875446,-0.0902217851828249,0.045260106173096,-0.0659044060182183,0.0122334604933195,0.084562907297787,0.0333269301552076,-0.0257105928588803,-0.0926332478079891,0.00313418690470207,0.0538378962646417,0.0830319536234562,-0.139983025806723,0.0168177319677247,0.0393395665918149,-0.0779398562695715,0,0,0,0,-0.0339751724494696,-0.0172323352789594,-0.0115716568751381,-0.061561725567134,-0.198208669756087,-0.121455162974971,0.736259431984662,2.01675224575928,1.62627467285307,0.463211961620961,0.575289844584143,-0.467241287774595,-0.475946659302797,2.27816050977185,1.06803898949851,1.49369417666857,-1.83904443845522,1.18045810885747,0.759818783438618,2.09175275690243,3.10816972551909,0.0536599460824499,-0.563261954026737,-0.558161353156832,-0.490207104992935,-0.451899711398196,-0.461714078505002,-0.428266966389003,-0.422813921556967,-0.456856491085998,-0.427654514107523,-0.351238606082217,-0.311367360538844,-0.348436891975079
62.5,0,0.133399399242539,0.359769605671245,0,0.142918389224572,0.132223549609276,-0.0792673542477028,1.35639316776346,0.498473888294881,0.267969576173844,-8.11351565468281,-0.830911230994089,1.36216514261456,-0.188184201953162,-0.126931486771132,0.224452399924842,-0.283959726170875,0.333014803042644,0.264753372911053,0.128461737516279,-0.00587555249918637,-0.0499920592807084,0.0520162698643098,0.253214829112059,-0.0822559425847512,-0.112416184362637,0.0211036429920625,-0.080156345682585,0.0294578534719853,0.05708059487226,-0.0112323919458185,-0.0363759961246852,0.0213144098466371,0.0111593585101581,-0.093470304391542,0,0,0,0,-0.0323821281286583,-0.0156439199583706,-0.0121587232180724,-0.0605335492725875,-0.18840933638699,-0.0973447909294495,0.69185404373316,1.99080337544573,1.61759057400234,0.447691004974759,0.551226788847786,-0.535217002289366,-0.601856411604513,2.27978803408034,1.14644617156558,1.51759097847331,-1.77209043869452,1.18243183333822,0.762751285285869,2.10954065182781,3.13646609855424,0.0522716321033841,-0.601513739985736,-0.588363443300295,-0.531732248509973,-0.511222695180553,-0.497454118677797,-0.453882628061175,-0.448424326109606,-0.461498993165419,-0.425491432545494,-0.363066872272114,-0.324269568234619,-0.362592554121801
63,0,0.123177223055372,0.332201053512529,0,0.131966788517708,0.133885675477575,-0.0448533193792096,1.53490997402063,0.449386181650704,0.251366663345115,-8.07311640803139,-0.872631110785476,1.2555797333485,-0.0226879192468267,0.0924568692538047,0.366851370199101,-0.163657354681244,0.347997041080247,0.317754869601233,0.0621170061114177,0.0805693396647757,0.0547752637858441,-0.0438837191694747,-0.0457892825062049,-0.0370504840172935,0.0455970849657487,0.050167997602536,-0.108294604157234,-0.0416064465754985,0.0343593718509874,0.0991096656284354,-0.0682922614182867,-0.00480598697929873,0.016611390700079,-0.07688314504512,0,0,0,0,-0.0309640394438393,-0.015001946819009,-0.0145472512576406,-0.0629660434724425,-0.186531665565059,-0.0885634621747534,0.651084940409874,1.95868751256019,1.59977863210577,0.44752078826902,0.531881539898912,-0.580559651016023,-0.569447403868827,2.28965447490686,1.22165863310116,1.5414750155262,-1.7529730729353,1.1845087072656,0.773646170300168,2.14872572109772,-2.84672963896048,0.051117526781488,-0.633526153050895,-0.608484951419737,-0.564780980609809,-0.560680776899801,-0.530420041425933,-0.48052082147676,-0.463387462711169,-0.462069637538828,-0.425233988462193,-0.365253619126002,-0.333103807734276,-0.377553025397877
72.5,0,0.112955046868204,0.304632501353813,0,0.121015187810844,0.135547801345874,-0.00362295274267768,1.01782892438408,0.374820860537983,0.261568991749595,-8.03416400827813,-0.860263124576181,1.18768747883086,-0.145924959471941,0.0266737940784341,0.0994051306863082,-0.18495330037361,0.291844210950501,0.450308532606822,0.270947369587826,0.00168111309187978,0.0291402109348673,-0.0132686496761821,0.101194098105102,-0.158392166535576,0.0423524914039589,0.025890614796736,-0.185741846774299,0.131980059197043,0.028093351634167,-0.0609804120989725,0.0239767648589848,-0.0192935006211151,0.0395577621807555,-0.0608901209690844,0,0,0,0,-0.0296334167392032,-0.0154313516388563,-0.019048954362054,-0.0694034430388247,-0.192863255241594,-0.0923614381419659,0.614828315651068,1.91982652862202,1.5734938374403,0.46222245640284,0.521208175743403,-0.605629381406248,0.3772502764989,2.29040356349208,1.3263638233396,1.56092376267523,-1.90270853517288,1.18935065780388,0.763869824007292,2.1854108627032,-2.27834924523698,0.0603495868722388,-0.640033603436396,-0.604704403047406,-0.576275338562699,-0.585345166814875,-0.542709582416793,-0.485336729964095,-0.455831004426848,-0.449892824943422,-0.413080017894095,-0.353757282611707,-0.333578518533573,-0.37868613339529
111,0,0.102732870681036,0.277063949195097,0,0.110063587103981,0.137209927214173,0.0190027584546123,0.771332219969712,0.429818440913028,0.271217026194775,-8.17596767803137,-0.886583640785106,1.14007481081852,-0.109195332036727,-0.0641858931877005,0.243186004845744,-0.24812541069763,0.240189849735283,0.189882448976086,0.0719307925572362,-0.0283773282673485,0.186187137049667,0.110407590365954,-0.0928638696345348,-0.113780203116015,0.103945963109169,0.16385173582802,0.0303309946430408,-0.104787964626049,-0.0904523827700874,-0.00627301679795318,0.0515144144342774,-0.0479605081736452,0.0652398784685105,-0.0124834576636427,0,0,0,0,-0.0283199051748113,-0.016450587356913,-0.0240207012671485,-0.0766011376230482,-0.201204797794518,-0.10004427846337,0.587792411526109,1.87341457404698,1.55064512301005,0.500068508670209,0.521512866707716,-0.621714534114388,1.4525857420112,2.26137961739414,1.41524225325953,1.56647116114214,-2.13187110306189,1.1959219963248,0.757555544792494,2.22841169625582,-1.74998633286611,0.064857243974815,-0.65054188646942,-0.605606304500991,-0.592244460801463,-0.612405937490514,-0.553424986744614,-0.486947893696,-0.449481192951885,-0.44157419230055,-0.402005163242465,-0.34626597713449,-0.330224828909146,-0.368338089328469
140,0,0.0925106944938684,0.249495397036381,0,0.0991119863971169,0.138872053082473,0.037468765284423,1.6082412751742,0.395893405359029,0.276807008299821,-8.22669986537588,-0.858343491730634,1.0240360976915,-0.0283269464366815,0.124080448107304,0.307011336836771,-0.208781868462416,0.445004193548408,0.243118163507748,-0.0297802531716904,0.00385869479551878,0.146505056399294,0.191145382205297,0.156121190988594,-0.123177931080782,-0.109181347852933,-0.0109652626050961,0.0603978365550892,-0.116005295564999,0.13965819487003,-0.0815414916652912,-0.0694314137842534,0.0641878484448939,0.0394646131729087,-0.0628034013054726,0,0,0,0,-0.0270075377674974,-0.0174636401146823,-0.0282671308459962,-0.0826360556768589,-0.208221459530727,-0.109534238795359,0.565109518753069,1.81934283615115,1.53464703425419,0.553437449599282,0.535175757744754,-0.625668844063989,1.67093861062804,2.19984893542377,1.44320642427254,1.57556624318733,-2.35074722610884,1.19324556381498,0.804087239120033,2.28241340595368,-1.33914998712095,0.0614401339314961,-0.669242201338886,-0.615959089587599,-0.608765443117087,-0.636846775100759,-0.56501835747126,-0.485186680008538,-0.442001594060763,-0.430862412768266,-0.390125468740386,-0.340257364153463,-0.323930296176842,-0.35060013184751
158.5,0,0.0822885183067007,0.221926844877665,0,0.0881603856902533,0.140534178950772,0.0530863318927707,2.27979052188082,0.428883510854827,0.281005060492236,-8.2291702608629,-0.715253597754611,1.07011923460038,0.0994945394199926,0.0307539795052077,0.308629321408138,-0.274699336333771,0.334751653258561,0.339060806247706,0.0930703365436335,0.0198928772670009,0.0954165427939866,0.0684666757484446,0.077889960870954,-0.0384453282912561,0.0180122963000896,-0.00630082297394514,0.0770760722967677,-0.103921493013426,0.0838641981197639,-0.0384405098742943,-0.0702412556773581,-0.00324125265130729,0.0134716336474507,-0.0172970040049217,0,0,0,0,-0.0256963175376398,-0.0184705639427961,-0.032497869169443,-0.089229659863323,-0.21780768534807,-0.126028930123991,0.545088304900207,1.76552691345126,1.52339283304094,0.611261228059205,0.556455862631428,-0.616898013950259,1.66069527529524,2.13112363427113,1.46237470838892,1.59633902304759,-2.52415083477058,1.19518016059703,0.916525518516016,2.33521471722661,-1.03615345495358,0.0523201452242125,-0.689251627670748,-0.635429741646184,-0.630681180601369,-0.658520102354713,-0.576911822039037,-0.479223510539267,-0.437862161828392,-0.417467528194588,-0.379699458884276,-0.332516973757755,-0.314119381886423,-0.329080651877621
182.5,0,0.072066342119533,0.194358292718949,0,0.0772087849833896,0.142196304819071,0.0613459564834694,1.57191196336632,0.56993134507084,0.28433583053588,-8.5521151283718,-0.525238044065554,1.02183576325825,0.196146472636679,-0.104231398063928,0.138276538991722,-0.157319967879225,0.178248922728234,0.202553741390155,0.224672797280689,-0.107400921461948,0.0254435021679884,0.201336639957615,0.173958807009846,-0.0856751410308765,-0.0041072487757788,-0.0562936650488371,0.153917544120375,-0.173325453448188,-0.000200316434721584,0.0673819244572794,0.0155947245237817,0.0237190927099105,-0.167846359715728,0.0570617741507601,0,0,0,0,-0.0243862474845596,-0.0194714122698075,-0.03698025447875,-0.0966916473013105,-0.230915482751769,-0.150103249132305,0.531054192901392,1.71219929169616,1.50889439285552,0.660407626530923,0.577770291109417,-0.615350551162178,1.61795357558797,2.09055018051136,1.48056644770426,1.61762779693188,-2.72805296940397,1.21429911580292,1.04585187756762,2.38816543676772,-0.897515905142758,0.0392622871873325,-0.715438333328946,-0.658118097760919,-0.654084124749412,-0.680862519486699,-0.590842012417278,-0.477735447520026,-0.438200497729851,-0.403546040173136,-0.373845389800411,-0.326921597633383,-0.305208954703448,-0.306772137440876
187.5,0,0.0618441659323652,0.166789740560233,0,0.0662571842765259,0.14385843068737,0.0639523000660133,1.12888622526669,0.537073410455954,0.282502285507866,-8.97051061800343,-0.308967646734391,0.828204045810608,0.254035201962384,0.0392127807930073,0.0846648197444297,-0.438241015169204,0.100183767302631,0.251218628989127,0.197744515704898,-0.0369248460127019,0.0409030237163134,0.173506558008315,0.188129893446442,-0.0219250744966166,-0.108351241107503,-0.00274753847226683,-0.0528177000896798,-0.0927097831738261,0.099393344680054,-0.0592820724330473,0.112882498717203,-0.0272384180243647,-0.0348209408888385,-0.0682423896255674,0,0,0,0,-0.0230219660956345,-0.0198898591526095,-0.0412237344058973,-0.104843828209485,-0.247706970184583,-0.182480405734249,0.523373731230739,1.67035120081353,1.49383353987805,0.698265537693927,0.598948815995341,-0.631042205720883,1.62637609922856,2.06111215895912,1.50332631049689,1.64485071252845,-3.00110994346659,1.23115199840449,1.14633989082452,2.44102804052468,-0.893951558703595,0.0193800790520155,-0.751488969090302,-0.687628242317608,-0.677608414281747,-0.70548584480916,-0.61662949836659,-0.49154137785894,-0.447493592638066,-0.397386847917783,-0.374862817381709,-0.331141884154203,-0.304556652830483,-0.289807747333802
187,0,0.0516219897451975,0.139221188401517,0,0.0553055835696622,0.14552055655567,0.0669605439439422,1.83676478378119,0.385946257371094,0.276659282665063,-9.20538012763754,0.700242426581567,1.22579764365759,0.263473287969194,0.128724988267046,-0.0457487687985728,-0.616376971167173,-0.22096690293728,-0.0700749574281019,0.032438670445872,-0.229297590391546,-0.155257215229135,0.0186716835570615,0.132452646023628,-0.035785142374749,-0.184842357845705,0.050444055224642,0.0996043997848979,-0.123247867995931,0.010743456072372,-0.0139905163856196,0.0570259463186225,0.0263174259003971,0.0376326169487934,-0.0328420327282652,0,0,0,0,-0.0216021148824837,-0.0197147297995355,-0.0451863281309884,-0.113661405494657,-0.267424735003383,-0.220618943769272,0.52294303507809,1.64606669562128,1.49017149187339,0.734525242699002,0.620518289624441,-0.666803720176425,1.63615475629839,2.02434029586985,1.53275268029966,1.67831316676184,3.0044915787877,1.24046806112903,1.22909019980544,2.4832223791149,-0.915037477853923,-6.60721092394262e-05,-0.778589249789458,-0.710303696283236,-0.696264059173235,-0.723318074656254,-0.64340928336908,-0.510550885636677,-0.463032101011323,-0.397584847053657,-0.383513664488731,-0.341367538849311,-0.306110828384706,-0.281367557824823
172.5,0,0.0413998135580298,0.111652636242801,0,0.0443539828627985,0.147182682423969,0.0698224052681972,1.83107210950559,0.377117099349716,0.269949451867288,-9.1877808042235,1.32944891496313,1.44983154640372,0.375243516931761,0.139663373652984,-0.11435596813775,-0.615722159610582,-0.370884587134236,-0.131848084860189,0.209648801157611,-0.218411228608274,-0.201412141625226,0.0863439771667878,0.154385247386102,0.0588691612131758,-0.172870622528636,-0.0325606600940317,0.257237412486477,-0.0854912048009285,0.00602583515579906,-0.0686147990382681,-0.0628752822004936,0.089664753412748,0.0799131525979014,-0.0795989330760234,0,0,0,0,-0.0201835046839623,-0.0195404679854896,-0.0496062630905336,-0.123577450510868,-0.289487454880819,-0.264666846819051,0.528738583369349,1.63511262687931,1.49795233092037,0.773376029187473,0.654108182352619,-0.697898010262697,1.6489822082425,1.99719652562361,1.56559563799379,1.70273600361795,2.69981584657699,1.25591667298083,1.29639903953463,2.5131447537637,-0.884486346635553,-0.0131598474164223,-0.786779010965331,-0.713737115298138,-0.700667625708126,-0.726341791185774,-0.656369172386481,-0.522136563799021,-0.473202634409608,-0.396033632720501,-0.392537969157614,-0.35020565065698,-0.305705668340709,-0.276105104486997
158,0,0.031177637370862,0.0840840840840851,0,0.0334023821559348,0.148844808292268,0.0710010513064314,0.937685674715746,0.425383382735952,0.263385639609062,-9.21147146297926,1.64020746715063,1.45357950988335,0.35688640804582,0.283250284653634,-0.055247300978782,-0.557056996950232,-0.284556130439366,-0.183619294784948,0.295196839988745,-0.119852009520162,-0.143850669393398,0.154890539673475,0.124289109130307,0.0462535211643184,-0.243136587538043,-0.0805989000140757,0.301511317300848,-0.0738071672757132,0.0318428611321025,-0.11962136286062,-0.0624106647342183,0.0766061481626185,0.0594619024773476,-0.0589848772123944,0,0,0,0,-0.0187661395759995,-0.0193670672905972,-0.0544403120350782,-0.134552254754457,-0.314119251761945,-0.318490816186904,0.535866304936993,1.63465296364689,1.51585648494068,0.820417812263393,0.699642443984015,-0.713909777743441,1.70538177650061,1.97926069140146,1.59092848440582,1.7096480534857,2.53274973977233,1.27938659783686,1.37276955307383,2.54274023566198,-0.843571266447843,-0.0237735612828541,-0.786885282274785,-0.710638584133001,-0.70059008727959,-0.72584798072717,-0.66543465864411,-0.530211279750442,-0.483662477515758,-0.397994568624865,-0.400507726907618,-0.357390395813789,-0.303354578405034,-0.268567259018269
157.5,0,0.0209554611836943,0.0565155319253691,0,0.0224507814490711,0.150506934160567,0.0735810308513094,1.0801534545546,0.491511272492453,0.266700258166369,-9.31763290053109,1.74605684740047,1.37906031261723,0.326601450460781,0.466342254648214,-0.0404239001445754,-0.561421399631836,-0.182514925133411,-0.0964635769963802,0.262209820443462,-0.091547757491336,-0.143243475003705,0.232408396241408,0.113058091974168,0.0293693275115908,-0.311740765404357,-0.0252264777875041,0.243312712716168,-0.094917302835213,-0.0152617177679688,-0.040536315468702,-0.0931993106425294,0.104751787338767,-0.000473909620116154,-0.167062819404972,0,0,0,0,-0.0173261085780721,-0.0191373034869427,-0.0593644795248572,-0.145934770221922,-0.340306031912291,-0.384527989138992,0.539046054003368,1.63598163481888,1.53137822488385,0.867857588036596,0.748642894784347,-0.736165893182884,1.79282192830624,1.96846811303759,1.61016527064119,1.72246883871489,2.50935490394364,1.30117478516279,1.44648612354856,2.58485644004831,-0.847617112073776,-0.0218911776751392,-0.777013635660562,-0.699649025533837,-0.692603387236259,-0.717390132677985,-0.66589531733767,-0.531523179542999,-0.489899329811526,-0.403255811905713,-0.404791075024181,-0.365504613541802,-0.305567866745521,-0.264267479820465
156.5,0,0.0107332849965266,0.0289469797666531,0,0.0114991807422074,0.152169060028867,0.0293722826707693,1.29545199849404,0.459076985592385,0.280368586848369,-9.06154137825011,2.00114750122846,1.15352983768525,0.386118245521555,0.373909545111039,-0.229241611142267,-0.660073655438685,-0.38000157484396,-0.0817607874043551,0.243046549163829,-0.233316108055989,-0.0791283889420402,0.217980645151276,0.115113755347967,0.116140937217935,-0.329772796174885,-0.139394928387254,0.317194219654918,-0.0588818972524708,-0.0236715611717735,-0.0186644237242384,-0.10917686142791,0.154802970983463,0.0496517108367741,-0.287636104466902,0,0,0,0,-0.0158514885161681,-0.0188214161312324,-0.0640937751210346,-0.157200951639485,-0.367403941684989,-0.462125767114738,0.542542911428518,1.6434163560708,1.54808101243145,0.917187166581423,0.799744303223091,-0.760081936577408,1.85380257943623,1.96665866404369,1.63008054029057,1.76601056705841,2.49013378970351,1.3256310071141,1.4888497133333,2.64663927270418,-0.894919265469048,-0.00824191453323745,-0.751316566318515,-0.67244528209182,-0.676536320125396,-0.698175368287634,-0.65318352154872,-0.527635227248366,-0.490497752451064,-0.410168172071113,-0.407118936790592,-0.378934810396649,-0.317667586661417,-0.267800546941983
155.5,1,0.000511108809358849,0.00137842760793705,0,0.00054758003534368,0.153831185897166,-0.12521511031162,0.934606646401533,0.379885908403305,0.313601199358783,-9.06672518081988,1.884498948675,0.883258078649107,0.310972144618372,0.431893954668858,-0.216815410143673,-0.590565033244587,-0.350240253045726,-0.152578542110903,0.396174367510073,-0.241548454925227,-0.122292458345614,0.080648509425512,0.0981188870508084,0.153562005295204,-0.184603009109578,-0.0650371884384103,0.220611028526807,-0.0498969686625726,-0.0552266490900643,-0.11450625997569,-0.0481065287080691,0.185914043870766,0.0615363438958342,-0.260483162672387,0,0,0,0,-0.0143859933795107,-0.0185241541197092,-0.0688004408613059,-0.168761903073653,-0.396279199695407,-0.550316319748166,0.550953264088965,1.66419865689958,1.57595883867789,0.974846622632915,0.859599041659742,-0.780231636740062,1.89114101541444,1.96552999634792,1.64729567718711,1.82138591287762,2.46848428073735,1.35892415302724,1.52999217843337,2.71374852311735,-0.949152076886359,0.00815044474388802,-0.712822658190684,-0.633194670597821,-0.656374667456937,-0.672791863801496,-0.630974015703862,-0.522288827726154,-0.489567714363794,-0.416860505221364,-0.40916796435451,-0.388915783719352,-0.329388711113685,-0.274883819789644
115,1,0.0175166437208202,0.0650180785123963,0,0.526359799390322,0.113433469949806,-0.264575728275168,1.10753305998118,0.395790983905743,0.429823041070354,-9.09192388656716,1.93363139270822,1.02284095343352,0.345300545564854,0.483843746479564,-0.179041060488805,-0.463534030264374,-0.360820473129563,-0.153067007533934,0.328673471799521,-0.188694402280299,-0.240419608692194,0.0415770721262294,0.254418465766917,0.0762339054226155,-0.275047720286853,-0.00917771344449098,0.154698552711776,0.0146634935367329,-0.0283231496326768,-0.1505556727793,0.00902833753059204,0.154927957811724,0.117780293659817,-0.266672169091221,0,0,0,0,-0.0130438383611509,-0.0185055976877173,-0.0739005373551813,-0.1812029368368,-0.427503811594611,-0.649490988120559,0.56707769440972,1.6957890785565,1.61071459902577,1.03410534820112,0.931712171949448,-0.809396069307462,1.92403561112924,1.95025795285834,1.65465492781819,1.8729351144534,2.4467320457552,1.39994558516486,1.57137748521825,2.77602426861119,-0.951330776772372,0.0178733607626103,-0.68230750395717,-0.597185158923512,-0.63282634405838,-0.646619832334597,-0.602012416161503,-0.521265356185025,-0.491347581186244,-0.422545355574482,-0.40715677990428,-0.394344780415571,-0.34170095634605,-0.288256188291004
75,1,0.0359552160585266,0.133458161157027,0,1.080422746117,0.0711114475141481,-0.328579504422649,1.21488066361352,0.565252816664433,0.554401192139566,-9.67212175520377,1.89581610450423,1.15031699602503,0.345823416149248,0.400170733846971,-0.233183745641067,-0.471771735827801,-0.428368496751486,-0.202759275837659,0.213563048204728,-0.0971344910507138,-0.21598627840194,0.0508132795306049,0.273253877619591,0.0371058469081756,-0.271661677270822,0.00581174657232931,0.113204501110795,0.0966542813362343,-0.0486750747619102,-0.147433529347329,-0.0113865592485633,0.153880463121002,0.107068829860634,-0.242662694708391,0,0,0,0,-0.0119711510417327,-0.0190394019902743,-0.0796087871152953,-0.194510740682299,-0.460216809670606,-0.752210504725128,0.587511946445444,1.73315037399891,1.65208838036003,1.09276347412388,1.0076564867773,-0.827596211526458,1.94652140583296,1.92252703628222,1.65598831744319,1.91986376836065,2.42426683143832,1.44538868621633,1.60805147419207,2.84501902427623,-0.914074077654635,0.0135480893125641,-0.667658940201181,-0.568703317336689,-0.61614531046963,-0.625908877247288,-0.573659824908991,-0.526689360718842,-0.500154898734293,-0.430617988834556,-0.404488773316471,-0.399576939596787,-0.354154660687462,-0.308074672795701
83.5,1,0.074033523047778,0.356369744975571,0.00935602191420808,0.704823212730594,0.0810178424059033,-0.381076564317416,1.18483353119644,0.638543860857435,0.5936349965288,-9.98998719135034,1.85225355610118,1.26498338021289,0.350359183375811,0.274401367576975,-0.308213559492761,-0.419853643913149,-0.40328299705202,-0.2738083821677,0.156173285250463,-0.00471677860740572,-0.231754405793145,0.00897136356057353,0.288180271281121,0.0257638821344195,-0.270520400827707,-0.088929742134029,0.101591114139204,0.176448253293485,-0.0855795801961136,-0.224341452713717,-0.0389353621489479,0.158128172946798,0.0508627550731237,-0.24929239644346,0,0,0,0,-0.0113788806080505,-0.0203481206528661,-0.0853555508248067,-0.207158584195777,-0.491324038962161,-0.84975908848421,0.606689243226739,1.76902885585764,1.69715974251947,1.14411318089049,1.08152532057821,-0.813594948896492,1.94980034506807,1.88928568591622,1.65244988509216,1.95298820214923,2.40233492080298,1.48071048645045,1.63831505001601,2.91795947301331,-0.842309773097213,0.0034918310559687,-0.656847828743191,-0.545705081785882,-0.609286786417918,-0.608217476673142,-0.543050728901354,-0.52631860304684,-0.509060250339956,-0.438042334308704,-0.400957204746014,-0.399560481196788,-0.356801830312756,-0.322126138787039
92,1,0.0924810101491141,0.476957045363308,0.015333259176845,0.288194304558441,0.0942544308446576,-0.41251266665354,1.55109200971845,0.499252969171249,0.610136075666785,-10.0765023472003,1.91131636794075,1.29170164844341,0.377878323123708,0.209343952763297,-0.357853329734532,-0.408000732276191,-0.442162650619346,-0.297705849461602,0.111154891747885,-0.0180809002412944,-0.25697674581858,-0.029146968040593,0.257038343579995,-0.0307806665345847,-0.229126582429917,-0.15164435450167,0.0921500105311567,0.181888742703957,-0.105884864394516,-0.295606859571977,-0.0520466342128118,0.137241983360044,0.0841819089717978,-0.25346785092385,0,0,0,0,-0.0115792195467716,-0.0229196088302235,-0.0915309321825417,-0.218760027990347,-0.51936230598749,-0.938574325213106,0.623620324473334,1.7988328483067,1.73952819875675,1.18408556143385,1.15430855595246,-0.770871629800779,1.93330302706063,1.85166631758035,1.64313619415662,1.97273490546953,2.38656994790425,1.49887544172345,1.66291613837717,2.99315563261854,-0.819945476629352,-0.00808439197464341,-0.650522993292003,-0.531314526552397,-0.607624913945378,-0.594183948567075,-0.513264210748089,-0.520393669631354,-0.513318920104128,-0.444126908757742,-0.396546306337577,-0.398208080216475,-0.355973741963019,-0.324371754957487
95.5,0,0.0755120174612032,0.389441991168206,0.0125198171260478,0.235314615648635,0.0896817137439461,-0.432219394595243,1.58306427566361,0.529557499586049,0.638921817309355,-10.1057258120298,2.06939816858581,1.25896201775983,0.492248668076559,0.233486015953679,-0.3012675172961,-0.415162585936532,-0.518570810493686,-0.222160263928565,0.0783647688665528,-0.000722344047047357,-0.247548063397659,0.000661159016521733,0.249483517722076,-0.0653968038192548,-0.133833312933254,-0.0895425647481247,0.0824409472421256,0.156836380557742,-0.0677968660496147,-0.283200293174116,-0.053274429936007,0.124541179503226,0.166125602849997,-0.20736683490538,0,0,0,0,-0.0122641147568434,-0.0263111309030586,-0.0983307529218888,-0.229754440786144,-0.544708884470555,-1.01651098655549,0.647572791329517,1.8296685368921,1.77960736465109,1.22041013934653,1.22675642757095,-0.656251339011298,1.91103986512216,1.81615683829766,1.62925194242673,1.98967355157037,2.37485985381725,1.50954247334183,1.68508875143834,3.07645144865096,-0.862762702841342,-0.0217521499256071,-0.649543375194498,-0.524241790161304,-0.608008018784183,-0.581753953117116,-0.486798047368853,-0.513296256890254,-0.510103789597666,-0.450832833884616,-0.392580185037073,-0.399777724853641,-0.356339887983902,-0.319418997786701
114,0,0.0585430247732924,0.301926936973103,0.00970637507525051,0.18243492673883,0.0851089966432347,-0.439272122620653,1.11572505768395,0.467009626356096,0.683764042511485,-10.0823925389241,2.20544292570317,1.19763599582107,0.532887149032744,0.230637529262952,-0.226548092895138,-0.349687207005758,-0.570775537917953,-0.182828789654617,0.109666924205122,0.0340430152533111,-0.254913067962444,0.02102309049321,0.27143803802264,-0.062371264595642,-0.115724263069409,-0.0121811178673911,0.0439249893234281,0.151638825765302,-0.04977292171959,-0.237989896772387,-0.0630815569026687,0.090689907643746,0.181473663018333,-0.144766986986539,0,0,0,0,-0.012949036089029,-0.0297007342785789,-0.105064424714177,-0.2398112242706,-0.566809876782213,-1.08163823099564,0.679731613028782,1.85991422668258,1.81154453948233,1.24871518492377,1.28721676330128,-0.469032544605461,1.88441736640597,1.78235632332295,1.60629828673928,2.00252189908079,2.36041178262275,1.51266238321628,1.69979334284135,-3.11575085689793,-0.888747075276306,-0.0329404441716351,-0.650914826192356,-0.524662568514513,-0.609115439987473,-0.567012353750489,-0.462898963524228,-0.506810729333054,-0.502194309491799,-0.456201009930432,-0.390263449144121,-0.403579896166589,-0.357552656713983,-0.317193269910516
129,0,0.0415740320853816,0.214411882778001,0.00689293302445326,0.129555237829024,0.0805362795425232,-0.437075720240521,1.37467426226552,0.395860282548645,0.708776247957846,-10.0205227750565,2.31032744047001,1.16148921782538,0.513279732016432,0.186555840939111,-0.178649392700006,-0.306336920387651,-0.624609008484357,-0.174423260419751,0.176276928208115,0.00862510503569992,-0.287439220187369,0.0086262364899209,0.304970002973971,-0.0313957316878646,-0.126686651344354,0.015367106076573,-0.0143041750999532,0.172289504199262,-0.0818529110614367,-0.202722734075172,-0.0836958587634751,0.0890685203026301,0.153812138991253,-0.143558301189294,0,0,0,0,-0.01363398290217,-0.0330883427639198,-0.111774959009404,-0.249380408248131,-0.586945164042013,-1.13926796638742,0.718545296880099,1.88741855402356,1.83283095105716,1.26622619007274,1.33358969539234,-0.222159997035837,1.84881042431733,1.74762210788933,1.58097785395109,2.01002044039557,2.33912779356942,1.51705621592206,1.70272538251663,-3.02013530084206,-0.84532758316589,-0.0520001228548974,-0.655143982305004,-0.5226500804522,-0.61146080335905,-0.548177114407482,-0.441212566573533,-0.499278025743074,-0.491578804420712,-0.451062079499401,-0.391979231964915,-0.407810140497245,-0.356412107168108,-0.322534674839732
91,0,0.0246050393974707,0.126896828582898,0.00407949097365601,0.0766755489192182,0.0759635624418117,-0.424922446536568,1.53504200677346,0.535170667450038,0.713188121190374,-9.77194487154133,2.26890241658177,1.25938435270019,0.500826317893528,0.33053552946309,0.0120764080424446,-0.223646948548665,-0.458591009322353,-0.0169735087043899,0.202207001610833,-0.047452307145948,-0.304139465734704,0.0771357330633745,0.346541558440386,0.00675574273395385,-0.0908669894473157,-0.0901171958470496,-0.0592577193612427,0.14091499805102,0.0192289083838604,-0.117836331625914,-0.109109045834473,0.127089409625121,0.135120519779112,-0.223893198420174,0,0,0,0,-0.014318954554965,-0.0364738804390061,-0.118461873657701,-0.258871442153488,-0.606496880274138,-1.19209874874773,0.769760726517983,1.9108229118037,1.84593144724945,1.27302383440513,1.37746388512725,0.168460216069172,1.80869966211286,1.70733427505206,1.5584369751643,2.01567328160275,2.32001499893129,1.52459604369837,1.72390802719894,-2.92014286454315,-0.764327990330344,-0.0811280815235685,-0.668589932736593,-0.521716404969104,-0.608702899069436,-0.526745399944435,-0.423031389825264,-0.490512393663472,-0.480482833316461,-0.433859836179544,-0.39581632324197,-0.407660225412841,-0.348635878959342,-0.333309688012895
53,1,0.00763604670955988,0.0393817743877961,0.00126604892285876,0.0237958600094125,0.0713908453411003,-0.433737982144896,1.01477533528814,0.609268916410402,0.696901312449729,-9.22208977170678,2.48046983086113,1.27869210656247,0.596319873911669,0.154491853282514,-0.217958160000153,-0.158039650010094,-0.597020727008035,-0.0980615601086973,0.376569639012152,-0.0364836360764725,-0.254720623030461,-0.0816763455496328,0.421099769326487,-0.0185712346294976,-0.0685809813473148,-0.0882951158417322,-0.0201326479620716,0.182676596805937,-0.0247449160975803,-0.0649331852132991,-0.0811021076360271,0.0574601423263048,0.117660819487287,-0.189091829793132,0,0,0,0,-0.0149450906253032,-0.0399100791961098,-0.125243037121944,-0.268254425464056,-0.624105687754011,-1.23309118426211,0.810796922724128,1.92180243910832,1.85090200264625,1.25999615905496,1.41375126790749,0.623330240244959,1.76454298028158,1.662775358576,1.53742735312157,2.0207789339304,2.30462494874503,1.52312307564584,1.76835102597253,-2.81955018221977,-0.730682341069464,-0.1074768169807,-0.687258164514608,-0.528329796063315,-0.59983155503474,-0.506557922355379,-0.411586599197588,-0.482301023854527,-0.471731571499106,-0.414512635087582,-0.400609281901487,-0.403129261142874,-0.335634398771759,-0.344335098676409
53.5,1,0.0247701607201121,0.0886111111111111,-4.90079846806771,0.0608272158816327,0.0862859042553192,-0.457464127328414,0.965584723839932,0.592442304137278,0.675485579643905,-9.20225574147126,2.15010230656757,1.17340600581976,0.554411347983612,0.138912355378249,-0.310527213825856,-0.123107520322592,-0.63918729068234,-0.0980840445827538,0.298108582443651,0.0242606690565204,-0.132240028108669,-0.117054145227087,0.495622147068744,-0.0519347415813455,-0.0590434829643453,-0.0386871625739886,-0.145972653050009,0.312435811080898,-0.116075640994343,-0.164779786566506,0.0281892249576571,-0.0089285345861783,0.154766164293284,-0.220647421111463,0,0,0,0,-0.0154488619218617,-0.0432339487105591,-0.131852919033105,-0.276971447668946,-0.637734438124766,-1.25666908679352,0.823403847052465,1.92635999679952,1.8531596494605,1.23992120516626,1.44126076416312,0.938546698909432,1.7195150290548,1.61678366728333,1.51843589579896,2.03265015912271,2.29208368812227,1.51576494903168,1.79642550827953,-2.73129133330773,-0.727611014449047,-0.127747241850513,-0.703519694798277,-0.537524230286046,-0.594166912569437,-0.490669277497654,-0.408326563074193,-0.472458047227617,-0.460269078783195,-0.398716144723849,-0.405696490473566,-0.397150941819782,-0.322147506439693,-0.350657895437523
54,1,0.0742609822977889,0.254131985731272,-12.4440337276954,0.165413130240982,0.116377824019025,-0.465210122743644,0.996638831656918,0.579159037090305,0.675521319080294,-9.49203791840879,2.28927314488574,1.18234688342541,0.493458494400975,0.192917697808718,-0.26329285082044,-0.106657222228991,-0.658133525407904,-0.157451478354628,0.220598582692327,0.0293089878258697,-0.182341110591256,-0.117574325207483,0.427825330088533,-0.125984252769207,-0.150960567194489,-0.0164106109657426,-0.131257843156796,0.382718365770592,-0.123575364250814,-0.203427623482112,-0.017946042316613,-0.0163041708792442,0.208480505075423,-0.223410051339965,0,0,0,0,-0.0157926249752945,-0.0457210554220407,-0.13711321745698,-0.283909976208665,-0.64726142827064,-1.26513309787678,0.811314984398503,1.92657386358155,1.85626751740485,1.22190909319904,1.46576624168007,1.09780522568778,1.6640255147776,1.56030177121423,1.49978845297711,2.0546266562687,2.2893624638659,1.50778407579242,1.80850682376755,-2.66571377900717,-0.715852330254342,-0.136673714525133,-0.716898605169098,-0.549211985275041,-0.58821650316601,-0.48099433445172,-0.415147643418363,-0.461491398900865,-0.445115425934455,-0.386172019998121,-0.408969071964012,-0.39067781189125,-0.312973325932555,-0.353192165575621
53.5,1,0.14655612546867,0.447249201486213,-1.53422575460412,0.231495143901262,0.119422910103991,-0.469397794876065,1.03153855118735,0.590663651952564,0.650207086682546,-9.68261533088886,2.36243784870309,1.20975462769898,0.588730989146097,0.19476902894797,-0.311958260265942,-0.0600178785397605,-0.619844174799625,-0.202086950825216,0.305408734174846,-0.00123109325703988,-0.23478355953234,-0.072838689734624,0.449697117052497,-0.0901328714595772,-0.218399328671966,-0.0348760623511111,-0.0287774954905425,0.38713513209524,-0.169325935774868,-0.246583377868958,0.00826047252133282,-0.030755997581058,0.234854919305578,-0.2295139481011,0,0,0,0,-0.0158422584331351,-0.046901529790252,-0.140229690944264,-0.288096540773964,-0.65202364018444,-1.2612622785613,0.779127054833892,1.92007323245993,1.86183882190773,1.20022741073947,1.48912085272461,1.19133347616898,1.59174323344072,1.49200421882299,1.48050559356812,2.07922900423611,2.3009015710353,1.50375240476695,1.83263304584063,-2.61558942184267,-0.658297564707463,-0.137402088257163,-0.727974577578241,-0.559385143107814,-0.576806119804581,-0.476264169845154,-0.430573936907474,-0.454140594272962,-0.42797955312086,-0.374951568842702,-0.408630872881375,-0.388348010687009,-0.312371232919996,-0.358693826105027
52.5,1,0.0904458584206855,0.523665842663952,-6.25492038415525,0.454732833842115,0.0791641611661368,-0.477042603966307,1.04057834284111,0.618203980376639,0.626425276308935,-9.78002887226489,2.39359214139143,1.24371446229958,0.530621996230696,0.205226528759575,-0.216733335000203,-0.0918011476768275,-0.558027522512811,-0.135252432499059,0.356747439600102,-0.0301806385131816,-0.204552229151198,-0.101755858887302,0.375904617542772,-0.0426366140358323,-0.171785842697245,-0.0129050462270624,-0.0387823721826241,0.30206256427636,-0.202811086931477,-0.199492752488009,-0.00863498650729482,-0.015408195193466,0.202436303890597,-0.194221810798531,0,0,0,0,-0.0155547124587715,-0.0469427418831873,-0.141395791874241,-0.289308231780933,-0.650571561861893,-1.24152333078916,0.727882441733202,1.91042960223154,1.87293479484181,1.1731004971195,1.50964363752935,1.25026451686952,1.50195017134657,1.41213901028365,1.45642118022571,2.0989559694948,2.32867609996342,1.50444549026106,1.85568337920065,-2.5705715048584,-0.553355863640829,-0.130268359372463,-0.733915910542388,-0.567728826883899,-0.565303586334936,-0.472937616463896,-0.450421824604902,-0.453801119635549,-0.416177775422509,-0.366269060394053,-0.405638710988243,-0.388583346591958,-0.318761429261546,-0.368515489820701
105.5,1,0.0892900191960699,0.501606900753638,-2.50752087105072,0.440874961445549,0.0812556605171723,-0.468728077675783,1.77119873471036,0.576392899364486,0.634686261271445,-9.83099843437108,2.42288721852972,1.27540425659825,0.491554834056795,0.169390997355456,-0.111393293554497,-0.194140850053408,-0.450705866673566,-0.0938097393761577,0.288983677508375,-0.0572817800420598,-0.232785503084242,-0.124549893469404,0.336990831275275,-0.0409134734787753,-0.0908715532568053,-0.0346344040787959,-0.0475764370016071,0.250201523677302,-0.17643673095396,-0.093800689562567,-0.0645316278731302,-0.0177572182768864,0.136212972579566,-0.132629166051655,0,0,0,0,-0.0150957969158497,-0.0461356370932008,-0.141071001198535,-0.288116748307718,-0.643647829247129,-1.20628041710487,0.650837718948291,1.8954499606431,1.89394765032343,1.14508842850603,1.52284693244922,1.28846776007428,1.39320117568301,1.31799048408242,1.42644570326712,2.1170595864636,2.3649160298167,1.50572427769746,1.86149570223714,-2.52353411884723,-0.476967734079857,-0.11516385976528,-0.736096715567893,-0.574847308490341,-0.557171809994025,-0.473022130057601,-0.472112655918195,-0.456218685298968,-0.414884563452686,-0.360405473858764,-0.400805686232974,-0.387658587384957,-0.327521961275457,-0.37994957115407
159,1,0.151745947339498,0.374072025976183,3.65147831300728,0.182104056774905,0.118024859407082,-0.454308728108108,2.43177576354333,0.56034051947968,0.649514446157261,-10.0343976370941,2.28109945290994,1.27461854169255,0.549264263971305,0.164147690915093,-0.0118160953159193,-0.24416797522162,-0.310210164976521,-0.0129562713982652,0.225253240199702,-0.030274379727672,-0.30169798089202,-0.166326976289339,0.337407248586812,-0.0756118981841976,-0.042367090099187,-0.0935321221423765,-0.0355603976934603,0.144900427902167,-0.0929299458333046,-0.0438672572425785,-0.020964979502425,-0.0257532673657715,-0.0140889027342413,-0.095336657686629,0,0,0,0,-0.0146051595713772,-0.0449853180414789,-0.140446820282173,-0.286595978605674,-0.635659615688403,-1.169488292177,0.556526101066629,1.88415488921255,1.92362208947255,1.11134712681663,1.53003171193084,1.32076590202581,1.27096370180938,1.22541600686301,1.39473329207359,2.13824271461516,2.39602592918294,1.50302512923451,1.86418537652272,-2.46575144254486,-0.453037332813311,-0.100843331872985,-0.739964261975904,-0.579507927425755,-0.553210441374617,-0.477380664761268,-0.49111928990044,-0.458492901934884,-0.420027758626256,-0.359196733882167,-0.395878730287994,-0.386791101628051,-0.337539119326393,-0.387360245107505
134,1,0.160073178031166,0.304022681777377,-2.20537145364285,0.149976731864074,0.114692499360145,-0.459038129842803,2.05105866796686,0.560053308410712,0.650134857343814,-10.3442445779364,2.26774685014373,1.41749191998269,0.655635063593865,0.250211555117623,0.10907479257586,-0.165771117784823,-0.129518036288012,-0.0860720297834785,0.0719080486362017,-0.11264151304779,-0.253305958911447,-0.140044402451466,0.214818766274428,0.0189560661088939,-0.0738568445663369,-0.075547684955344,0.00662508906424189,0.0753926204223787,0.0981593058517041,-0.016946688057484,-0.0623159439846146,-0.0290614061406421,-0.00329394736432423,-0.0908422506328417,0,0,0,0,-0.0141145345389091,-0.0438348441189415,-0.140146325683624,-0.285571027601637,-0.62868786560781,-1.14107357075737,0.462278295684403,1.88281413367805,1.96064132192065,1.07098974554671,1.53813848056201,1.34086934782055,1.15844824815214,1.13058022817455,1.36760220357845,2.16107781611312,2.43233906377191,1.49645564339734,1.87036221536019,-2.3880266366037,-0.466356651247074,-0.08215779112122,-0.743558562649057,-0.591483618165422,-0.553398807844765,-0.487975188324516,-0.510054162822022,-0.464570841909041,-0.428386398086675,-0.365320988692919,-0.390112186113155,-0.38626506599091,-0.346044713006023,-0.385138186055024
94.5,0,0.124915905249227,0.263913447225822,-5.78461506782001,0.251015631964528,0.100369518587926,-0.463352678145479,1.36720019612634,0.501293019093464,0.601041280881946,-10.6210983898326,2.25603732393622,1.33459734988198,0.755788518359114,0.325689067014786,0.226166634576549,-0.0863674301870054,-0.0810796793005379,-0.212389352670144,-0.0728300532286476,-0.109393495295959,-0.165609299309274,-0.132354098379118,0.137563079788165,-0.00941364322724272,-0.106089766587952,-0.0403666479437595,0.0344338817580954,0.111850376145515,0.104373410318477,-0.00354224710040988,-0.105981446351561,-0.0272864512573871,0.0154678539751686,0.00273479332090695,0,0,0,0,-0.0136239220541724,-0.0426842183404266,-0.139845671080424,-0.284588884811963,-0.621009130581768,-1.11303934261171,0.358944319927587,1.88604377457044,2.01132797543704,1.03209922077888,1.55056593797363,1.34591454233674,1.07663741385816,1.01354399987191,1.34640325824817,2.18482442538527,2.47606541826852,1.48230819189329,1.88591166603717,-2.31418279245117,-0.474921123608521,-0.0606405366205674,-0.741346975281214,-0.612645398853712,-0.560627846790282,-0.504672498041297,-0.529014394853164,-0.473131171147898,-0.435636212004984,-0.377503673628001,-0.383255659793514,-0.385297311142675,-0.355419287914465,-0.379319882338663
80,1,0.089758632467288,0.223804212674267,-9.36385868199716,0.352054532064982,0.086046537815707,-0.470413992406349,1.23896281514257,0.563316525204402,0.533931429100538,-10.7678148684469,2.04063425863076,1.14596240196071,0.691564812162424,0.212804074925922,0.105570383051018,-0.0297269131299667,0.00360674946775492,-0.0472083671259315,-0.0086028118927125,-0.0652117997743155,-0.00878221584596162,-0.0251164934241825,0.233861735946002,-0.0666004058940516,-0.203469553531826,-0.127220243397852,0.114856376148761,0.129429148710516,0.0857429421266884,-0.1084221085216,-0.091561373001816,0.0723345611085524,-0.0167443073197716,0.013455356248833,0,0,0,0,-0.013133322352858,-0.0415334437231766,-0.138976797045635,-0.282621981641285,-0.610389415302776,-1.07566046725371,0.252161664515983,1.88540606549875,2.09040543392681,1.00969920317832,1.56509319142002,1.3408587376509,1.0154943872989,0.88446031660975,1.32996020109684,2.21215687463209,2.51679448876152,1.43912646598589,1.92360050071914,-2.26468763189651,-0.418102171333687,-0.0462116475680784,-0.7392022448707,-0.631902780005279,-0.577063673146109,-0.52597246125448,-0.545327446394735,-0.479860916553106,-0.436136937680807,-0.388508967949209,-0.374335221541976,-0.384293402574095,-0.369464169827088,-0.373786982153006
81,1,0.0546013596853491,0.183694978122712,-12.9431022961743,0.453093432165436,0.0717235570434882,-0.480620808416745,1.419545086167,0.576683989452011,0.502778854538523,-10.8293474106131,1.68699371409334,0.768558529333922,0.324213345086039,0.0944711477779027,-0.0149325621957647,-0.0896388176111444,0.080517099215222,0.021645062762303,0.0277339465040207,-0.0185176536585884,0.0147926693401212,0.00714817461866416,0.1336152700653,0.0219662378575818,-0.0917958406560614,-0.0851433210329546,0.0221207496885062,-0.00187163604053316,0.140047484957803,-0.0510959117004172,-0.0889729187371043,0.0204105627321414,0.0435352669688055,-0.0233188082588129,0,0,0,0,-0.01264273567062,-0.0403825232867913,-0.136882657920329,-0.277968517849142,-0.594201320971761,-1.02354932569111,0.154520029658248,1.86410022644969,2.20125337419317,1.00285799497927,1.57579905448959,1.33982000287837,0.960891951576717,0.761641179734824,1.31987147455228,2.23881491172014,2.54864424110165,1.3734821641816,1.95634713876778,-2.22579369217683,-0.302442897325127,-0.0360992366193137,-0.740904108793026,-0.649573355135639,-0.601254227944328,-0.553924040015894,-0.563638902741151,-0.48876913437957,-0.432913363949058,-0.393175704183283,-0.366078030988001,-0.38556847656021,-0.382239057110441,-0.36916544188383
82.5,1,0.135147084513184,0.342444870565676,-5.06536767759002,0.212018551793351,0.121752877687988,-0.475134353347451,1.02721568071386,0.428607753703108,0.414493772233629,-10.8509467608932,1.44969042440775,0.774412526056816,0.280735729238601,0.136998271793804,0.142649679650281,0.0405073195857951,0.103710615390967,-0.179241290606367,-0.106938188461422,-0.0969254489269113,0.00465654743958641,-0.00917917813339647,0.0960346042423598,0.0457780943434054,0.025656458055292,-0.0140874201979698,-0.0265512197782017,-0.118813462981263,0.106307152154902,0.0834613613653506,-0.1003137011372,-0.020887664347003,0.0495009635828947,-0.0222642815813733,0,0,0,0,-0.0121521622430747,-0.039231460053181,-0.13361936553372,-0.270726448442341,-0.573045861719085,-0.959922288280931,0.0550289186509163,1.8118698244956,2.3350811465965,0.995216129250875,1.58236502169062,1.34488699949655,0.909900220831815,0.645934413663135,1.305220122873,2.25618243900176,2.56975279984087,1.32331341367718,1.96472227764219,-2.18605969144582,-0.202203216899132,-0.0320877188853891,-0.749305582046159,-0.677268873366353,-0.640338448655088,-0.589824389054492,-0.585432361085872,-0.50663109162611,-0.436106113920674,-0.398136632648751,-0.367156382541514,-0.389991342285512,-0.389927789673427,-0.370004580995029
83.5,1,0.12438103616467,0.407637966429175,-0.918084066726873,0.182428069642105,0.0946871150827195,-0.478176934769891,0.697348634054464,0.397681094202198,0.36638333369311,-10.906426623569,1.5974836543983,1.04087511909465,0.419024860936257,0.214432734338433,0.275045017155314,0.0685327788207898,0.133933008084065,-0.120375729884279,-0.10932503843557,-0.185997466649131,0.0873011338755385,0.0789194712887768,0.1064384306389,-0.00927558817647086,-0.0526260052674371,-0.0422215909047432,0.0577163009229856,-0.061815273387093,0.0472558473347915,0.0491007684367297,-0.0836866275732903,0.0255564296532093,0.019102732840219,-0.0548004977656786,0,0,0,0,-0.0116616023058001,-0.0380802570465196,-0.129398014468171,-0.261308535510878,-0.548080719079198,-0.890157695606577,-0.0496613043712477,1.71926905659228,2.50528704650284,0.988230486947089,1.59073366243134,1.34901302862036,0.857543095635569,0.535257618152339,1.27528473467342,2.26579858925001,2.58773726093788,1.27935450130232,1.98377896709887,-2.14377338128758,-0.0756724463809695,-0.0345812589104808,-0.77199234291814,-0.721234527642276,-0.695851441590485,-0.633684588735843,-0.613653466135349,-0.53367003948955,-0.448581981957372,-0.410604001079305,-0.380603869356995,-0.395547168649407,-0.393668526612311,-0.3744145096408
102,1,0.0985045875395725,0.403763807868934,-0.221341615879222,0.213231117199412,0.0699733989075747,-0.494094574865092,0.840329456921737,0.459008417822846,0.40570959473011,-11.0269915555509,1.56559005717111,0.878041225134551,0.416825123626823,0.216623937335444,0.357752020426132,0.0775362816109577,0.177144080249302,0.0102913110373474,-0.062084435128665,-0.137918203095573,0.00532214607492731,0.0695243119268887,0.11391796203332,0.0579967687471815,-0.107363205008524,-0.0516183939553253,0.031219486019162,-0.0427691377066813,0.0761731347220426,-0.00647684065819002,-0.0342689003069956,0.0192380978475654,-0.0129767309546244,-0.0113019121548468,0,0,0,0,-0.0111710560943358,-0.0369289172931974,-0.124289203982667,-0.24976113954906,-0.519311881732153,-0.816172102136584,-0.144595943451458,1.57197658506819,2.72287994624213,0.975285321659737,1.59802684963593,1.34440012840513,0.801277484924916,0.415785092002789,1.23221395810354,2.27051438148113,2.59464595718439,1.24124505066041,2.00233170829332,-2.08711449978424,0.117754949107233,-0.0392924725047405,-0.79645677032143,-0.761855756363191,-0.745057707736682,-0.667627275753006,-0.632676064761454,-0.550634177053954,-0.451083228758685,-0.41649948657328,-0.391859493968247,-0.394148108874487,-0.387371121852392,-0.378927683649201
120,0,0.0950107427144048,0.389442768352412,-0.21349088244081,0.205668053853833,0.0712374494212861,-0.504054622549303,0.841584810113352,0.561201635797011,0.432228628603782,-11.068945235522,1.50122087086443,0.831632023622661,0.521095991570109,0.161162361643864,0.283544040851987,0.17191421595731,0.200802455561385,-0.133302356615353,-0.112021455117086,-0.0940463901950343,0.0572762740744869,0.109011799746234,0.112952657544399,0.0320362895118541,0.00663913337254902,-0.0613471764905498,-0.140456604499232,0.00789560727251487,0.155493515221986,-0.0119410833188821,-0.0396179941565779,-0.0450302244913636,0.0178226352549463,0.0209298170920296,0,0,0,0,-0.0106805238441812,-0.0357774438217738,-0.118727615650745,-0.237094331375668,-0.488230488576849,-0.740034992666096,-0.206950017140588,1.3049237322775,2.98138876508274,0.970477988786457,1.60050498371378,1.33211884413649,0.736729545855318,0.288780355449176,1.17957946180242,2.26759588003792,2.57617080321115,1.20504802127421,2.01469822184304,-2.01413028875833,0.290865606705666,-0.048805167498402,-0.822196540840005,-0.801533592731983,-0.785765877268423,-0.692827545272085,-0.643094061254742,-0.559261847546037,-0.442717103782303,-0.414360254308827,-0.399943806961398,-0.384230610242672,-0.372577212802462,-0.381235989824523
147,0,0.0915168978892371,0.37512172883589,-0.205640149002398,0.198104990508255,0.0725014999349975,-0.490505284400984,0.729903811620882,0.55433350718482,0.365937330557054,-11.122049147392,1.39033205914002,0.744782651984054,0.459475562102006,0.171680185924936,0.306342238402301,0.271165348334959,0.289625640906173,-0.0696365883273376,-0.063306104524048,-0.10093534219466,0.0633632879064138,0.0670808794578666,0.154333283563159,-0.00704622059560541,-0.0278024817387406,-0.0467943218609937,-0.0845666337331794,0.0779361597614072,0.054792562307929,-0.0382277573630837,-0.0303716284510718,-0.0181368076756571,0.0717769323065817,-0.0457421284341827,0,0,0,0,-0.0101900057907956,-0.0346258396629299,-0.113165870167738,-0.224444378142166,-0.457349876182006,-0.66780924067514,-0.244749061401742,0.218777898200067,-3.0039968389706,0.953234561129671,1.59973632957574,1.3180128052404,0.664574639196938,0.156227852446645,1.12138688140401,2.24911340853989,2.52573766043185,1.16781330327884,2.04076710382081,-1.94259306220235,0.442496808245986,-0.0666143584925664,-0.862687449406917,-0.85190704475826,-0.831577277288013,-0.726039892473715,-0.661723733453768,-0.575701942361682,-0.436252499873389,-0.411905771585286,-0.412787265537573,-0.370976476411906,-0.353027499725927,-0.379898384766334
174,0,0.0880230530640694,0.360800689319369,-0.197789415563987,0.190541927162676,0.0737655504487089,-0.453747299457835,0.739585660349473,0.429913805122944,0.186059117767596,-11.1703547180966,1.29845532132815,0.600432818701533,0.393601021423495,0.179346826608913,0.373283620193405,0.236142004066009,0.32580231931106,0.0631533685442821,0.00652431869671214,-0.0307194664375038,0.0964484388546705,0.0441056154541501,0.155633118551364,0.0740670061988043,-0.0555705941465176,-0.0947644471061435,-0.0661344236180916,0.0305539990845273,0.0743635854759405,-0.0368309033765971,-0.0174891371516185,-0.00219849351789693,0.0337597064995856,-0.0315054829457194,0,0,0,0,-0.00969950216959748,-0.0334741078494215,-0.107604311595388,-0.2120887512437,-0.428001275950524,-0.605327318288384,-0.274065709484639,-0.726647369996388,-2.70232296700934,0.902204985137481,1.5992786995689,1.29764641444511,0.59154816691135,0.0221837611050108,1.06404586745249,2.21999408132453,2.46157457943313,1.12386290845998,2.07991582988472,-1.87072107943056,0.534760853687323,-0.0496003411935729,-0.829655771068625,-0.821474084062434,-0.808005223558516,-0.691688581250329,-0.617386699357867,-0.533691264588688,-0.385386732153534,-0.367929835093512,-0.394627070402471,-0.333800654875514,-0.319120860016889,-0.374731624023345
174,0,0.0845292082389016,0.346479649802847,-0.189938682125575,0.182978863817097,0.0750296009624203,-0.397633912176093,1.6104120785531,0.361678243685994,0.0933404346910172,-11.0733697565716,1.43764373721639,0.646110808256458,0.38517512873158,0.140961837677667,0.287970604581447,0.20630894302628,0.270256609250021,-0.0575698237914771,-0.0246863153663483,0.050582840641994,0.11752811889352,-0.0281499573295208,0.0827843628146549,0.0250634215637356,0.0325819363469236,-0.117305023039469,-0.0575896659117216,0.0245649837996099,0.121155520125807,-0.0665287747582954,-0.0507914148300519,0.0501395809972668,0.0159269546434903,-0.0638047432060783,0,0,0,0,-0.00920901321596359,-0.0323222514160316,-0.102043283926076,-0.200168932020958,-0.400489320751631,-0.552658733380336,-0.293754077203634,-0.749492514496915,-2.42914235998866,0.807209322791562,1.60897228855251,1.27859663875548,0.507568259311245,-0.0904757255218898,1.01943262359609,2.19533166437936,2.36363254092238,1.03905383378192,2.12246593265579,-1.79353541400688,0.552458191507901,-0.0183451413763695,-0.76900584345947,-0.75670445980942,-0.756890297942242,-0.626444495337939,-0.546467916167734,-0.467067971687641,-0.325398368485443,-0.316061406807439,-0.368042343093702,-0.295414952215158,-0.292231007834082,-0.375201612546765
174.5,0,0.0810353634137339,0.332158610286325,-0.182087948687163,0.175415800471518,0.0762936514761317,-0.326669207277298,1.70041463599221,0.402544105498151,0.0878554500027736,-11.1581836027802,1.0942878121821,0.827532702877431,0.298361319111225,0.186954496074596,0.279340300939018,0.213037034505744,0.27035168448945,-0.0855288679873235,-0.00816795143861615,-0.023386744573486,0.0544409255092884,-0.0643610899890654,0.109881880698942,0.0431610500338179,0.0663351629843841,-0.0363196568630394,0.0928481208585097,0.114315099474597,0.0959895819896823,-0.0475680220029451,-0.0504254524747879,0.0957524618848322,0.0219803940324205,-0.0124072757102586,0,0,0,0,-0.00871853916522838,-0.0311924697950004,-0.0966182761012355,-0.188824937989089,-0.375125973806169,-0.5103004121786,-0.310199437403517,-0.753760329315869,-2.19570262763617,0.721766987651403,1.63389649745351,1.26817784103591,0.422335286841847,-0.168322771052376,0.984339868397825,2.17524183996158,2.23469237760277,0.911512777426998,2.14850894218803,-1.71133525034492,0.579725082812907,-0.0141855606632677,-0.769871963996053,-0.749409582277531,-0.751325045331513,-0.603216605137316,-0.515769347621283,-0.443231422425942,-0.306787630948849,-0.302070325105351,-0.365367949999652,-0.281775316455814,-0.281736859290001,-0.382875689134241
175,0,0.0775415185885662,0.317837570769804,-0.174237215248751,0.167852737125939,0.0775577019898431,-0.340666700202543,1.06213516343889,0.4701279479434,0.0849618654391009,-10.7754204642945,0.428213587559216,1.01069308745815,0.263845307746802,0.242523274273409,0.379549986243447,0.245156175648897,0.37712339568312,0.0819200992718039,0.0210411194418046,-0.106144012417239,0.0318651993515376,-0.0733497399184801,0.143834918521984,0.064280242442729,-0.013834555502289,0.0148965153754538,0.122296349527098,0.0408666452616901,0.0202439899426728,0.0147008077607876,-0.0310278274186318,0.110236750233106,-0.0521896557647532,0.0341881054523711,0,0,0,0,-0.00822808025268327,-0.0301761057554275,-0.0918585826506111,-0.178622353375966,-0.352078859706454,-0.476731369180389,-0.323092714354828,-0.744025845924329,-2.01304614874195,0.719440179094264,1.66272230832382,1.25793068003,0.356044032717546,-0.201429866899931,0.957631729707725,2.16358863026937,2.09332059225145,0.818956272517364,2.14410955762867,-1.59833803055249,0.666733661967172,-0.0129430239016249,-0.779219979024117,-0.75038107978676,-0.745414115503893,-0.580225411518947,-0.48860462056291,-0.426233401289478,-0.296208146305182,-0.295537500188672,-0.35937690143419,-0.267454948518952,-0.268891450866065,-0.389002476611427
174.5,0,0.0740476737633985,0.303516531253282,-0.16638648181034,0.160289673780361,0.0788217525035545,-0.386139198305694,1.15245952395472,0.412875526285268,0.0981095166478405,-10.0082217650521,-0.310587770516586,1.09496865774833,0.213358779065769,0.320806354048546,0.520964244403299,0.208962728103836,0.329587616744671,0.0664344595408085,0.0119375157043076,-0.0778512377461015,0.042913622047441,-0.107361993758172,0.154488568802636,-0.0478367026546684,-0.0741525700488553,-0.0301448408652419,0.104860348597076,-0.0214660400970948,-0.0291180141986283,-0.0206190944234115,-0.0288618846263305,0.140043382748126,-0.101414078180629,-0.0302837373091415,0,0,0,0,-0.00773763671357607,-0.0292527091069622,-0.0876768453632721,-0.169705804563349,-0.331681479015502,-0.450427159282239,-0.3334452441419,-0.725447980985999,-1.86795663804181,0.771221730048239,1.68601506711697,1.24906831238675,0.307692117389027,-0.219233585091323,0.942549803280322,2.17540779124006,1.9982156168584,0.79695668150243,2.1172694580583,-1.48436323687597,0.807324581267547,-0.012932065364468,-0.793165635806885,-0.75393254185103,-0.739231458658251,-0.56208697030897,-0.471028302174274,-0.415289549292892,-0.283510764714514,-0.283302895964234,-0.342460718460474,-0.251679860236191,-0.261063429584323,-0.393499638929436
174,0,0.0705538289382307,0.28919549173676,-0.158535748371928,0.152726610434782,0.0800858030172659,-0.368375486108238,1.79025487080306,0.442135352407139,0.10985318571723,-9.41144728851732,-0.964918959186764,1.07630526120357,0.0519336007533344,0.207834429189175,0.461243904069715,0.194704865091742,0.28426094616513,0.0761211985763612,0.0562678938650478,-0.106121512285969,0.115905784033838,-0.131583968478039,0.0803112396374607,-0.0257428909246487,0.0253360488359181,-0.0990573861206533,0.0512283168971149,0.0344802524600324,-0.0220545078101854,-0.0228795455854961,-0.0261989368927832,0.108039077522712,-0.0836016186465963,-0.0417021324592981,0,0,0,0,-0.00724720878311035,-0.0283292132926246,-0.0835550731294656,-0.161590994691524,-0.313775423905896,-0.431577695592823,-0.346341535546492,-0.708104392514373,-1.74719216725273,0.830491070235725,1.69990725400696,1.24031859064946,0.271600098264177,-0.220987640636988,0.937251957703123,2.18557778258578,1.99283108577409,0.86908628225973,2.08078532355336,-1.41895350539653,0.966529531914085,-0.0149929064888957,-0.805895461938847,-0.759920616269062,-0.737331167453747,-0.547950276499482,-0.455735125832288,-0.405304415542313,-0.265238514232205,-0.265962279058379,-0.317382959855146,-0.241497989252898,-0.26420438673617,-0.398247759610232
174,0,0.067059984113063,0.274874452220238,-0.150685014933516,0.145163547089203,0.0813498535309773,-0.352050906232064,2.19546653336874,0.466519571665613,0.107896678969762,-8.34136681348012,-0.641477557234842,0.986327220728433,-0.265873495057034,-0.0932833288075464,0.182036399590288,-0.107630297481143,0.182951177214196,0.17850792691947,0.0430804853798874,-0.131923655599242,0.121809167466855,-0.0125821309584186,0.0115209497827073,0.0291875530862868,0.0517700280345853,-0.135820002273454,0.0467897376027762,0.00906059300848755,-0.0162454449041118,0.0127042412818475,-0.0183246196022561,0.0540838057317748,-0.0795870042452587,-0.00119265547064645,0,0,0,0,-0.00675679669644455,-0.0274056198718859,-0.0794540542199829,-0.153903800922674,-0.297347171440388,-0.417304190815835,-0.361473124559967,-0.698157461188391,-1.65265757606894,0.880642935864962,1.71279792370871,1.23086637293888,0.240927566478765,-0.200210833172712,0.947355205811848,2.17983369820376,2.03369755257953,1.04134964003663,2.03282881843387,-1.38668389119565,1.09032476584958,-0.0160125337534363,-0.809529299355189,-0.762449991072089,-0.7331753247757,-0.534117731083922,-0.443403325064535,-0.398412504137762,-0.254327539302122,-0.259130538831305,-0.301518591998031,-0.239815104446947,-0.271434306392195,-0.399928442522981
174,0,0.0635661392878953,0.260553412703717,-0.142834281495104,0.137600483743624,0.0826139040446887,-0.306168636480847,1.72943456708618,0.370609304367993,0.102893710269008,-7.89666461957373,-0.474529762888003,1.0616095705475,-0.293197120879596,-0.208147028828234,0.110617948892193,-0.35742343806488,0.106976908390548,0.193642698231684,0.0735578095776367,-0.0785027886698908,0.110267409182633,0.249171845482893,0.191533342945122,0.00414964571085224,-0.00640081130616459,-0.101998881616481,0.148548319489997,-0.017498409422371,0.00462491126470475,0.0296099037796437,-0.0370757164708851,0.0149379166520558,-0.0709502491315167,0.0569575546316123,0,0,0,0,-0.00626640068869142,-0.0264819304052133,-0.0753524091804538,-0.146427563837718,-0.281864350196252,-0.405665141073691,-0.37803655287131,-0.696689748981707,-1.58843930759316,0.940380250666135,1.73644678120809,1.21788528651174,0.216358200424414,-0.189975375436696,0.963653216149445,2.17869172740271,2.07594240046963,1.1362095087556,1.97627578923798,-1.36787404437176,1.19057458478338,-0.0124854008880743,-0.799466755769902,-0.751273588502875,-0.716802161928521,-0.51727449819036,-0.437359739140683,-0.402946188875779,-0.261973484486369,-0.268907647457248,-0.305604134432849,-0.250180529703793,-0.281390077019745,-0.399868446883323
116.5,0,0.0600722944627276,0.246232373187195,-0.134983548056692,0.130037420398045,0.0838779545584002,-0.163255649976158,1.39180054630929,0.294159599648171,0.103814560251645,-8.15158939514308,-0.964407076310305,1.02689104925127,-0.0533791221403907,-0.343917474430921,0.202720071771672,-0.265060190865948,0.192416902412412,0.246476524674199,0.195557857501796,0.0872063025220385,0.203402532901539,0.353988635999952,0.330137522674492,0.0268739021795961,0.0637896022947891,-0.0226075147580454,0.149207044027664,-0.0917776770554413,-0.0193884619392958,0.0925132517891965,-0.0724395317702864,0.047400906612114,-0.138867711629016,0.0223629390883788,0,0,0,0,-0.00577602099491741,-0.0255581464540541,-0.0712502759006871,-0.13896232557494,-0.266861694648197,-0.396889467426843,-0.398737670391718,-0.705183413157808,-1.55641746646612,1.04642390361841,1.76034516676349,1.19756274566577,0.197943968253111,-0.167881464306656,0.986605995592985,2.17098579794085,2.0705778559463,1.17460363694352,1.91852920734962,-1.33577741160822,1.31604834417986,-0.00208037593430375,-0.771890058855497,-0.727978711292226,-0.69398822563758,-0.496970653835089,-0.433293867873604,-0.414500034853497,-0.286737326173171,-0.296649670011843,-0.322652990527284,-0.27332871178334,-0.300552562342481,-0.402600103240081
124.5,0,0.0565784496375598,0.231911333670673,-0.127132814618281,0.122474357052467,0.0851420050721116,-0.028039981962526,1.23084092589575,0.304741020257449,0.0982444525800209,-8.14459964783354,-0.959612054898533,0.79123607272498,0.127355784485896,-0.495983412843895,0.200160466800004,-0.318802107564875,0.120933654522886,0.319668510384191,0.208128471609405,0.17235732430431,0.24099750720418,0.282439665897259,0.335952605488648,0.0268804411917501,0.0186028031216845,0.0129575535934798,0.128927341865523,-0.170626734587836,-0.0679191142748541,0.216287017706081,-0.0565521184316586,0.0833371510301558,-0.153458914388651,-0.0856825747289533,0,0,0,0,-0.00519646172895629,-0.0239839617532592,-0.0660480629782466,-0.130182933964277,-0.251172635236153,-0.38914324911563,-0.423472748860473,-0.723677396510402,-1.54871570883657,1.2423882553093,1.77835093367331,1.17514796170646,0.195291875676693,-0.125492986844309,1.01505530355086,2.2001122211599,2.04003830058392,1.24621530522028,1.88130861416152,-1.27885236762455,1.43581292474294,0.00881095391898988,-0.744261885261352,-0.71120977058256,-0.674181271113217,-0.482376320014435,-0.437144081832081,-0.431802297636825,-0.312767446806946,-0.330993403714491,-0.339149315092169,-0.300053290622001,-0.321981833460198,-0.398783094123168
190,0,0.0530846048123921,0.217590294154152,-0.119282081179869,0.114911293706888,0.086406055585823,-0.00915108182980778,1.86849142342946,0.424860621776248,0.0844941595516886,-8.4263983919522,-0.682542189965214,0.534722011384165,0.21303155197888,-0.402169417577722,0.179578624487175,-0.350553775563202,0.0315759848584275,0.380819260318245,0.188520816216631,0.064053566069263,0.144715255073071,0.115871651272088,0.33635325574352,-0.0290326346175864,-0.127740604042688,0.0438018839325477,0.206930792924844,-0.11829745570633,-0.10312182056869,0.235766481270979,-0.0554818611646924,0.0382463882120341,-0.0337533284242965,-0.111154100498352,0,0,0,0,-0.00451794601286692,-0.0216174608252097,-0.0594918477927965,-0.11985068033918,-0.234954623710824,-0.381191917827725,-0.448308282520072,-0.746575916301844,-1.55861173573291,1.46388889077118,1.79503320853717,1.14981568786811,0.223227126681611,-0.0704264156673242,1.0473534885885,2.21159590938064,2.03664871982514,1.35650985508118,1.8484245736666,-1.21364447341381,1.55057513233671,0.0162525396072439,-0.722198419135662,-0.70502188155066,-0.660058258852678,-0.47813103733427,-0.454379801469444,-0.45269958724377,-0.332428232836768,-0.359546502152555,-0.351525514030749,-0.32109884221622,-0.337108901931771,-0.386059219323098
190.5,0,0.0495907599872244,0.20326925463763,-0.111431347741457,0.107348230361309,0.0876701060995344,-0.005753130428807,1.73957999272926,0.445681015947927,0.0950936955448029,-8.83574725664174,-0.33739240451292,0.412853525046607,0.119697797823016,-0.252782260653269,0.0614388064744532,-0.337298979119509,0.127921495129576,0.417560686609297,0.148596419976258,-0.0175196733104849,0.0738425102195481,0.00775458451992169,0.186008089301597,-0.0951283065888084,-0.240901535790915,0.0817943384507205,0.344820589299801,-0.173994204341507,-0.120042431943327,0.124176843641112,-0.0297067571398754,0.0138170084142936,-0.00782833834688636,-0.0793784289492479,0,0,0,0,-0.00387273666506257,-0.0192396639984422,-0.0529049009032978,-0.109648874111183,-0.220218182117942,-0.375265383307114,-0.470708225776913,-0.767869822499478,-1.5922810398283,1.6027136513726,1.8071755001321,1.12495774899192,0.287227305194855,-0.00854075042165272,1.09816551014378,2.11042554495522,2.09451359475291,1.49997870486143,1.80298046489631,-1.15278878630558,1.66158115611514,0.0234280186117748,-0.694877144265136,-0.698480304460158,-0.651567405557704,-0.480170948074829,-0.477302034131345,-0.472963285442227,-0.352635069458687,-0.381540004387239,-0.363503620139229,-0.338303604068917,-0.350199366739797,-0.370021007187605
190.5,0,0.0460969151620567,0.188948215121108,-0.103580614303045,0.0997851670157303,0.0889341566132458,0.0284465465239953,1.74011386334985,0.331968934236523,0.131248542971665,-9.20584870605485,0.0229938800494428,0.614671246815732,0.188220308297632,-0.0728972693905331,0.0612693171621361,-0.40773755935911,0.199249007383546,0.480035017114905,0.154102192979882,-0.0355274545870114,0.100146263736823,0.0393975772265314,0.0769704656591099,-0.106349302778077,-0.272431793461252,-0.00957431250766876,0.298761497118707,-0.219424246069225,-0.128960651049927,0.0781247626807186,0.034488831858356,-0.0123841169695759,0.00624117196998733,-0.0567739985620506,0,0,0,0,-0.00336589585301786,-0.0172533667227323,-0.0469709550314835,-0.100443425060357,-0.207654517502304,-0.371951501216293,-0.492739213558411,-0.790509572574974,-1.63277675451148,1.67103640871631,1.80568556890134,1.08885637430682,0.370633637100661,0.0591693979518946,1.17151747525078,1.95143140642873,2.13866243247187,1.5888084373159,1.75470220746019,-1.08724713954425,1.69984910913091,0.0256899321462591,-0.669415023287772,-0.69095320778604,-0.647613219608128,-0.48599383457623,-0.49860772762891,-0.488480159855969,-0.371366714351756,-0.397646983181701,-0.374734729655233,-0.356523795555994,-0.366916903197951,-0.354874289915504
144,0,0.0426030703368889,0.174627175604587,-0.0957298808646336,0.0922221036701515,0.0901982071269572,0.0443340647195081,2.49650100645111,0.358009547075202,0.162193728093297,-9.34201913329792,0.607336296731602,0.974375825687989,0.403868682665798,0.0877224173139855,0.317433296874728,-0.473966648157308,-0.020497762202646,0.344433193018615,0.181440831115287,0.0217752715918494,0.104701080628563,0.0176183039412138,0.0973108661273075,-0.0163284661325658,-0.139121742820582,-0.1674157099446,0.0924527398712995,-0.147598920287006,-0.0970929329844054,0.112093576658213,0.0426871522087016,-0.0342990171217012,0.0772838645846698,-0.0377029719959549,0,0,0,0,-0.00302624448872815,-0.0157261148207959,-0.0417935058708037,-0.0924075517537614,-0.197258491408496,-0.370452817826458,-0.513762894009494,-0.812648709690284,-1.67142298290649,1.72201406227291,1.79562477094122,1.05110039741731,0.471568449065799,0.171786706557717,1.27392466053421,1.85028005779121,2.12490498722515,1.62248049010117,1.71851852302812,-1.01429154330807,1.69457642960525,0.0261438546367312,-0.647765514753746,-0.687878934046729,-0.645511897926044,-0.495278976452374,-0.516335759114317,-0.492944296175187,-0.388190696836292,-0.420332298213879,-0.390633029255425,-0.374073151418716,-0.379432331909172,-0.343734475750549
98,0,0.0391092255117212,0.160306136088065,-0.0878791474262218,0.0846590403245727,0.0914622576406686,0.0500165322563511,1.82682139748128,0.45550773950589,0.179200340106605,-9.07093490140547,1.50028100200583,1.33781567409356,0.424189093980793,-0.017879555117392,0.320444513557836,-0.447540345947592,-0.287824198262538,-0.0458616595954925,0.0339263060193157,0.117756372049177,0.133905294260325,-0.11571733801841,-0.0261851135075753,0.0469410628088814,-0.00801074094688551,-0.152068713264128,0.0850664166227383,-0.185110933622343,-0.0854020553300965,0.172529965391515,0.0279643049302759,-0.0334933652848018,0.110808556309613,-0.00648179234743163,0,0,0,0,-0.00277222351564002,-0.0144233471650051,-0.0369885231887667,-0.0849472729540074,-0.188252923895092,-0.369348277085134,-0.532665131470162,-0.836106061231352,-1.7132666968965,1.75146532820761,1.79587756355191,1.01957780672495,0.595305663999272,0.328894740511644,1.39085947159896,1.78762852995903,2.1031067742837,1.63599492900028,1.71225224049838,-0.939368010944079,1.72768960688853,0.026989406803183,-0.632000753853208,-0.688653807579439,-0.638786555722626,-0.505587655181073,-0.534449546393063,-0.496313840104572,-0.410335897488906,-0.44866422293842,-0.411120612746476,-0.387344435579778,-0.381930230464948,-0.335872439371376
98,0,0.0356153806865535,0.145985096571543,-0.08002841398781,0.0770959769789939,0.09272630815438,0.0773026637595258,0.977143522872254,0.548695753804719,0.223524317908232,-8.96611476265861,1.89566465342277,1.42157307098146,0.332701332095839,-0.133065512124796,0.210219743652778,-0.350707238682446,-0.278661846126604,-0.227630929461665,-0.06685514944896,0.170825066078789,0.216293577827892,-0.0987371341241142,-0.159833530077245,0.0217161995556664,0.0839507126781357,-0.096848244229998,0.144127575338253,-0.179178100807857,-0.12811835846332,0.136936447395747,0.039413237821756,-0.0229123865925288,0.0326880164441204,0.0189614099009432,0,0,0,0,-0.00253406588217165,-0.0131606327770421,-0.0322553949075845,-0.077674635910319,-0.179997623304491,-0.368637492876432,-0.55191693455845,-0.859004823236559,-1.76349688100312,1.76165778899498,1.80811519031729,0.997054506395494,0.748344297753947,0.485692868856366,1.5038594967247,1.71581781845275,2.08108764765564,1.65743298068639,1.72276578553355,-0.881990332045556,1.78224016888889,0.0287508245827785,-0.621865058339089,-0.690659129067864,-0.634084583664072,-0.520658087816077,-0.554703563780673,-0.506481570161298,-0.436400497907253,-0.471925244052443,-0.427233057178882,-0.398554933602076,-0.384873800816528,-0.327654740639474
98,0,0.0321215358613858,0.131664057055021,-0.0721776805493983,0.0695329136334151,0.0939903586680914,0.0877084871847839,0.878533246376106,0.574137631560057,0.284197740913327,-9.0923924528362,1.97847808247073,1.51619004178801,0.393588029600405,-0.107497502825747,0.22591579221378,-0.176348650769352,0.01393384772184,-0.241424469489111,-0.0959247656157062,0.111119802677255,0.264242897528801,-0.0331301303406445,-0.178862122563512,-0.00201322221096622,0.0848375987717584,-0.0719474065904958,0.0844481046328127,-0.14642755157993,-0.071332841300958,0.0923593919024358,0.0716316334338053,0.00261700765476882,-0.0816436132457338,-0.0198473764723616,0,0,0,0,-0.00229591087842792,-0.0118983265334851,-0.0277391138983189,-0.0714012771674162,-0.174119327593356,-0.370967077567792,-0.571558293946054,-0.874489324470532,-1.81788682212974,1.76705628810581,1.81604533046986,1.00446325115688,0.955864470664347,0.624382184062771,1.62510178598127,1.72154689606936,2.06284958393289,1.71230867324763,1.75457206632899,-0.842627946643828,1.83540193809644,0.028192171680738,-0.621246228543567,-0.701443168227704,-0.644400753971858,-0.545605915777088,-0.575621807388405,-0.518990008489418,-0.462068051321412,-0.490402912522826,-0.436167620270412,-0.409039608025188,-0.390382819462745,-0.318049350143344
113,0,0.028627691036218,0.1173430175385,-0.0643269471109865,0.0619698502878363,0.0952544091818028,-0.0224912637728718,1.23796313380237,0.538549916225669,0.313374947261505,-9.11620934417032,2.16398733902018,1.54632301186726,0.35457362076181,-0.182182461195385,0.141001157447997,-0.178802149745198,0.232674346179533,-0.210442269104526,-0.16347794534765,0.16268325920055,0.331364402855356,-0.0584134333781999,-0.144649438401287,-0.015990873978679,0.014459615848004,-0.0615884786387322,0.126088796272385,-0.10133397553796,-0.0193766608111818,0.056382320948062,0.0512567372893113,-0.0441908842423339,-0.0402856839995452,-0.0452022289905751,0,0,0,0,-0.00205775853138007,-0.0106364322572741,-0.0234446016365104,-0.0656131799053071,-0.169815948762912,-0.37571592683763,-0.590420083232335,-0.882758116150819,-1.85944572242166,1.77269517413785,1.81127489026512,1.03615652785467,1.17383982133503,0.739267704180278,1.76192458567182,1.71711011286897,2.05513047021712,1.76936444429657,1.79422287170668,-0.804909836662189,1.9123676447506,-0.0189176589719189,-0.70866020587785,-0.790920516348993,-0.729421145735314,-0.638236674398302,-0.65378205772678,-0.585796779689191,-0.528792821268164,-0.539131549899124,-0.468720347790127,-0.432878234906572,-0.402664670408287,-0.306237954655239
114.5,0,0.0251338462110503,0.103021978021978,-0.0564762136725747,0.0544067869422575,0.0965184596955142,-0.214084815555225,2.00627983423551,0.598878260327046,0.357692069821339,-9.2752865961512,2.31974127930004,1.37622088969904,0.179014246798051,-0.203333842127633,0.0616556355132454,-0.266544956016237,0.0986386733659892,-0.198903341946167,-0.175784435988814,0.26275751052244,0.346995011376607,0.0146837385224125,-0.0414542048496947,-0.0924017140391476,-0.13997777089603,-0.167763597211234,0.202178970617597,0.0264943213968712,-0.0690232571944275,-0.0237528156243648,0.0373549333506646,0.00347426565499277,0.021719798311895,-0.0273598646990105,0,0,0,0,-0.00181960886799757,-0.00937495376360676,-0.0194760713573839,-0.0602672517401344,-0.166722777229617,-0.383982813778663,-0.616508867986645,-0.89246794877617,-1.89431393412592,1.77118864733731,1.80501081902668,1.08655777226772,1.35227522762511,0.819731689676178,1.90051879415021,1.68069896834216,2.05560543248512,1.81216175999489,1.84333792736626,-0.772300127551228,2.02779709791337,-0.0670957600108258,-0.796332734263105,-0.868315054982794,-0.804987744045715,-0.722604004615147,-0.722153308085738,-0.649912577226759,-0.587619001140171,-0.580752912554279,-0.499625917250261,-0.452458778250519,-0.408906677854265,-0.294971281375461
103,0,0.0216400013858826,0.0887009385054563,-0.0486254802341629,0.0468437235966787,0.0977825102092256,-0.351240905171587,2.49652782141828,0.594552013942736,0.437520943291354,-9.41762861444805,2.49149195508403,1.32752897876485,0.234407957865572,-0.0783685185869396,0.0854093690620697,-0.189253931139242,-0.105148120977631,-0.272419301021143,-0.229744521129472,0.237621216605211,0.250659724951041,0.0171826463729568,-0.0478714115756904,-0.0409898899221871,-0.128435989716766,-0.173153800846078,0.0646094584103972,0.0485216583559666,-0.0458094253416404,0.00576025813533135,-0.0239125490119454,0.128923812189711,-0.0111504158463411,-0.0272526426656363,0,0,0,0,-0.00158146191524801,-0.00811389485987353,-0.0161960130972661,-0.0567615334486869,-0.167192071720134,-0.399544646907579,-0.659374311180263,-0.914342711643508,-1.95417376636305,1.76290348546132,1.81389136952736,1.1490542509239,1.48757882945152,0.874043448680357,2.06514505595869,1.68567381775796,2.05958231169857,1.89322976661648,1.91868817787194,-0.745401260580354,2.14967096990555,-0.0737499410419671,-0.802825450059159,-0.856374831752636,-0.798808862549574,-0.728152934587986,-0.717613561775907,-0.654933490458538,-0.595634513433554,-0.578990596655563,-0.502271849061356,-0.456522341927117,-0.403372069522796,-0.288234864581787
104.5,0,0.0181461565607149,0.0743798989889346,-0.0407747467957512,0.0392806602510999,0.099046560722937,-0.406462105030622,1.84660988519918,0.527626993830815,0.497596777386915,-9.40436254917238,2.47541798712008,1.15716535000493,0.279185097519215,0.0203010145282769,0.0956175385789041,-0.159779504267395,-0.189278512482604,-0.153194171898041,-0.232506472022167,0.215215687229571,0.151852132755578,0.0337195275290022,-0.0971418976902273,0.0222304817814679,-0.0628652069515905,-0.187359217449181,0.062044147287054,0.0217158593162482,0.000561450027330291,-0.0196559852760591,0.0355560645713596,0.109006088242909,-0.0590759701649422,-0.0472266072150601,0,0,0,0,-0.00134331770009718,-0.00685325934559455,-0.0135740392072529,-0.0549134609108322,-0.170109344468793,-0.418951210302176,-0.711386105377446,-0.945213432043659,-2.06742509422489,1.75666865666514,1.82748062201827,1.22506933587434,1.58956787988931,0.908246914824721,2.30009290308195,1.70192861047297,2.06974511652384,1.96642050407438,2.01282212967056,-0.721506482531844,2.26746885775938,-0.0785121781393949,-0.812341632441701,-0.848068830916125,-0.790287298852496,-0.731394681276534,-0.711465139871019,-0.655916601033767,-0.598815266145462,-0.577597966502749,-0.504402015487244,-0.463423840617241,-0.399776030763934,-0.284655426973152
104,0,0.0146523117355471,0.0600588594724129,-0.0329240133573394,0.0317175969055211,0.100310611236648,-0.434983844539396,1.5500539339064,0.433811598511442,0.516698545341939,-9.12445776906039,2.48870714900154,0.71362318268881,0.146423245494904,-0.0168193276394641,0.0466109410397729,-0.152057108377962,-0.390866459939038,-0.0903222203378497,-0.0528429565416927,0.134307474917949,0.142037270545045,0.00492532050265394,-0.174882691780697,0.0644696773855737,-0.0131850760775986,-0.193072975510554,0.00648228953351483,0.05651241249906,0.0617039581962569,-0.0359449156370648,0.0225040679884896,0.119519390708443,-0.113712396210157,-0.0352572611960337,0,0,0,0,-0.00110517624950897,-0.0055930510123562,-0.0115245355593408,-0.0543935728733948,-0.174195290258079,-0.438843615641915,-0.764164180213628,-0.97632532398262,-2.20867722401447,1.75854912391248,1.82885260098258,1.31269422176417,1.67698988012189,0.925357476301548,2.54239552659051,1.72229744015047,2.07997022210983,1.99373414363355,2.10912391743074,-0.70379378448304,2.41972875359151,-0.0795102703453799,-0.819312707538846,-0.844132195673518,-0.784523269476613,-0.73911014100936,-0.709868247692847,-0.655517175192077,-0.594785194831017,-0.576948031021691,-0.504156110690689,-0.466349769778596,-0.392021894787193,-0.282410514451496
147.5,0,0.0111584669103794,0.0457378199558912,-0.0250732799189276,0.0241545335599423,0.10157466175036,-0.44996597946134,1.67358631645694,0.48483582769704,0.565715802824429,-8.90944935991364,2.55081428436871,0.229245227458287,0.129721096065015,0.18848752965023,-0.177031023988443,-0.271514140171781,-0.431264206461521,-0.125589984010577,0.0331621622677882,0.125099081100026,0.0738378362266066,0.0243885222244291,-0.143710925184143,0.167783380701622,-0.066775282727522,-0.244883065525372,-0.00415119742972283,0.0713274982344606,0.132691567287153,-0.0690946553045217,-0.0257118917963447,0.14800670306673,-0.0818188577088483,0.00792252433382112,0,0,0,0,-0.000867037590445464,-0.00433327364374876,-0.0100514138062393,-0.0552581090891437,-0.179771073307482,-0.460069684780163,-0.819279769602617,-1.01019195456593,-2.34969699667681,1.77066281959056,1.83104442084622,1.41722695785604,1.75774394907419,0.959322720168399,2.67988940659622,1.74788629282964,2.08385014567742,2.0092204589805,2.18906958441491,-0.69806162349125,2.58358662262541,-0.0829759727938018,-0.82213990871758,-0.836511865669456,-0.779870028167028,-0.746406945989439,-0.710747901229982,-0.665720035340859,-0.591994558815457,-0.567423009670026,-0.501921832422447,-0.465724464987528,-0.382369807113703,-0.281531354077543
191,0,0.0076646220852117,0.0314167804393695,-0.0172225464805158,0.0165914702143635,0.102838712264071,-0.465196511106447,1.97014226774973,0.537252557336904,0.616949220786652,-9.11525946069601,2.52819682730478,0.29638828849105,0.181622913632277,0.500847854448904,-0.0455724266467876,-0.24125472016754,-0.332426132646041,-0.119801583040836,0.0637219407930248,0.154568665748781,-0.088293411149491,-0.0718876847113874,-0.0098192053206274,0.223817286916975,-0.0707907102863086,-0.276793900464487,-0.108405689325786,0.147457204141382,0.136511506140743,-0.134310159125595,-0.0450670730510341,0.11618477597192,-0.0376481084537708,0.0410079670429196,0,0,0,0,-0.000628901749866761,-0.00307393101530306,-0.00896933424323929,-0.0572493950706891,-0.187290980648578,-0.485449341295998,-0.888710149177963,-1.06639115774226,-2.4807351215108,1.78473423396894,1.84301064155536,1.54157915613882,1.83928875451076,1.06592839126991,2.73277245879543,1.78247847397947,2.08188641296335,2.01987858102388,2.25822366687368,-0.702653008055135,2.71320402902348,-0.0890277112025816,-0.826042521865059,-0.829589239131789,-0.776908473305543,-0.751200165291024,-0.710656993749573,-0.680886832939506,-0.587468895919151,-0.549290439573137,-0.497154195532684,-0.461441966590697,-0.374570241745426,-0.283924005484176
143,0,0.00417077726004397,0.0170957409228478,-0.00937181304210405,0.00902840686878468,0.104102762777783,-0.478771786473228,1.88446655855853,0.567809602501767,0.601229620852569,-9.6662247397585,2.43356897856203,0.788117501016632,0.385446094397047,0.457368538757608,0.230901842714768,-0.212347783769149,-0.226885557164964,-0.10163892150464,0.0975113632271634,0.155768102885623,-0.122200033096807,-0.17631578453838,0.0841681171803951,0.173697803680281,-0.0243110695486554,-0.272213466756323,-0.120665221506589,0.143345669370511,0.143984525530632,-0.0629396755598928,-0.0784652447192897,0.0493492980790748,-0.0277935242645467,0.040209052383072,0,0,0,0,-0.000390768754731071,-0.00181502689442895,-0.00804915034452395,-0.0599899971481188,-0.196569356468283,-0.515745602987491,-0.979125468871038,-1.15212671514954,-2.60361668862729,1.79668234219115,1.85663008295363,1.66064524833492,1.91718858854499,1.28541592883728,2.76827764913968,1.81737739620442,2.08453047803853,2.04000715462861,2.30428087493305,-0.715994921373641,2.80019062285651,-0.099854698303572,-0.837033677196888,-0.827226828426121,-0.775104600849813,-0.75293760261727,-0.708750408958481,-0.686678640481524,-0.577822133790206,-0.532040007620761,-0.492117565302624,-0.456141410552095,-0.365728093986434,-0.286588313839194
97.5,1,0.000676932434876249,0.00277470140632609,-0.00152107960369229,0.0014653435232059,0.105366813291494,-0.472262156572914,1.17955170088915,0.632947811333937,0.58130943948569,-10.0254545981345,2.49866787696652,1.00440559167413,0.552149081958399,0.377760802313968,0.275621839234719,-0.213142640218374,-0.0787005372876862,-0.152484726153071,0.0039039851237025,-0.0022041307445612,-0.140508848085787,-0.223314652315337,-0.0325989044374372,0.12463098055479,0.107367685308071,-0.168120122033012,-0.0126016520328265,0.121023869898405,0.11756118227509,-0.141742313501539,-0.0137679889811515,0.0420871172000069,-0.00437899049247047,0.0138970570981043,0,0,0,0,-0.000152638631994664,-0.000556565040353436,-0.00720275068932612,-0.0628365019638698,-0.20582326735794,-0.546206800030989,-1.07904634046081,-1.261573850054,-2.70293262437375,1.81581743117357,1.86993320040375,1.76467886362318,1.98392205853553,1.66457099983183,2.79852758719104,1.84638980892515,2.09220572776708,2.06627094629599,2.32803835795731,-0.735049176671729,2.85464546784188,-0.112284602555446,-0.850691133815578,-0.825807026884321,-0.770767783503698,-0.752154892177322,-0.705024990063963,-0.688521949244327,-0.566579428021864,-0.519372413211641,-0.492770116124459,-0.454003062674363,-0.357172939683651,-0.2857465323746
100,1,0,0,0,0,0.106758652175397,-0.448468980293078,0.915895354058101,0.490693320606272,0.55434605150513,-10.2897677968541,2.41691543209681,1.01356582591132,0.520440851930003,0.333959849954037,0.19236711561336,-0.299444882153966,-0.155691882534515,-0.240452838475914,0.0415612105485817,0.00573281148709125,-0.152589288122203,-0.110776158787053,0.0191601035281242,0.154007326189296,0.11793118067029,-0.172578266312738,-0.0377995468341631,0.131841614096839,0.0578997130047423,-0.0805221166659723,0.0343491763494681,0.042268812511033,-0.00848223827550255,-0.0220510311416195,0,0,0,0,8.54885913880772e-05,0.000701450795940398,-0.00635711887124684,-0.0652566332965493,-0.213832778347921,-0.573922038572844,-1.18068760353285,-1.39080281182269,-2.76000752492074,1.84426001205693,1.87870080120454,1.85770215829718,2.04238482111449,1.9757751501866,2.82645804010565,1.86808026226775,2.1019982838868,2.09327459477102,2.34558851054757,-0.753167166513293,2.89279406580448,-0.0817168101647135,-0.793640696129018,-0.762741845967105,-0.70940745488832,-0.697217547476019,-0.652653026884997,-0.644265326044856,-0.518003966099564,-0.478936428526488,-0.475037535801359,-0.440649742820588,-0.341341775105413,-0.284872408684128
100,0,0,0,0,0,0.108179980683191,-0.427193717997486,1.36547348826694,0.617111050252659,0.540672129898492,-10.7436575868498,1.8534575441948,0.803311793176588,0.399696056737527,0.209849862181382,0.134165239497239,-0.254525750644945,-0.342524201591161,-0.296825461493587,0.0760013867719359,0.0924686256969923,-0.00358651542428904,-0.0778025148834856,0.0884052831311375,0.216280366070196,-0.0666808679857107,-0.291544967911285,-0.0605871064446633,-0.0107198687943224,0.108392573217331,0.0900998642025344,0.0297957506443594,-0.0635947177739502,-0.0353037735487682,0.0514313960406301,0,0,0,0,0.000323612888464828,0.00195901687177514,-0.00551225505367539,-0.0672700390747105,-0.220563470431436,-0.598437404575968,-1.28148970922891,-1.5454517647689,-2.79847880503649,1.87402212879607,1.88337063700768,1.94508284302755,2.08973597203677,2.08356041033568,2.84562645550129,1.87275276635602,2.11463158014784,2.11925940556205,2.36078178690731,-0.775373870202781,2.91993217846198,-0.0377844424266256,-0.718604563556149,-0.692506472617367,-0.64110114156942,-0.635072633720752,-0.595191755449804,-0.585607370990581,-0.468105927998032,-0.43336849917315,-0.453237929630178,-0.425933813569341,-0.327394901360761,-0.286506349373729
99,0,0,0,0,0,0.109601309190985,-0.423095068180454,1.86670510937846,0.591641757111147,0.542527909289986,-11.1227264133496,1.49119618322029,0.580369198599257,0.204307785567095,-0.0273483579364905,0.0707932553198207,-0.152147285675228,-0.263820957450513,-0.249074020687954,0.0448121268970871,0.111001156954334,0.144700376017897,-0.11033393242707,0.0594380632340651,0.0993417972632127,-0.047703800190721,-0.160190069593112,-0.0393924925011129,-0.0315633706807227,0.134358498776248,0.00385240275856301,-0.00236226992140984,0.0302085372976987,0.016792491681161,0.0430505794250489,0,0,0,0,0.000561734232285231,0.00321612945283914,-0.00466815939531894,-0.0694736348005568,-0.228006940305724,-0.621833351891014,-1.37698820415758,-1.72910801616798,-2.8229223706792,1.90787936409534,1.89506328363678,2.03755172532105,2.13226202243792,2.1524683981432,2.86378365845434,1.8669456935499,2.13321922828133,2.14716074162617,2.38331069823936,-0.801617990004767,2.93776758914374,-0.0200720281257752,-0.703267875303544,-0.691561998650649,-0.629257914149734,-0.629792338312758,-0.587970937518523,-0.565747771115023,-0.45600729513541,-0.416029985185313,-0.449763179546112,-0.418549573547742,-0.320416346402674,-0.286450098750074
117,0,0,0,0,0,0.111022637698778,-0.416459485588981,2.0518898368598,0.366277204745962,0.472776093811588,-11.2512753997078,1.4701990110346,0.54866528610717,0.355361993043017,0.120734071734883,0.174878554156835,-0.0286933829603981,-0.101204242556786,-0.188418548705843,-0.0433727007885277,0.00853779834503085,0.0615720242266111,-0.0224169884137578,0.0331108673786734,-0.0118784855625296,0.0509974733571748,-0.209343267524738,-0.0606620502981983,0.0505220347641502,0.136600180466135,0.0853108101666321,0.0290222224587491,-0.0305722336643296,0.0295453687464475,0.0501462684823861,0,0,0,0,0.000799852595900938,0.00447278481324687,-0.00382483205021771,-0.0718373272558278,-0.236252557845797,-0.644142497615391,-1.46067390186891,-1.91593556666288,-2.82768981067519,1.95339049415532,1.9145842467354,2.13201102438446,2.17340438112475,2.219421231617,2.87722462240864,1.87584759966963,2.15579313227769,2.17997590977029,2.40833255902981,-0.833389157440064,2.95308536194206,-0.00708906969168137,-0.694497582322173,-0.697196923846173,-0.626675025331668,-0.629766756896689,-0.584443405217519,-0.552820262868595,-0.447639681713657,-0.399971593141098,-0.447841813802467,-0.409929565289047,-0.311879221114281,-0.28099654297215
130,0,0,0,0,0,0.112443966206572,-0.429748438492158,1.53603405607148,0.417663763099949,0.409822289119236,-10.2848258274366,1.32892290728912,0.367955616971765,0.327460980123803,0.0141225345992614,0.186392904647933,-0.0255175647989396,-0.101278087578303,-0.0877402320779232,-0.0744471986515062,-0.0671642878386699,0.077965845211446,0.0536676185011192,-0.00228774438426796,-0.0508105480704808,0.0937995698339033,-0.186318254961744,-0.0157373752066402,0.0619761176288317,0.0488961365246863,0.00163007115199622,0.010915995281557,-0.0470066296667282,0.0062038646490909,0.0148243457950259,0,0,0,0,0.00103796795236556,0.00572897923559847,-0.00298227316776045,-0.0738917063734273,-0.243954783858785,-0.66383156734236,-1.53111237692452,-2.08208102323644,-2.82525758286632,2.00944772359804,1.93978225706582,2.21867995784172,2.21050149884331,2.27723171617514,2.87722293753331,1.91238007399968,2.17570725165365,2.21899838622599,2.42960168670349,-0.874524851089929,2.96317198033957,-0.00051291423405477,-0.691959216339722,-0.700126628082997,-0.627254036981683,-0.624641312661163,-0.57616767246861,-0.545781554439413,-0.444844885001139,-0.382350172033535,-0.449821695204384,-0.407827539879022,-0.308597794153003,-0.27339004785659
124,0,0,0,0,0,0.113865294714366,-0.490712076667657,1.47769478631301,0.454405904848887,0.409639839318415,-8.62004938369579,1.10308204863391,-0.0120534597596828,0.422882039744234,-0.537439921741384,0.231384665941484,-0.0654507685267156,-0.245876952502242,0.187252408576373,-0.00705361864864424,-0.200005883590651,0.0322653822746499,-0.0157311701349593,0.146635452663506,-0.0945121992038091,0.0215898647988659,-0.0336828037614113,0.058209272768827,0.0837981848131751,-0.0493122052860377,-0.112217223313748,0.0288148191838609,0.0930257904155855,-0.0316039377000071,-0.0658509113978233,0,0,0,0,0.00127608027473485,0.00698470901103999,-0.00214048289269921,-0.0759446212585479,-0.252374684011183,-0.684778391907816,-1.59267729550564,-2.23116982526045,-2.83340663994087,2.0718866583691,1.96321028869572,2.29838076609957,2.2421805543153,2.32425126345729,2.86634319636516,1.95460275572634,2.19685474218116,2.26081935406733,2.44754275234925,-0.923626294061855,2.96761770785083,0.00523874795262255,-0.697655732459463,-0.708259533317371,-0.625989143436924,-0.615953212035582,-0.56817651385321,-0.537550032590332,-0.442923097807947,-0.368260151800492,-0.447184942473504,-0.407149995041823,-0.30961587391432,-0.266585774984541
124.5,0,0,0,0,0,0.115286623222159,-0.532948159897625,1.66716474373822,0.482316338532561,0.428252973722017,-8.5392472966764,1.07974972022502,0.0977113374879532,0.308604081794071,-0.525838946285626,-0.0640491126612665,-0.323686697642908,-0.206496665926677,0.182292898644104,-0.054766457155164,-0.219495459913614,-0.0726453093452827,-0.0184384894224345,0.256219857114307,-0.123928238510509,-0.0401336389439447,0.0090302599790534,0.196832321185726,0.0949829869790953,-0.131834965824023,-0.192186346251877,0.0397069738035168,0.164112325552007,0.0160812319646044,-0.0955076239578376,0,0,0,0,0.00151418953606659,0.00823997043932198,-0.00129946136516499,-0.0779960561908725,-0.261425237058549,-0.707342815797809,-1.64862142861879,-2.36872409458366,-2.85371605192295,2.12983563729759,1.97961610939559,2.37538672959767,2.26709584134223,2.35979174412459,2.85122254925046,1.98980541651885,2.21536933389282,2.30099851814983,2.46259835214232,-0.958669796240621,2.96212048971077,0.00883715993896074,-0.705627261075532,-0.713567001333347,-0.622627606413097,-0.609813054797607,-0.561681215981088,-0.52856791150742,-0.440237750347487,-0.360581014580667,-0.440663996969721,-0.405816850614421,-0.311728180267874,-0.260338555118144
125.5,0,0,0,0,0,0.116707951729953,-0.516696934965865,1.71516491963203,0.509682891067253,0.442313587897505,-8.96214344730961,1.73525725006636,0.24520924210722,0.458325701019098,-0.280834008332887,-0.094645832229684,-0.311338759764975,-0.198951249781211,0.222735353181188,0.137666845643286,-0.134521597477532,-0.0380342508150208,0.0116173996346149,0.243273226932224,-0.0254321442045971,-0.248781169556563,-0.0527662392468648,0.0989009956847836,0.114998363330588,-0.0295026099978384,-0.146879436660255,0.0897854125165188,0.0959569265374449,-0.0409901108355372,-0.0109016284358944,0,0,0,0,0.00175229570942064,0.00949475982885829,-0.000459208720682982,-0.0800459955225664,-0.270827839120398,-0.730068711021854,-1.70239884819636,-2.49820379473809,-2.88429494150012,2.18136405943169,1.99591932204687,2.44072769771088,2.2898472816669,2.38842356308809,2.83634282180004,2.03050404942541,2.23297586559054,2.34408339035596,2.47242612126243,-1.00816078988976,2.95292900035142,0.0134321607294417,-0.710024846374784,-0.715638649189355,-0.619140383581253,-0.607797535675528,-0.551677742335947,-0.522810386665647,-0.441051205143935,-0.357510985137931,-0.437357861562485,-0.402053288944042,-0.311439232436834,-0.255288662667571
92.5,0,0,0,0,0,0.118129280237747,-0.456501239098371,1.71492880777066,0.451019953826773,0.445780921267929,-8.69798122228366,2.46302721838121,0.353674396135678,0.541411060983908,-0.0260048533772312,-0.139213276800416,-0.273484289809293,-0.320315276837749,0.303006136223675,0.169456687266142,-0.201546901731343,0.0196360351725815,-0.115350888921187,0.275557991186351,0.176757618726738,-0.386060399012222,-0.187237451923114,0.0893096317016041,0.194684184040889,0.0793238061778213,-0.105454653231948,-0.0430245804948634,0.0906417641101495,-0.043836160195368,-0.0575946419205216,0,0,0,0,0.00191136760532599,0.0103385563063352,-0.000286104368733553,-0.0829565505256433,-0.28161732411433,-0.753617812481343,-1.75085887797819,-2.62072479105014,-2.91480095907902,2.23599707001614,2.01454914387344,2.48674968820293,2.31519459593572,2.41911255264615,2.81763836806956,2.07571154296247,2.25089775356726,2.38712689718906,2.47711482128126,-1.12386230483183,2.94714037622989,0.0183817536758843,-0.710837683352171,-0.724077989051723,-0.619630205604798,-0.605293283468197,-0.539992292855242,-0.517473649805932,-0.444076417214544,-0.353559780130009,-0.431797687920208,-0.394299083202882,-0.308154322917589,-0.25257167190546
120.5,0,0,0,0,0,0.11955060874554,-0.29549117522766,1.28137330308614,0.461572145323265,0.449789349622916,-8.68332358843907,2.57360629989585,0.0719340807196897,0.572355060982986,-0.116136202175562,-0.350412196352874,-0.268021861503808,-0.458451765490325,0.328173375597898,0.223727078866193,-0.308754162197883,0.148972228782843,-0.311073866649792,0.311427686762378,0.120972508287574,-0.632809076446236,-0.0596269999623178,0.151942123341817,0.296168070348484,0.0531341076357281,-0.0841210329712763,-0.00536919335729414,0.0634579256759795,-0.0165612214114193,-0.240472867509035,0,0,0,0,0.00191234308483372,0.0103438393647096,-0.00153679870043358,-0.0877654058718797,-0.295109466865787,-0.779354151661361,-1.79463815095794,-2.73242668537313,-2.94652321003046,2.28924913219307,2.03482707300783,2.52502365073857,2.34283837156243,2.44900257216605,2.79817662427257,2.11627547582905,2.26536101314062,2.42685927068986,2.47650302735847,-1.26062977042227,2.94338837314158,0.0132084375042479,-0.71866943257542,-0.740145388624621,-0.622396595550326,-0.60258930081535,-0.527210202882314,-0.516536568044898,-0.445458034729594,-0.347409233881936,-0.425342494911162,-0.385239707317213,-0.306326662909405,-0.249845092578769
182,0,0,0,0,0,0.120971937253334,-0.193311652795276,1.98245441192273,0.421597532645087,0.421000171171282,-8.69435701911334,2.61245595980401,0.061548268541629,0.653733286506885,0.0373392562312555,-0.34670542476144,-0.0967402465216856,-0.311221899756335,0.294673324566407,0.347882666050484,-0.35072549199216,0.125171396448962,-0.447453852832209,0.350771045968401,0.0553479248124315,-0.530607485109644,0.135684732918087,0.0348649143197574,0.18683401419932,0.0324966982087495,-0.104975596282906,0.0989985832040891,-0.0533041692701301,0.089441802858873,-0.175133328809815,0,0,0,0,0.00183430485968035,0.00992121652939851,-0.00354619147716696,-0.0936146276340662,-0.310541389042211,-0.808004342677344,-1.83833971480982,-2.81835817517484,-2.97381295085689,2.3401376246993,2.05221924051463,2.55572136058728,2.36838160861946,2.46815337691823,2.77862207820671,2.15601974446532,2.27560958512666,2.46294229727494,2.47245252756897,-1.39194378052262,2.9437512080754,-0.00338518197144904,-0.737069587686933,-0.756718756481114,-0.628257362772907,-0.597997075766616,-0.511816497095568,-0.521807038333868,-0.443552470787032,-0.345272534478707,-0.422511886273767,-0.372959538084214,-0.305480593870318,-0.244193931400028
154,0,0,0,0,0,0.122393265761128,-0.258206293875356,1.80853097496253,0.341176452536431,0.375705389839264,-8.52671103927242,2.59122233631652,0.0905240021704381,0.444033570972769,-0.106458837184383,-0.215635822205396,0.0594997585008264,-0.495211238715954,0.243869350305314,0.353916470551979,-0.413805415462386,0.122049316868235,-0.460195054089723,0.3751095567268,-0.0626596406936626,-0.419975739575574,0.134998975668308,-0.0457064778759556,0.21544171978539,0.0657121712777507,-0.166941425003151,0.119244276154966,-0.0746843157115034,0.108831709940661,-0.088019552529048,0,0,0,0,0.00175626690935395,0.00949863798724342,-0.00555517231224517,-0.0994683210957652,-0.326723670722203,-0.838638462359981,-1.881176241382,-2.88201200990174,-2.99399056252002,2.39478597595807,2.0700462011981,2.57728906792111,2.39308576951054,2.47761214451455,2.76034625340406,2.19500404946584,2.28339380011005,2.4943760815106,2.47117756121931,-1.5822283566455,2.94606081013562,-0.03113800683496,-0.753274884142059,-0.757689270671688,-0.635528729427611,-0.586893574031798,-0.495651155201806,-0.531210103694119,-0.440361732135833,-0.349870890414789,-0.42178377285618,-0.36027939458427,-0.31060584491798,-0.241849863106475
125.5,0,0,0,0,0,0.123814594268921,-0.346514505582493,1.08856190750874,0.353989964490344,0.436286511132838,-8.43922803009073,2.70975006886009,-0.000555577395827344,0.244131588581396,-0.0353407107529232,-0.136061382918827,-0.0337184224402659,-0.393609585993865,0.37013764497511,0.363796411463557,-0.437621141367311,0.119031454227398,-0.524097177579099,0.353435230188589,-0.0057741018191451,-0.365029730140481,0.102981963814908,-0.0540154554520625,0.277236191482231,0.0345703287336003,-0.193721915904662,0.0389357917544548,0.0217967665628292,0.0551784392883486,-0.0722988042825956,0,0,0,0,0.00167822923480357,0.00907610388217971,-0.0075637251209871,-0.105329239235614,-0.343536064563588,-0.870556824504121,-1.91840661241989,-2.93458532468787,-3.01927509859185,2.4504170495663,2.09367151718069,2.59698870984958,2.41527131141491,2.4856584993644,2.74417173863269,2.22358656097273,2.29256185809014,2.51842307677429,2.4727667138085,-1.83807862667813,2.94892817494649,-0.0678109655267873,-0.766205705597035,-0.746973375280368,-0.636627044053856,-0.573519218824375,-0.484218855273149,-0.5428055266619,-0.440104757968969,-0.359714887959804,-0.420348820332101,-0.346849614788107,-0.318430354825434,-0.244920906972773
144.5,0,0,0,0,0,0.125235922776715,-0.3896760305548,1.52377215134908,0.492963052820567,0.532444027101717,-8.38542816656848,2.68499960807222,-0.0565699197879908,0.229332087522078,-0.051148747985586,-0.128758927498609,-0.0838702092827677,-0.286926283415797,0.373627741598755,0.358353560914036,-0.446049559387846,0.150243842666716,-0.614736220732289,0.372374986825298,0.0981090709367131,-0.426668805121402,0.147037720978377,-0.123710041175667,0.335641760873123,-0.0415711107837683,-0.178026036353543,0.0698832787052349,-0.0311804698449103,0.0840405054273581,-0.0337095006777277,0,0,0,0,0.00160019183697821,0.00865361435804883,-0.00957183383937944,-0.111299996560985,-0.361089952330814,-0.903025111881778,-1.94884435720017,-2.97739860804382,-3.04499270354405,2.50627330081251,2.1181400452692,2.61407644573687,2.43776017550144,2.49118706891166,2.72645829436536,2.24298087738403,2.30515223866434,2.53759709357992,2.47218791497696,-2.05521272226846,2.95491950689579,-0.108578382246483,-0.77951370156672,-0.737569002815659,-0.631112626041847,-0.561735190104564,-0.480732709163364,-0.554740456162149,-0.440337529162846,-0.369037710896689,-0.416845550103066,-0.328129250311913,-0.323009969490746,-0.250105178766888
121.5,0,0,0,0,0,0.126657251284509,-0.393447867749302,1.28278060474803,0.559826334079129,0.545622627160726,-8.34763762226363,2.71596370826899,-0.129466175496797,0.181722693685562,-0.0863334690089915,-0.0899878335629016,0.0391065588511351,-0.234764244501098,0.354781538797852,0.273346910145226,-0.478363954205319,0.166712149952946,-0.583952584237114,0.372319976238867,0.229399362667987,-0.485568430518001,0.141910072622815,-0.154585739813019,0.283043278511689,-0.0932852901158686,-0.0747928240418018,0.0874370218166206,0.0324061354252031,0.0906353894152221,-0.057536667207746,0,0,0,0,0.00152215471682686,0.00823116955859826,-0.0115794824248374,-0.11732427170888,-0.378685535748175,-0.934692651739966,-1.97724135417373,-3.01402487388256,-3.0613281415521,2.5656011700991,2.1382156006224,2.62305485872671,2.46101484282885,2.49620126738687,2.70887737762818,2.26168324214588,2.32125948517312,2.55145856792219,2.46915301615778,-2.20418135493463,2.95920929176412,-0.158586194356136,-0.793561102062687,-0.728989042566756,-0.627267429377597,-0.551045092518482,-0.479326227229347,-0.564078070874329,-0.436747496414455,-0.373215532167178,-0.414467452389758,-0.306740886819761,-0.328685785916107,-0.254095177069498
91.5,0,0,0,0,0,0.128078579792302,-0.393447867749302,0.789469876497891,0.541183344633196,0.524737601569367,-8.37565137795897,2.75103388589707,-0.130644788348736,0.0980639760894313,-0.0324914686034325,-0.102291295131182,0.117177389414173,-0.305131690744133,0.333159699581417,0.20478815070582,-0.565744995051088,0.135527440920966,-0.513695534037511,0.33944312001977,0.327844555529609,-0.431619450698232,0.0754657025493937,-0.138604313532997,0.253646539199186,-0.121770529054112,-0.0790235731925803,0.125924120423991,0.06961746455102,0.0279517006213122,0.00957966631327401,0,0,0,0,0.0014441178752985,0.00780876962748123,-0.0131730996645733,-0.122220061921568,-0.393595746889878,-0.962253898512514,-2.003783262373,-3.04464497222964,-3.07298938390832,2.62150871538203,2.15449859547301,2.62686130423767,2.47928820012751,2.50302812097564,2.69109671074393,2.27885803735378,2.33741916301361,2.55726887955237,2.46295555197947,-2.3210217442887,2.96040428304872,-0.218165755995664,-0.817457991513336,-0.725160345851523,-0.627567384725167,-0.540587706330209,-0.476617517473354,-0.568230762527458,-0.432955025726907,-0.374478415621996,-0.414265379647545,-0.284885209436156,-0.334330056988613,-0.253557335721746
97.5,1,0,0,0,0,0.129499908300096,-0.38914932770224,0.916881473589241,0.599200104929755,0.502863079834928,-8.35657572609485,2.78955758848058,-0.158064088559241,0.018817604563234,0.0943778167727017,-0.123409086715616,0.239565845469798,-0.377034742094922,0.286071587544787,0.213010181325946,-0.557154148828082,0.156261681558414,-0.501480564973018,0.279168334737805,0.345103154583208,-0.390879129522519,0.0793405829156638,-0.103766866099075,0.184458206865024,-0.0386443444775471,-0.192994731658004,0.191038952660041,0.0481281567873022,0.0462947041700754,0.00380061865250473,0,0,0,0,0.00136608131334207,0.00738641470825636,-0.0143421905355077,-0.126087412183497,-0.405807131603602,-0.985070770173999,-2.02681947127361,-3.0698602923245,-3.08471887303716,2.66982799611506,2.16880865247053,2.6317072140602,2.49478938919209,2.50770107710782,2.67240089776855,2.29626088131272,2.35148372904554,2.55903372063856,2.45908675458924,-2.42780150404632,2.95867758405835,-0.287040974308829,-0.858788709357329,-0.725165590675177,-0.628245275826002,-0.531480082595237,-0.47971003461011,-0.576904872133984,-0.42864815262825,-0.375244449142514,-0.413019729449841,-0.264637327829122,-0.343433100887598,-0.25120558000242
91,1,0.0597399062237719,0.205980548700827,-1.24389535309982,0.0920252969314583,0.111190520358845,-0.380374724048994,0.791715217342341,0.601514255049293,0.449484124713938,-8.35806674983318,2.81095171723828,-0.139206376738336,0.0466038193664196,0.157822063743311,-0.206357407301116,0.368996904433001,-0.474738983380215,0.26390379396115,0.255421103008167,-0.569622394194592,0.158213661209387,-0.463860710864543,0.241971815441172,0.372803452937623,-0.460755177786247,0.0769851371221753,-0.0855410595304314,0.143683900220331,0.116961916133646,-0.265149766844453,0.225400198599052,0.0328878229955737,-0.0342805308431472,0.0522272358578434,0,0,0,0,0.00128804503190653,0.00696410494438754,-0.0154302245264102,-0.129479397842418,-0.416410202511986,-1.00363364289309,-2.04447001705753,-3.08854802007594,-3.0897855334462,2.7167578932568,2.18231482513506,2.63707827292946,2.51006267396622,2.50977508447771,2.65494022387905,2.31484493813867,2.3632747017818,2.55695909909336,2.46049428275072,-2.53243613876932,2.95591121394881,-0.380750209193902,-0.948360207963997,-0.748116037582469,-0.653887982239613,-0.553472404753537,-0.51485322835726,-0.610283117258539,-0.438304892634002,-0.397476227433899,-0.424772162377709,-0.255462164486395,-0.362558402868199,-0.253329707176633
91,1,0.117753997111456,0.398691910499139,-2.31170073620865,0.162866941687395,0.0943837914925006,-0.373835146498052,0.770148826825581,0.622087775403688,0.42202252391175,-8.44779765230689,2.80933630741605,-0.0210466063794204,0.0829461290594352,0.158872973925878,-0.155348048863215,0.370143551644902,-0.566724326928078,0.301996424826073,0.199278643856056,-0.52444758606583,0.0614349136855207,-0.336054133744596,0.186917599264927,0.398988785259408,-0.497877937533178,-0.0506962651495377,0.0452944711022574,0.0415370393826782,0.231833555226462,-0.236221173331735,0.134912195287872,0.124193166870613,-0.105207339088653,0.0757672678676785,0,0,0,0,0.00121000903194076,0.00654184047924344,-0.016352379684908,-0.131730463368022,-0.424278420445095,-1.01616849363212,-2.05610016138383,-3.10436696622671,-3.09131216045726,2.75886585672297,2.19293989139436,2.63911847036231,2.5237638775524,2.5121958189655,2.63746613223553,2.33017544300067,2.37440670407228,2.55140726657914,2.46312545072499,-2.64325527807829,2.95443150339002,-0.473742258543279,-1.038966698285,-0.756896029608905,-0.667878355920333,-0.570397178567039,-0.547376646785179,-0.629344808169467,-0.441368768768389,-0.421216676083566,-0.43147112462582,-0.245722397418485,-0.379439409150308,-0.257572460301706
90.5,1,0.116175477174206,0.410788726100418,-2.11910426191817,0.16227091225172,0.0944574766419064,-0.371009220156893,0.827600576460146,0.62251115871759,0.450040006945509,-8.51526855549294,2.94387854006663,-0.00902052228675176,0.0485971005520217,0.2406990166074,-0.168132225456649,0.2975840185411,-0.476281827479637,0.296409434499691,0.146493882397367,-0.467337149943599,0.0744004649508699,-0.28685187824027,-0.00176576331597831,0.535875515410747,-0.513731341789418,-0.183410766537227,0.20976164734884,-0.0642244392038085,0.243987845274361,-0.178745564385766,0.0443280078591358,0.20996405192984,-0.122404078734935,0.106269789708236,0,0,0,0,0.00113197331439366,0.00611962145609741,-0.0171108170148064,-0.132928078570221,-0.429826080343381,-1.02395814296562,-2.06168421314057,-3.11618625353909,-3.09314156072225,2.7932609411507,2.202203530694,2.63975772750699,2.53460468511618,2.51373136778932,2.61827959103118,2.33938958413978,2.38424458247032,2.54552149505729,2.46589595087328,-2.74487626910986,2.95133966383714,-0.546599507410536,-1.09374020726274,-0.726352015427453,-0.636386251166207,-0.556070373719063,-0.549955765896274,-0.61647401293996,-0.420153649137492,-0.423428197274793,-0.416177629606241,-0.226368500321989,-0.383171854100041,-0.25870500976974
89.5,1,0.102620732109171,0.435653044123533,-2.0767281047886,0.195097606449478,0.0920276744930801,-0.371609368240171,0.877470985267942,0.619558088670855,0.458484956625654,-8.49965203342322,3.08881651888961,0.050031508694752,0.00309405022061131,0.201236860069398,-0.219953263367332,0.0984011911433574,-0.306601400701837,0.222457368108065,0.132839712487153,-0.333154261951864,0.0313263328865586,-0.305194681842293,-0.0176989970179405,0.477420674209326,-0.440895607486511,-0.223578785124833,0.181662018642309,-0.0171704937565948,0.184439638200865,-0.0941323496537045,0.0255105948653178,0.174504974196486,-0.097139485176168,0.125373111390232,0,0,0,0,0.0010539378802141,0.00569744801812715,-0.0176709489555806,-0.133131791492738,-0.433644199915375,-1.02853719913036,-2.06153203463332,-3.12186515598303,-3.09623487280261,2.81966427643341,2.21343835369228,2.64086836254851,2.54202792986805,2.51499883583613,2.59756576909682,2.34128225159126,2.39194607365558,2.54186768773967,2.46736735533642,-2.81824245449619,2.94654325658125,-0.614878305904101,-1.15915858714923,-0.701890435252451,-0.597668353890968,-0.548082759964717,-0.552602126423025,-0.60108963750785,-0.399155383097618,-0.426607231468928,-0.398960086783025,-0.207299075083199,-0.375262702156432,-0.255802269919514
89,1,0.0868178393877855,0.455533102400739,-2.3500441243084,0.202811116393916,0.0869796283400718,-0.378260277634937,0.861569151815291,0.628527228252127,0.469912008648007,-8.58565993878035,3.17656609776964,0.0649642098214395,0.0657284250779708,0.162980500079155,-0.234873581903381,-0.0654087460908841,-0.24434211144067,0.0463007858853993,0.0671560248173249,-0.201582328618942,0.0359548430649386,-0.388769412877933,0.068049428371987,0.371999051729921,-0.398794971735129,-0.150527134086133,0.0913590474817204,0.0124348405256638,0.147745916598794,0.0147250702530249,-0.0429508364246447,0.167591932600159,-0.104552062074788,0.115620180757854,0,0,0,0,0.000975902730350949,0.00527532030841452,-0.0179549859259237,-0.132195791469922,-0.435360087449742,-1.0291340649408,-2.05615208335271,-3.12552107054739,-3.10190537168918,2.83804798657459,2.22532806582211,2.64292003218747,2.54992101620719,2.51495762784657,2.57578137699777,2.34001953623294,2.39915533934044,2.54035969393168,2.4673521312401,-2.8769826388837,2.9423867096747,-0.67361540748938,-1.22517179617037,-0.682795657600625,-0.564312765540765,-0.546607598811884,-0.554215511537126,-0.579923188633406,-0.37177641793873,-0.426262959213306,-0.384974351703456,-0.198625837373158,-0.36886534536817,-0.254030254565478
89.5,1,0.0896172475976599,0.47018220885389,-2.23247351461768,0.1887725434382,0.0853940185776671,-0.383794175871186,0.805611441026591,0.662763382045203,0.481882147237552,-8.65996036863404,3.23683297846251,0.0470713951982627,0.238952196167248,0.218233763860261,-0.277441931884177,-0.071296336890332,-0.215723549813161,-0.203651168224548,0.112243462723889,-0.0358040841123049,0.0214607900985739,-0.412629105710605,0.183404147266827,0.213268076449197,-0.31748919359243,-0.168583317232229,0.0640580980077411,0.00732575993443815,0.187069519489455,0.0507180554120366,-0.0239801922799606,0.0649166982538727,-0.0253657743996955,0.108916297541871,0,0,0,0,0.000897867865753015,0.0048532384699451,-0.0179057280240879,-0.129893499994588,-0.434186762823262,-1.02399547243684,-2.04550228602903,-3.13025623380332,-3.10839946320764,2.85399934248171,2.23740247702945,2.64527489465478,2.55918877142146,2.51463295839428,2.55406204554595,2.33731214869934,2.40772983838521,2.53738938637578,2.47086224017663,-2.92048495550891,2.93862937573838,-0.726596019595508,-1.28872705801118,-0.666476200295238,-0.548542642010401,-0.555787676828344,-0.549662897731147,-0.547685445448769,-0.33138978598119,-0.418028527882843,-0.377815336810013,-0.207133311261904,-0.371410380626479,-0.253245449990329
92,1,0.115366204849752,0.479656355359223,-2.72114892647481,0.179182846196588,0.0901337606039968,-0.388050496099712,0.738727802642296,0.674954100686726,0.472185624486041,-8.66359441236411,3.26428214667893,0.0993156779173817,0.358159393482984,0.274645913313582,-0.415754903756248,0.0238554886575824,-0.336358820193253,-0.306100574325405,0.107557138175581,0.0230164109290174,0.0347395926331265,-0.33055534123631,0.157298114851749,0.168888210166979,-0.233128290058682,-0.289471069976532,0.0609302719661726,0.0714266797004671,0.250332405391785,0.0952216021050325,-0.00729049163976611,0.0388016404092713,-0.130513863612515,0.0975700799867451,0,0,0,0,0.000819833287369107,0.00443120264560802,-0.017536739482875,-0.126091574940107,-0.429301550943006,-1.01221429904719,-2.02954624339034,-3.13354853940048,-3.11203016256353,2.87584198532105,2.25067726650812,2.64949250282177,2.56934664142624,2.51601963130081,2.53234583645851,2.33320028492056,2.41471076843844,2.53283365205205,2.48050773182715,-2.95812314406272,2.93449173745781,-0.768939084816911,-1.34597996246775,-0.645805210914002,-0.541884225214438,-0.575188358319548,-0.545460203600959,-0.514840612832527,-0.29490385544935,-0.412204773171373,-0.381713452336796,-0.234651315238107,-0.374148450356894,-0.253411495517931
98,1,0.136965443823057,0.409733199071321,-3.48510567609942,0.186115594857736,0.0916565322751734,-0.39845453543435,0.70494367069055,0.639326880916337,0.454876616794293,-8.53812486374256,3.2723177045085,0.0117866210252739,0.271031354111321,0.324402768017397,-0.430431045159776,0.0411266646171277,-0.361157482248602,-0.272047072925519,0.187717978999335,-0.123580225770992,0.0934346394134405,-0.247352150583017,0.0219662561082287,0.343658848618589,-0.355219234250106,-0.306711802161845,0.0580467931046918,0.0684418415143973,0.298426516517047,0.0675560321542739,-0.00595469135706155,0.0722179524957035,-0.0800863862517086,-0.01098959387071,0,0,0,0,0.000741798996148008,0.00400921297819572,-0.0170229684525025,-0.121294631594155,-0.421691058955229,-0.995807991221795,-2.00893172149308,-3.13326485465701,-3.11494995335764,2.90058017164041,2.2638179595326,2.65594452280928,2.58073619236098,2.5200141945835,2.50821850604988,2.32936272942867,2.41766549724515,2.52816150618919,2.49305207964627,-3.01176658836733,2.93195137234849,-0.80005834863013,-1.38851480410689,-0.615196768475831,-0.531618034562954,-0.594802606002344,-0.542862463258988,-0.489638859794275,-0.266742546436054,-0.409768904095198,-0.394300247556979,-0.274992962932483,-0.382710000748917,-0.261428831596986
103.5,1,0.148701068060399,0.371917887339164,-3.7859756353846,0.142035311291034,0.0986605828672358,-0.408859756535696,0.505557968892985,0.577460025020733,0.433745790215256,-8.4855371666762,3.32198304833442,-0.136914479614296,0.329782280588163,0.323080797657395,-0.481695641988608,0.0564605546381521,-0.417062676207215,-0.163938191039701,0.243005997680872,-0.221390949491608,0.126241396629556,-0.262620006056513,0.00611584196690135,0.391069888699704,-0.451590349121832,-0.258252311436349,0.112946256029807,0.0683786212398073,0.289310453568547,-0.0395452078542153,0.0243985135371771,0.11230068288323,-0.0971799411563235,0.0145955470794982,0,0,0,0,0.000663764993038501,0.00358726961040374,-0.0166300593986638,-0.116569317827355,-0.413769380765544,-0.978513351254644,-1.98648936074101,-3.13052051011901,-3.1198356074111,2.92211347656327,2.2759005645059,2.66246089431941,2.59199021873314,2.52470643624587,2.48378373768241,2.32654072222679,2.41978497474758,2.52160975701536,2.50686145297816,-3.06292576373477,2.93184327736206,-0.811630913565799,-1.4071311001903,-0.585387460350956,-0.535230490968534,-0.628438806108955,-0.545466914691584,-0.470437830424182,-0.253548483100082,-0.404891827988852,-0.394860999701937,-0.294144621702055,-0.37750153242546,-0.263845111428389
105,1,0.1375975336261,0.374011075949367,-4.36353192926379,0.168089573888277,0.0884002770083103,-0.43020910230951,0.305138679139214,0.498039918991734,0.414971396100925,-8.4252987141496,3.25626588740838,-0.19277259801789,0.422260452862845,0.323153951461842,-0.551571721118634,0.150578014348857,-0.42839650291384,-0.15543830110248,0.319983859391226,-0.333729362362211,0.113825313879922,-0.234446259077476,0.0975927437068682,0.319195497182712,-0.430589532930755,-0.194226852843813,0.0681663204369985,0.100561956103732,0.226464103206649,-0.131731360169578,0.093375966802013,0.102359644407803,-0.0598530023255317,0.0323790425097695,0,0,0,0,0.000585731278989321,0.00316537268483023,-0.0164616733248844,-0.112565095754562,-0.406894667998876,-0.962915950073929,-1.96466248962888,-3.12447311868385,-3.12574671144019,2.94182480014699,2.28623602728466,2.66823429683215,2.60359327403344,2.52890657409312,2.46134467937503,2.32509983940232,2.42195165819327,2.51416016019063,2.52153100813143,-3.10280660876433,2.93332537588253,-0.783457118745608,-1.38961415217978,-0.585331694254994,-0.568969338370504,-0.671894781879184,-0.55096719913774,-0.473572434221164,-0.276208909222346,-0.394995533365181,-0.374628861224492,-0.296141306060596,-0.359146927006135,-0.255226339590083
106.5,1,0.151912923853325,0.362528616024974,-5.30805263140502,0.122322660167253,0.0817559559669204,-0.46344797765424,0.305599588664848,0.474432517210054,0.416010180624348,-8.4352865270229,3.28115407254606,-0.120918913243713,0.348836481994274,0.329166315123716,-0.544101394353797,0.133299375537873,-0.40752641316689,-0.0876632027458734,0.304811624519703,-0.29217119755626,0.0894980362304056,-0.320913370499541,0.18028134334286,0.283300325810327,-0.367237341298169,-0.187602573969651,0.0384517423872759,0.11605687285937,0.158532079039418,-0.123171741786646,0.166984019066954,0.0350563747885905,-0.00225179238909506,-0.0510678726593254,0,0,0,0,0.000507697854949189,0.00274352234397585,-0.01651318630255,-0.109054320718319,-0.400378521009819,-0.94903337122645,-1.94576121697314,-3.11820117828872,-3.13350442147283,2.95917335281186,2.29398633529402,2.6711709769884,2.61425580743282,2.53175154522381,2.43913162785869,2.32315138303312,2.42084507415438,2.50306755444968,2.53711046898888,3.13474535059259,2.93640222322177,-0.725097598298428,-1.34658118937368,-0.610904545111854,-0.62656834790028,-0.711899586973354,-0.555474793580659,-0.498559688322139,-0.318617087711973,-0.386111666159562,-0.350438010393201,-0.296155259273478,-0.334635854332747,-0.237039595616371
109,1,0.126443174278569,0.366523297491039,-5.94787027226206,0.190017988079545,0.0878658064516129,-0.480784316853683,0.521267943466505,0.483867554460743,0.419273695290047,-8.66841660045211,3.33827307841652,0.180900941176493,0.215230191721439,0.295417311697597,-0.353383978294738,0.0162757883732953,-0.15748480300088,-0.0330558495629392,0.212959573610299,-0.131362748505947,0.0326786982546611,-0.390210079639704,0.190590881479772,0.146390907175726,-0.169721197180717,-0.0662547032821438,-0.0893585985618999,0.065871043537256,0.0708668253398717,0.0472100006277001,0.00234227652444373,0.0105751886259229,0.0315969684385546,0.0265304599739076,0,0,0,0,0.000429664721866803,0.00232171873024348,-0.0167875292038538,-0.10611087847281,-0.3942352652601,-0.936829958579991,-1.93142518248824,-3.11474933897019,3.13850688386332,2.97122127985207,2.30076912290845,2.67322810316637,2.6226910242931,2.533593551912,2.41673465551109,2.31899191014537,2.4175269122043,2.48964269728125,2.55457321225333,3.08256722211461,2.94035566700342,-0.660040654590525,-1.29694332005385,-0.634370247191035,-0.695718692388192,-0.751586528682787,-0.565508432440885,-0.52764219190415,-0.362851083383771,-0.388870749655073,-0.336754715901475,-0.289426007582696,-0.301663087415367,-0.212322415641906
110,1,0.131527170395209,0.347594794556745,-6.42686114519926,0.18249119708768,0.122573127229489,-0.477629043180519,1.08625205473405,0.420257298835558,0.412610269215628,-9.01003317689992,3.04002437245177,0.499871597234502,0.414278151898451,0.304776265809753,-0.165384537686398,0.116377681044261,0.0799547407651033,-0.085225047265643,0.237503680023384,0.0282043962497687,0.0010006129019496,-0.385394473615258,-0.0557414926385379,-0.0320805343490494,0.026246409186126,-0.0133362758036331,-0.140538091073353,0.140399831616127,0.0405330400762553,0.0830777396146874,0.0513171483241049,-0.0371334081097611,-0.0173615772161119,0.0291616983276836,0,0,0,0,0.000351631880690863,0.00189996198593806,-0.0171920476165528,-0.103896647557349,-0.388824055422828,-0.92584319848743,-1.92010702628609,-3.11323871029821,3.12594177657573,2.97925125231756,2.30844177212071,2.67727041269752,2.63005112213354,2.53624787034506,2.39501835228351,2.31164344410322,2.41499653113373,2.47927930770417,2.57256953267343,3.03377267964926,2.94120815189569,-0.60219787451797,-1.25385686105467,-0.661711010856863,-0.764002596950818,-0.780498626554031,-0.572924152320489,-0.551887774108391,-0.402901881890664,-0.39550423107382,-0.333887709106586,-0.286098138153296,-0.278110412625421,-0.189640776727719
110,1,0.130603899079007,0.354292508917955,-5.35833572583904,0.16239823647426,0.0979310344827586,-0.468428969802691,1.42023425021057,0.421274102503621,0.410186221232338,-9.23485548103816,2.83652619134942,0.998077269722468,0.438128835741582,0.13795572001405,-0.0495874829157495,-0.0481643846215971,-0.144344110666796,-0.0379282555809904,-0.00472145686202735,0.147097896344042,-0.0238768058737439,-0.24008299442575,0.153842713915642,-0.134551832896021,0.0409256161426668,-0.0516531237908271,-0.151829913800108,0.126772403811045,0.111004687145944,0.0171332545619228,0.116662474129278,-0.0235099572520715,-0.0517626613808243,-0.0498301057440398,0,0,0,0,0.000273599332370017,0.00147825225326603,-0.0176312455873445,-0.102153677530403,-0.383383707335594,-0.914317138528787,-1.91122970563318,-3.11544695689696,3.11339949914345,2.98219728125179,2.31882291265681,2.68321532050982,2.63847679459644,2.53825535592866,2.37481747838771,2.30228202612322,2.41096536378059,2.47187429277084,2.59027227368216,2.9289672723588,2.94115672213739,-0.543916376112089,-1.21090890611852,-0.688073608707838,-0.817902106845942,-0.800949821225551,-0.584693442296716,-0.577412283095976,-0.447951415447203,-0.410150814711307,-0.345518227463768,-0.294050834413916,-0.26747966788251,-0.172391356194961
110,1,0.135162428434216,0.366040012063939,-5.33283112003892,0.150400336023761,0.0943574277001441,-0.465323400183788,1.06857176502791,0.473208263079241,0.421674719911937,-9.25424423045319,2.43408279386722,0.911030877514264,0.616400683004522,0.0187759033992944,-0.0924248406486407,-0.113943769592617,-0.0429307516437179,0.145816334082479,0.0981837001029394,0.100727306546682,-0.109072895801104,-0.0476042149115222,0.263001650307251,-0.301082232154308,0.0946769772801938,-0.0489612389871736,-0.114600073414151,0.0469483035580783,0.122299045673624,-0.0167715212820194,0.0400280205950626,0.0858099330016444,-0.0880341835639128,-0.0936075156851448,0,0,0,0,0.000195567077852901,0.00105658967433533,-0.0180897932281406,-0.100844261532915,-0.377859636638405,-0.901829655953476,-1.90315390340392,-3.11922633104457,3.10124225466784,2.97964362556537,2.33081977258798,2.69276580574484,2.64977301075735,2.53907356998379,2.35566061725911,2.29293289452783,2.407405599274,2.46545538487909,2.60856669368269,2.8213939124219,2.94697135248365,-0.483167391076916,-1.17215711160889,-0.721116418867272,-0.859149082689067,-0.815611824373099,-0.603580686372244,-0.603150825874225,-0.496925574862113,-0.432752098812254,-0.368567427475843,-0.310906313898516,-0.266838597444273,-0.1607417479303
110,1,0.136745166249831,0.371884782450436,-4.83112733085167,0.170111312973123,0.0872362833361644,-0.469507149991775,1.06387335006918,0.47676753144875,0.427689785527315,-9.43311227198172,1.92486778304057,0.612390498452741,0.482619843091953,-0.0948127617463185,-0.141638323602362,-0.0971798916107423,0.00508527029329258,0.129543242397255,0.13894352131968,0.0971888101549788,0.0308178195032488,0.15559183276748,0.4201669172669,-0.219639496942934,0.109273494237378,-0.117750669387202,-0.0167242520574128,-0.0365805193111344,-0.00230761740065433,0.120230325927166,0.0415032864568373,0.016857008364389,-0.122295709552954,-0.0556316490989684,0,0,0,0,0.000117535118088129,0.00063497439115501,-0.0186517639204549,-0.100098885337227,-0.372577078658579,-0.889091322078079,-1.89456585386754,-3.12178343046017,3.09021834422286,2.97298406955341,2.34328995484156,2.70540143792766,2.66252807224816,2.54022078401261,2.33584250582114,2.28134675433802,2.40395398619757,2.4570905874236,2.6298381420334,2.77593559350399,2.95220846425908,-0.421311210814264,-1.13724608520844,-0.764006088841461,-0.891763339494056,-0.827972020492435,-0.627308603637633,-0.626097992646179,-0.535087257162638,-0.449725715839896,-0.38853590607289,-0.322232377183527,-0.268729257762181,-0.152585387246752
110,1,0.154007472820719,0.393813640962511,-2.98312693492483,0.192923603391577,0.0979445850076146,-0.473652522692937,1.32227072164133,0.522516752764719,0.42279313600899,-9.84220394026031,1.94923149299172,0.763297518634958,0.435914916069703,-0.00729457814711387,-0.0633265808514152,-0.0328634329838296,-0.0808336052345694,0.0962275663709762,0.110782492734042,0.226362752181314,-0.0915253553185283,0.0676568216233794,0.231133178463951,-0.143821814249693,0.259620013647239,-0.118935055722635,0.0502210182394246,-0.00971432036215643,0.157670651450423,0.206800572332269,0.0402775715110599,-0.036224513973471,-0.0370166121294364,-0.102348629143067,0,0,0,0,3.95034540243134e-05,0.000213406545635145,-0.0194149856338598,-0.100100958846855,-0.367891539893907,-0.877095125726393,-1.88773533098073,-3.12352411297908,3.07885453390489,2.96048567999596,2.35772025120231,2.71964688959043,2.67415581184461,2.54205152404938,2.31392506060292,2.267071277098,2.39974971978214,2.44205514540349,2.65335703230004,2.7198887987128,2.95624623375996,-0.355802845840056,-1.09946925049892,-0.804224679547415,-0.918031206720915,-0.840142962675282,-0.654819278369175,-0.645338096127406,-0.56253639698153,-0.462322029434437,-0.403644799953334,-0.330219164599628,-0.270394675770008,-0.14827751222945
110,1,0.179400219163682,0.429165644673371,1.39404497153555,0.201927444625442,0.132558662415175,-0.477328048024356,1.2130450053326,0.439523238476617,0.379819964560579,-10.3356306660329,1.86793377820273,0.813237498873564,0.352711624928661,0.177010742568901,-0.0249122653235566,-0.0444138913301948,-0.022439537867053,0.0808203705340476,0.182757451304548,0.222420578582563,0.0219710316911118,-0.0824788305796398,0.273721079564216,-0.016790729427948,0.0181454743915931,-0.206920489700125,0.0386985899860117,0.0248075566911483,0.283461126091381,0.0529897483118594,-0.157091999971199,-0.0406975396029945,0.0283580476253407,-0.0660702447181212,0,0,0,0,0,0,-0.0200254310158941,-0.100397166413763,-0.363195323925798,-0.865026740503334,-1.88164317991576,-3.12377159224861,3.06890748669482,2.94647517696228,2.37488604580561,2.73670757800916,2.68508729287228,2.5467478600558,2.29446020358089,2.25400535730528,2.39951760033292,2.41643736382716,2.67353938509187,2.67473885011677,2.96183904807715,-0.293188174845077,-1.0635024590548,-0.84554484177971,-0.948849558266118,-0.853294522785013,-0.68135951634559,-0.663458702519207,-0.583202393907033,-0.473052384407319,-0.417048231792549,-0.3372944714345,-0.270572433311505,-0.145314675313071
109.5,1,0.152212212105169,0.361303647693062,-6.36717249992439,0.297517491927633,0.150551354757404,-0.502160020979264,1.2015142669516,0.281182526166504,0.280444438908192,-10.6601511724356,1.77748021516593,0.813211537905495,0.301242751817466,0.102148570765877,-0.0106482861075864,0.0811694667463438,0.134745219278068,0.142016347878645,0.186970893909065,0.137740055696792,-0.0537557622784002,-0.0407377527081895,0.178277823440171,-0.0935448765696042,0.0107874621919296,-0.120708229784463,0.0956320505972443,0.0914471055543908,0.073112036419759,0.129039516078639,-0.0248137965518389,-0.0483810702853447,0.047417587555008,-0.00977858997082336,0,0,0,0,0,0,-0.0204559870861515,-0.100911054891749,-0.357972853590819,-0.850812722709615,-1.87346748809978,-3.12952178272146,3.05729688919453,2.93093258992797,2.39546189098381,2.75708087112215,2.6995343842309,2.55991823384238,2.28022854423823,2.24223511853291,2.40810083805107,2.37668675076616,2.69358548814428,2.67844707353145,2.97130851487721,-0.238573324426337,-1.03193979304381,-0.883326726335687,-0.980195760269607,-0.863469624130095,-0.701207163801862,-0.67569842305721,-0.600321513941406,-0.48337537185936,-0.43101280217842,-0.337221873982498,-0.268916428346392,-0.144920927418673
109,1,0.0972573878125454,0.221277042638101,-23.6874886228965,0.493717131546987,0.146840649723447,-0.526970635466193,1.41215134137819,0.37611796927222,0.283958628666107,-10.7351839258019,1.73734314324255,0.947162184300001,0.409659078062608,0.0839690079480573,-0.0271409327074374,-0.0612535414733222,0.0320226545487893,0.0717379182141323,0.0426622123639332,0.0569376174620826,-0.0294558411837886,-0.024810146230352,0.115931467218113,0.0778946838781785,0.031578591740544,-0.123629110999341,-0.0454566632446022,-0.0767309100540381,0.134096518685061,0.163999319603025,0.0478376101903338,-0.0472294134561091,-0.0351981364992909,0.0105983945816458,0,0,0,0,0,0,-0.0210767007387486,-0.102120836839112,-0.352658566515019,-0.834398423913854,-1.86454465523085,3.1378610562108,3.04091982660756,2.90815881393615,2.41648155732869,2.77690226613162,2.71538261551708,2.58051010012779,2.26493913449437,2.22857817545256,2.42475190991502,2.34509709140464,2.71320134780212,2.72946990101503,2.99245020169236,-0.196456740623987,-1.00685156463526,-0.914130522128756,-0.999634013867214,-0.867325764797676,-0.714418528343979,-0.678916195468708,-0.617644613104837,-0.492357066983825,-0.442942798315906,-0.332125482855514,-0.267974939826769,-0.148173977906858
109,1,0.105418699546206,0.267696629555383,0.660937131905711,0.216445639802785,0.14533735483816,-0.52592273860442,1.14941403452505,0.395614648325137,0.376925126941885,-10.8605485541,1.53477745850435,0.84838593041928,0.297702436681101,0.218891748266979,-0.0554613198251626,-0.0180672056970974,0.0305060506450242,0.0573709457851881,0.197556658811964,0.133083936985688,0.0952211057665592,0.0190767956574125,0.105133707706114,0.0803399768274843,-0.0435171402566336,-0.087538610910881,0.0651516925156534,0.122810184410787,0.189907783316438,-0.030131019271865,-0.0358614249590742,-0.0705807829181075,-0.0912020596123057,0.0757264566592332,0,0,0,0,0,0,-0.021866325400775,-0.103943302466328,-0.347461782718726,-0.81641762485568,-1.85749455937978,3.11673527100155,3.02822645577008,2.87985085580118,2.43301794812852,2.7946718669472,2.72931345127947,2.60283366321437,2.24628658683991,2.21774450785952,2.44485430246852,2.34240393582652,2.72770646502241,2.81229307772744,3.03541964160761,-0.163806840511523,-0.987261304905694,-0.939889950437957,-1.00367093932708,-0.863912608071425,-0.723688946559748,-0.678511962873362,-0.632958681332466,-0.494842895739047,-0.448679454518715,-0.32939170749088,-0.269325180671631,-0.152228788872439
109,1,0.097599540250763,0.281278809924643,6.60027213329071,0.161672701920241,0.134404037671083,-0.501974988892333,0.634764322455435,0.399988708137333,0.419506869811613,-10.8500652672645,1.44483068336572,1.07352031967517,0.371529268930872,0.286973217927309,0.115204238506019,0.226363882672966,0.320852383792271,0.0733301539810879,0.0640658038207656,0.172332839396523,0.117221984850218,-0.00610111510269378,0.139000797174315,-0.0345923073447614,-0.120973076586893,-0.0519950714872982,-0.0237243403186592,0.0689777417456264,0.119209278953283,0.0600847919348248,0.0658356668002379,0.074233781415815,-0.0532467664061456,-0.0101728928010547,0,0,0,0,4.55029164077313e-06,1.02379273139531e-05,-0.0227072559937853,-0.106290469750044,-0.342672824146423,-0.797398833401352,-1.85256019193358,3.09034256903299,3.01791690757272,2.84653838610758,2.4482754712791,2.81212411895616,2.74180664217924,2.62852078656441,2.22810510970492,2.21189526917628,2.46725537087721,2.36335276795629,2.74205477264554,2.90264190529324,3.08937382579832,-0.132969087213071,-0.968246416659331,-0.953215183625383,-0.995053560727929,-0.853980656498178,-0.730914597313988,-0.67610482254743,-0.642978641398629,-0.492416856397057,-0.449181233852168,-0.328604461031427,-0.270094950628111,-0.155862814592991
109,0,0.0781821980593187,0.267131201080065,1.31034881499538,0.240549838417703,0.119168711829697,-0.427968268007804,0.734851289455394,0.51962062773063,0.333188881809845,-10.4135785623259,1.45378408790568,0.920266667291499,0.35615776880026,0.548435358502963,0.30929453849642,0.279574688634068,0.169897088553853,0.00369564684482335,0.0259203178934238,0.0786212732410002,0.0305944264215411,-0.0553787392497796,-0.0122729463960727,-0.0342652997364826,0.00106466643482446,-0.0641650814651309,-0.0318006907892516,0.109354480357182,0.0284839306719376,-0.0549443347772906,0.0147635988838764,0.0104748034464287,-0.112817250946872,0.144348420064716,0,0,0,0,-0.000200547517106231,-0.000426949666420875,-0.0241888251528804,-0.109721558585019,-0.339629146203078,-0.780081449060732,-1.84968084702333,3.05840489125297,3.00051359761639,2.80580591418213,2.47040651538016,2.83254398208496,2.75327163221135,2.65657045417965,2.21534092072551,2.205509751614,2.48940717246695,2.40339078114453,2.75843100513501,3.00047341632787,3.13299735834618,-0.106629789472903,-0.946093909372957,-0.954442949007269,-0.979064484471421,-0.838850024875772,-0.732869335761392,-0.671466863291514,-0.642550191960965,-0.485038911138494,-0.444706881833225,-0.326697431343484,-0.271292775785381,-0.165175994303371
109,1,0.0587648558678744,0.252983592235486,-3.97957450329995,0.319426974915164,0.10393338598831,-0.389919705292127,1.69854363925439,0.511364192654923,0.155247606651345,-10.4559840208054,1.0584479427842,0.997327799577895,0.307897843957936,0.252799562160836,0.313715822427505,0.143951926118472,0.0796999211407201,0.224958756502525,0.156751885680746,0.159069524837913,0.14155373106236,0.0340925946034607,0.169173691184725,-0.0176397257281649,0.0941925155859431,-0.0847714515642337,-0.0950415848791793,0.0802975378664052,0.0341197137339178,0.00242181244492218,0.024102478837032,0.0308249550170497,-0.099304075105596,-0.0405903994443105,0,0,0,0,-0.00062540968459429,-0.00133391748596499,-0.0265519335180836,-0.114406157927508,-0.339042491532772,-0.766608865142435,-1.85316186755697,3.01633848960995,2.97828914168355,2.76276574524216,2.49955228523144,2.859736098947,2.76851327643726,2.68232926867433,2.2100965753306,2.1999260466609,2.51039476552162,2.48131568609414,2.77939765771923,-3.06595860822187,-3.11215273499544,-0.0861880782200664,-0.920511791794063,-0.945009519547847,-0.959340004938183,-0.824239423510915,-0.731924524501232,-0.66951275151719,-0.632703419694331,-0.475886433802094,-0.435991592886892,-0.324920962061813,-0.272197507128975,-0.181145605306384
109,1,0.0450486174054214,0.234815216151477,-6.93883794528102,0.353435687956352,0.0918567788735914,-0.395276825770403,1.8270047396508,0.418093109377033,0.0783229100333591,-8.71587208605351,1.35497391008462,0.11704719336534,0.180528747862771,0.238086912816602,0.1997701034574,-0.0382598359696805,-0.0676955745756506,0.0400385800096245,0.0713980063773048,0.065966019712515,0.0892357463283338,0.0696410264163174,0.191282488861938,-0.00882251058367672,0.0729018795823856,0.0137581144660892,-0.0296043139935341,0.159305325135449,-0.016141526695873,-0.0350163735487287,-0.0490870973144071,0.106388122600532,-0.0676959380845618,-0.0318093825937808,0,0,0,0,-0.00105032263443643,-0.00224142072370376,-0.0291300709612972,-0.119640541395451,-0.340246929891282,-0.756764687301167,-1.86873178911337,2.95883486444193,2.95065078144938,2.71996902781251,2.53709212763258,2.89010650138695,2.78964528346683,2.71257198891297,2.21037424128678,2.19521836350414,2.53432760734648,2.64729039333326,2.80142066051194,-2.82437373389184,-3.06145001644287,-0.0650544400747524,-0.88446725411102,-0.914625905663823,-0.925339194689323,-0.80107409425033,-0.71933264972673,-0.660977042627454,-0.616937149198326,-0.466979399321149,-0.424411123942702,-0.325262117352238,-0.275847347864371,-0.203944571258288
109,0,0.0403438009662129,0.210291433785788,-6.21415513115245,0.316523344566655,0.0846435958300912,-0.366076653560698,1.46674977770908,0.364686306449846,0.0857866201055773,-8.51991220197426,1.29522408232623,-0.113373705753903,0.0943845187250465,0.184062532696553,0.194654295115601,-0.0499573484003821,-0.0776939342439267,0.0948795768771972,0.138863673773777,0.150479561794577,0.185997313110292,0.0996903980876998,0.148493940538609,0.0185688677243572,0.0180391371194685,-0.0169078559730959,0.121300771402286,0.293883246773149,-0.0387825234504834,-0.0535281222726539,-0.0327914569449696,0.170643282428828,-0.0889442858377196,-0.060928814186183,0,0,0,0,-0.00147528622227354,-0.00314945835780184,-0.0317521046813028,-0.125256124038681,-0.34255260761096,-0.749215369642585,-1.89782145274389,2.8897077899573,2.91467240514963,2.67534371262954,2.57921167153653,2.91621329598816,2.81541030194187,2.75224918222378,2.22123412763653,2.19313822427008,2.56638475035905,2.85997735049193,2.82145252149348,-2.72518740643908,-3.00576122916884,-0.0545009458372211,-0.859176882093934,-0.883345130966156,-0.886178771259018,-0.774410068212286,-0.697688347981159,-0.648750559610392,-0.60620044582826,-0.461735857640904,-0.412617402341792,-0.326373616293678,-0.283448781575825,-0.226749371809672
109,0,0.0356389845270044,0.185767651420098,-5.48947231702389,0.279611001176957,0.0774304127865908,-0.338620872101772,1.24432320025267,0.383234110738241,0.090588776733718,-9.2066239104979,1.68300943295527,0.299397607036866,0.0909461051834678,0.421025208358216,0.364515968845893,0.25901656920971,-0.0418396733505686,0.00151495778627958,0.0320185620812501,0.0615428908886589,-0.0315397402977812,-0.0843517688175916,0.101638967117782,-0.0262684942020698,0.0863024402763375,-0.0332774623383094,0.0820906693123671,0.0663040528228641,-0.0250887519838988,-0.102534175148788,0.0547116971279017,0.0368510325548251,-0.0515094910688984,0.0181337653187806,0,0,0,0,-0.00190030030363905,-0.00405802936169532,-0.034460491722086,-0.131442424324991,-0.346060282923415,-0.744333093638629,-1.94182851080333,2.81820862015259,2.87828126513815,2.6312503745628,2.62219950364648,2.93761532038594,2.84717076495491,2.80346167620235,2.25550346247597,2.19405308116755,2.60294734708086,3.02744954355531,2.84478649345745,-2.6988247343426,-2.95646766545184,-0.0617032256089767,-0.860258560929974,-0.864727451991876,-0.851503746899375,-0.756514590482481,-0.683077698292187,-0.641039107782474,-0.606477884426231,-0.467940956939446,-0.404760324613342,-0.328103565948556,-0.290202782666132,-0.239798673735252
146.5,0,0.0309341680877959,0.161243869054409,-4.76478950289532,0.24269865778726,0.0702172297430905,-0.322051109235156,1.60435853970243,0.465139731341509,0.0926185390120008,-8.90143173298653,2.6822422402583,0.532505002608438,-0.134914541719569,0.121050020420022,-0.113782356735746,0.102667145459949,-0.156456942206971,-0.053277713138194,-0.135736768617023,0.13251849104299,0.0829911341322747,-0.259150071643575,-0.0578022340577343,-0.00982992399014817,-0.0681255155281779,-0.0550321710550981,0.0779632114311678,0.112902294818618,0.029521624906472,-0.0498474511632664,0.126352858418914,0.131785401673171,-0.0707539090362546,-0.012879080763981,0,0,0,0,-0.00232536473395901,-0.00496713270409145,-0.0372543386927252,-0.138199764928663,-0.351163117488794,-0.743855027937355,-2.00598303946085,2.74779936583059,2.84612145716132,2.59031795130419,2.66091680292587,2.95489528104063,2.8849778715618,2.86449991747439,2.28608316167883,2.19910221366418,2.63997353712565,3.13887997439049,2.86280150051132,-2.72356178079868,-2.91916189644786,-0.0762944914304317,-0.870250357968238,-0.845043478507617,-0.809880688622749,-0.739650557715518,-0.676970038765855,-0.636711379219041,-0.607315527346932,-0.473918416856144,-0.399099884425517,-0.334258750391843,-0.294796725532845,-0.247092963635044
156.5,0,0.0262293516485874,0.136720086688719,-4.04010668876676,0.205786314397563,0.0630040466995902,-0.206133562345984,2.20186438236416,0.540347695290526,0.0913081518617996,-8.67085018708424,2.95441755175207,0.300794516329314,-0.102341941354957,0.196282523314234,-0.281649107492566,0.0251405734525899,-0.314187335604135,-0.0628853976367826,-0.0985168395654217,0.207869684508603,0.129622276762189,-0.284180828824018,-0.127070592314165,-0.00474190336093273,-0.10399099044095,-0.0133069030610719,-0.0284922220714777,0.108438305862771,0.103827997135438,-0.0201478447071154,0.0961401547754572,0.192430040289825,-0.132956901310229,-0.102311733589322,0,0,0,0,-0.0027504793685525,-0.00587676734896906,-0.0401511691081009,-0.145554961589869,-0.357687210828869,-0.747274842336318,-2.09637556351782,2.68020660274387,2.81852802722058,2.55255439643544,2.69073940696745,2.96708976700502,2.92458988066555,2.93347511988817,2.31895542952864,2.2123634235297,2.68376107663698,-3.07042761026119,2.87229126914617,-2.95230804964703,-2.89286811446162,-0.0915077217273377,-0.881319320928714,-0.826903209785448,-0.77041462369896,-0.724055102978668,-0.677098997098613,-0.638320274359104,-0.604507020551323,-0.475872459651688,-0.395009138695438,-0.344009436624579,-0.297213771224276,-0.250127254944302
129.5,0,0.0215245352093789,0.11219630432303,-3.31542387463819,0.168873971007865,0.0557908636560899,-0.132733726620982,1.33157126693543,0.524057529013637,0.0856143802478901,-8.74513854909296,2.94998574017556,0.188199850120356,0.0762257599257261,0.477639074440611,-0.289084819300855,-0.227514190314611,-0.294851783239431,-0.0419535721438555,0.203602653811516,0.0824849722828013,-0.0848263170564555,-0.219326149040118,0.0819852688868014,0.00110575728367047,-0.140413168364026,0.0987858869184155,-0.156997118451881,0.00167752803793177,0.25100748930294,-0.00987275248358175,-0.0326879579267122,0.084056813411213,-0.0873402797701315,0.011546699940041,0,0,0,0,-0.00317564406263171,-0.00678693225557847,-0.0431902357809373,-0.153582251080699,-0.365803861192912,-0.755156905831159,-2.20751536180688,2.62363401123183,2.79627660038122,2.52144054457822,2.72170269542902,2.97811079505177,2.96120927161502,3.0144324682083,2.38817280948277,2.22827949627914,2.73102188053279,-3.01844357248209,2.88158520116847,2.74380812608879,-2.85880429531103,-0.104409432124197,-0.887856769394322,-0.810867622732985,-0.741882141076373,-0.710853746471648,-0.676893083396972,-0.638292052478219,-0.594495537281587,-0.480252554216405,-0.394174536524495,-0.353429475494899,-0.300338125914699,-0.251982442435648
120,0,0.0168197187701704,0.08767252195734,-2.59074106050962,0.131961627618168,0.0485776806125896,-0.227148668084297,0.973618164531318,0.512560317837734,0.144746344755485,-8.98013449718119,2.98420459384608,0.377104305688663,0.306534427476139,0.42130875820387,-0.356396038135399,-0.191012199686036,-0.305800293435009,-0.163390849872363,0.182343183108543,0.0559374636821253,-0.190859628446346,-0.30642997151329,0.187567928633897,0.0554683425292461,-0.22152478840424,0.0252615019189725,-0.0794341420713301,-0.0259704904518559,0.328011269821467,0.00593504706898602,-0.00345110143755066,-0.057608619934162,-0.0402528678505918,0.0415834171528771,0,0,0,0,-0.00360085867130249,-0.00749923830409139,-0.0458739294298584,-0.161688100504785,-0.375561571922533,-0.77084592810638,-2.3266899162623,2.58165339331717,2.77385446465901,2.49240627709811,2.75178042837956,2.9827010442101,2.99370808888803,3.09847055661085,2.46765184173655,2.24603602173586,2.76872082820853,-2.97150577511644,2.88948621549471,2.08181804782901,-2.82162404487946,-0.117175492920668,-0.892227102083514,-0.797358727825195,-0.720142205296246,-0.70036295030632,-0.67343740190687,-0.63033659117429,-0.578623091358863,-0.483891827573849,-0.39693322347042,-0.364938478668017,-0.308153040009342,-0.258018105138683
109.5,0,0.0121149023309619,0.0631487395916505,-1.86605824638106,0.0950492842284706,0.0413644975690893,-0.317533983114233,1.74036885625579,0.477679493603985,0.29389471191027,-9.11427926744023,2.88408943915733,0.550976152734057,0.460605581349583,0.260556343321506,-0.458225256793397,-0.0283457246429055,-0.238476715354098,-0.227587671888995,0.141191892700213,-0.0382175115856704,-0.112261044364014,-0.273123023162651,0.217163930256459,0.0165146087333067,-0.35740973336021,0.0129933552117206,0.0220112082220039,-0.0169127145148186,0.319630485706389,-0.0492525639903507,0.00521395254622963,-0.0238944679624583,-0.0599444068626582,0.0434464318804452,0,0,0,0,-0.00402612304956441,-0.00800857459583139,-0.0481829236241451,-0.16992345370651,-0.387977058185368,-0.795534844492014,-2.43838874438565,2.55084578590097,2.74911800438394,2.45416319619428,2.77135981958415,2.9789369978375,3.02206377083197,-3.10524378395284,2.54172202700068,2.26383277176228,2.79603936086949,-2.92498725269241,2.89164346048445,1.7466852023286,-2.7804241343394,-0.129196338105072,-0.89982530883083,-0.788752952990456,-0.700715447561302,-0.691738887286395,-0.668570576328767,-0.615734674069224,-0.561459309407325,-0.488213677108865,-0.403453279128725,-0.378474962585,-0.318182426847083,-0.262011953914061
98,0,0.0074100858917534,0.038624957225961,-1.14137543225249,0.0581369408387733,0.034151314525589,-0.406268097943439,1.50069412874365,0.555953930779913,0.396774973576326,-8.95618000194383,2.75530549461864,0.483872592776499,0.583662365516274,0.210697039270803,-0.568969617264719,0.223015628666996,-0.157154653289484,-0.334848413616992,0.146086635221562,-0.106086303011872,-0.12026545128211,-0.364017909611327,0.295026472568714,0.0603795298262511,-0.518657795157042,0.0669939614242245,-0.0152248927248984,0.0348907171101741,0.268121596189965,-0.144644986040257,0.119257677973041,0.0373599845322458,-0.119075929202371,0.136133149479905,0,0,0,0,-0.0044514370523111,-0.00851826162600251,-0.0505700773888936,-0.178869741558823,-0.403453992552891,-0.827513546354834,-2.53454403459264,2.5294269999854,2.72539308875589,2.41217952787265,2.7845629654248,2.97294729538959,3.04514887912906,-3.03302515912987,2.60555335793663,2.27907249943264,2.83150491140097,-2.87620145360874,2.89242956327446,1.65158580818706,-2.7411683838174,-0.145630191975107,-0.916275562867031,-0.788687187675094,-0.685159495438488,-0.680773594065777,-0.659943285495039,-0.593457495022907,-0.539875922218547,-0.489931439018112,-0.411282237866011,-0.392734374551606,-0.332569460417782,-0.259610458313001
87,1,0.00270526945254489,0.0141011748602715,-0.416692618123926,0.021224597449076,0.0269381314820887,-0.466761917272837,0.783036319088806,0.622014578222216,0.418506664583212,-8.96704559703809,2.71230568676879,0.488173438553071,0.624816899806058,0.16908199556181,-0.509303623953739,0.156379237318437,-0.0592359342644607,-0.347204964767949,0.0254806675394717,-0.0131789692270684,-0.207078746702774,-0.327143045491156,0.274512659620023,0.0139785660150579,-0.473595418863582,0.122723279077224,-0.0625005378238629,0.0448798816280392,0.250969004330672,-0.112476610172162,0.156942753047735,-0.0210340060438097,-0.0787998540733323,0.0933310979974632,0,0,0,0,-0.0048768005343304,-0.00902829949192935,-0.0527190345586668,-0.187418226759058,-0.41882696328815,-0.86005221313369,-2.61215758344854,2.51322093637841,2.70032562283741,2.37299673390772,2.79890107148444,2.9657206089365,3.07020240012884,-2.96330331538696,2.64201552965842,2.28597434452114,2.87479100932106,-2.82142877658833,2.89655594037354,1.67505392148032,-2.71564529249309,-0.166857207022807,-0.940309112505391,-0.796545371024285,-0.679267086787268,-0.668152464144928,-0.647063913707094,-0.566270091815566,-0.512141109989499,-0.482734112414227,-0.418534246399831,-0.407243577418878,-0.34958914018687,-0.252339488353703
87,1,0.052364061477268,0.2125,-1.13282463882906,0.10926573044646,0.0571908916248432,-0.469806253009979,0.834548386452891,0.6205449344623,0.381503419396537,-9.23981196110979,2.77697148046064,0.690590373904919,0.66791449106779,0.163496890030314,-0.51210728597359,0.00502863864234425,-0.134238505478197,-0.215565778620618,-0.0216880287818781,0.00942485517742463,-0.0987723948810148,-0.353919010446232,0.275833762156293,0.0277932464112411,-0.443668564509655,0.102143230488741,0.0254519505993721,0.085766526174057,0.227186527562904,-0.143606698197707,0.0723479351892237,-0.00679467634064831,0.04125806123114,-0.0258408692215544,0,0,0,0,-0.0053022133503049,-0.00953868829034059,-0.0544195097872341,-0.194637547792269,-0.431819268443275,-0.88690134920038,-2.67610270132288,2.4931243842354,2.67245061978682,2.33300516903042,2.81061838477334,2.95721829946993,3.10309595564095,-2.89206555354299,2.6480610109001,2.28210501959403,2.91274773982706,-2.76092515856898,2.89847213042261,1.7960809905604,-2.69134890464682,-0.184983535804302,-0.966203036786865,-0.809802545011729,-0.682169641542997,-0.65601091332098,-0.638326355340398,-0.542506658464756,-0.478679997590195,-0.468123313380497,-0.426623136577314,-0.421379246989584,-0.362271073814923,-0.242758199366161
87,1,0.126378592185804,0.474245676051004,-3.49657868411711,0.222244944873086,0.103273103143542,-0.462636565723629,0.868121896644778,0.650849912112067,0.440026670184399,-9.43065495146628,2.91026167506216,0.746554671736384,0.698096793585039,0.115094601097508,-0.434550274033268,-0.042067558273955,-0.235026305285303,-0.0395514901064563,0.0153590612605008,-0.124507124537774,0.112710236391098,-0.39252874833505,0.276075094909168,0.0624378446058815,-0.413357063074741,0.080710035439944,0.0870485472491465,0.105059974241136,0.228379486496132,-0.170641230915772,0.05959275770004,-0.0453199016665483,0.0710486904813306,-0.0680539502052207,0,0,0,0,-0.00572767535481199,-0.0100494281173667,-0.0556789367428226,-0.200489088517903,-0.442295258073915,-0.907502804683992,-2.7300074057658,2.47247942362964,2.6460472211575,2.29291924499998,2.81820420926636,2.95234111628246,-3.14003224490676,-2.8218621209751,2.64523292677628,2.27005609739891,2.95148600345276,-2.6721016045529,2.89692571032853,1.91293689828686,-2.65924619725249,-0.199346649066443,-0.993145142939586,-0.827441222309557,-0.691911561506673,-0.645281728950084,-0.632113041765761,-0.520599307345159,-0.438636841365713,-0.446950284285421,-0.435216553484607,-0.433781260452081,-0.370446023298537,-0.237814096992179
89.5,1,0.146525019325873,0.425076293521986,-4.69487955239176,0.179829107023014,0.106998751560549,-0.45583356794811,1.04152231504493,0.599612277357614,0.554685772629036,-9.28971572868566,2.84999328716599,0.627087966252638,0.713854456560647,0.121632462155813,-0.477730664907951,0.165654186785086,-0.281239790052008,-0.0143357369676788,-0.0315234019777045,-0.129187560154647,0.0691565197398485,-0.402258053146866,0.371147318009014,0.00281121346572377,-0.411980641173235,0.20767084939867,-0.050080161543988,0.0989445107856492,0.161378479271259,-0.150623794100736,0.231983172957048,-0.15366996897342,0.0604100962278384,-0.0329145485152959,0,0,0,0,-0.00615318640232422,-0.0105605190685378,-0.0564896056534349,-0.204876363655349,-0.449980646432811,-0.921091936132579,-2.76946492784447,2.45551337915167,2.62387716848938,2.25621732271505,2.8238846263413,2.94916425391888,-3.08986349922511,-2.75086201147331,2.64828709954053,2.24595574683272,2.99299992624456,-2.55364151543763,2.88713759631302,2.00160074804509,-2.61967642658166,-0.205503165074132,-1.01420301269243,-0.852275796967367,-0.712516153186577,-0.639530171921667,-0.622300786950903,-0.500209580317006,-0.39799917861403,-0.425246321800727,-0.442554225665211,-0.441888627088614,-0.377110054379321,-0.239110123158927
92.5,1,0.174638251816579,0.394628099173554,-4.66859581798181,0.206473913989817,0.120279155188246,-0.462679235460971,1.42622684088707,0.443484248547463,0.564310338494998,-9.32913603594528,2.79801167251688,0.711981192040481,0.758524538821317,0.110136940084542,-0.480329184477312,0.146599291275969,-0.263328800534986,-0.0761936809054568,-0.0671677229089094,-0.137887903547468,-0.0282762201687422,-0.381335403158505,0.439164164377321,0.000400310245708151,-0.412762795795217,0.180311894295774,-0.0481786820613598,0.0338682615727161,0.178684762473473,-0.138321602614081,0.242974716952664,-0.108379001143133,0.0811468049868661,-0.0286559357504005,0,0,0,0,-0.00657874634720943,-0.0110719612387816,-0.057037949705726,-0.20807937220422,-0.455461312905168,-0.929026712073929,-2.79763667497981,2.44080431825634,2.60572231258127,2.22480582030382,2.82149855359956,2.93358301917219,-3.03595413795191,-2.68758489887505,2.66200836215564,2.21510765922111,3.02359961418594,-2.46807002232922,2.8698916002631,2.07107681691423,-2.58358000860858,-0.206118150767098,-1.02706623913266,-0.881430377057695,-0.737469705036424,-0.638514954696787,-0.612269851376341,-0.485172387604283,-0.366727516875927,-0.406022386729596,-0.447115748688381,-0.446904754680559,-0.386936108696352,-0.247398597950048
93,1,0.127473902074438,0.347532467532468,-6.27369014054047,0.168762106264886,0.146649845392703,-0.465081855644126,1.68847624288396,0.348315925808053,0.466834821811867,-9.60068981795494,2.81634106218436,1.14785090123052,0.647046771933777,-0.053479415153115,-0.455876555612383,0.0881151440483803,-0.308742951809445,-0.11406146371044,0.0586120370848711,-0.0776987287953668,-0.103837898276512,-0.268115047764088,0.311824058674645,0.0610600400430921,-0.334631563102941,0.0866517122805847,0.0747924711733007,-0.0101055376740758,0.148570739822303,-0.0708205095861855,0.0449643967349066,0.0142718933639711,-0.00823987027129221,-0.0367952109076379,0,0,0,0,-0.00700435504373129,-0.0115837547224217,-0.0575168693185772,-0.210497281654088,-0.459771985796083,-0.934164946531992,-2.81583045968643,2.42937738032489,2.59057714549926,2.19954987737446,2.80682673457458,2.8986367763553,-2.99412078578885,-2.63549672133905,2.66936747837532,2.19715308467357,3.03108873252968,-2.4546261578712,2.84862286341818,2.13542629924305,-2.56692910835374,-0.17530734295277,-0.968693182648185,-0.837556199336585,-0.693087684376315,-0.579122707652416,-0.549800268415752,-0.426511344505779,-0.304348458473127,-0.352930652326171,-0.418604116767399,-0.423151265637925,-0.376961478443242,-0.249037925466721
90.5,1,0.139470260216165,0.36406955681681,-6.23840309832821,0.208383817860344,0.124160125588697,-0.470503606362313,1.31434436875114,0.549758150724054,0.442947784516092,-9.6720609496894,2.73798548603383,1.22672767524645,0.541620620810254,-0.01064427674865,-0.326862439018514,0.0842676767361851,-0.154885326899988,-0.079989526129162,-0.0421047826844645,-0.0579702212997253,-0.187996130131153,-0.249949231576952,0.325294116915299,-0.012064238256732,-0.173671189765779,0.0329273353015877,0.0439643425762311,0.0169146485527719,0.2089759092411,-0.0458122133195563,-0.0190351828596031,0.0019232167964639,-0.0079905363412682,-0.139876040958091,0,0,0,0,-0.00743001234604941,-0.0120958996131747,-0.0579571967501817,-0.21227098713182,-0.46339555122013,-0.938241718963536,-2.82915719869316,2.42021060925617,2.57622214080591,2.17598965470773,2.78285107508085,2.84375110226214,-2.97265247741921,-2.58878912208434,2.63800842845218,2.17458933272167,3.01683407303001,-2.50683244044953,2.81848739112556,2.19959430051799,-2.57161799400283,-0.139036749263708,-0.893591565452257,-0.771901577109803,-0.632492209034758,-0.50706236762206,-0.477106137763851,-0.364938076269092,-0.245523308583133,-0.303909290325936,-0.38135125806009,-0.388136865746649,-0.357230101675819,-0.248901675127883
88,1,0.133590615852442,0.429182465885763,-4.37471251386708,0.292670676517903,0.101554160125589,-0.476983400357004,0.949827293334021,0.701496200438745,0.508165142993642,-9.67731727441975,2.54587239873358,1.17967256527817,0.540737579518741,-0.0450016562926181,-0.233665466226066,0.00569439625015209,-0.182901926583971,-0.107237029141796,-0.118643556064173,-0.0667100715772577,-0.253208400768487,-0.237632699383011,0.356133766887366,-0.0800032591541743,-0.0754900832015164,0.0392420582055397,0.102389494033978,0.103808008784958,0.1734438127065,0.0381788320196053,0.0242071981809185,-0.00693154963304285,-0.0233871619467087,-0.184020238350096,0,0,0,0,-0.0078557181082196,-0.012608396004149,-0.0581874541507553,-0.21313262220715,-0.465865547858127,-0.940127892276188,-2.83336756940242,2.4132916370686,2.56313079925226,2.15380139853467,2.75371300162347,2.78434763304533,-2.96890496693481,-2.5508402098526,2.59179498215939,2.13565711684551,2.99314419363776,-2.61962044207893,2.78211240321143,2.26487821847035,-2.58556897448061,-0.13133960440676,-0.874202978806964,-0.760779934422155,-0.629322994407679,-0.489902336683549,-0.454038407967622,-0.354293971329117,-0.235584665724266,-0.295046751696268,-0.366765444919026,-0.372246083491082,-0.351262489877959,-0.261501594324633
88,1,0.140483825917605,0.432128702322608,-4.40432535195201,0.292595381147507,0.0966980609418283,-0.480650172949081,0.879121798540023,0.58590238806264,0.474133830212011,-9.53964318190746,2.20857932753917,0.98408300188179,0.586781833409321,-0.0927154892614522,-0.0747462044645065,-0.053224965005821,-0.165873649083537,-0.143260269738959,-0.130948359033264,-0.0890179983914179,-0.180266917203294,-0.14375145841126,0.262544242677344,-0.0619199428089911,0.00687279325420824,0.00611548166817889,0.12923108350672,0.140462414159218,0.111844218801166,0.10206400648686,0.0427987253879722,0.0641380153904873,-0.037315256186051,-0.140679649901204,0,0,0,0,-0.00828147218419411,-0.0131212439878419,-0.0580073924265592,-0.212697544181256,-0.466410084572855,-0.937866141468191,-2.8180141841061,2.41006806601105,2.55252337961954,2.13537666812223,2.7210582595759,2.73487723951566,-2.97803128048591,-2.52366857026351,2.55635963138813,2.13046661921403,2.96963259131879,-2.78376787154528,2.74645500153007,2.29818557338905,-2.59399784857326,-0.112495811534472,-0.840435614234741,-0.741889794537694,-0.62839545290258,-0.486397637349194,-0.447551331922406,-0.364601516601875,-0.245554701477396,-0.29621278558303,-0.356841767009877,-0.358964206453067,-0.340001044711427,-0.269662732787867
88,1,0.129899607119208,0.382261788710774,-6.53930169320342,0.258796310189128,0.108337279949287,-0.485678871458509,1.22063962336705,0.548652212602524,0.498798140196687,-9.06715672591257,1.75546830213245,0.672896087966408,0.497690960797569,-0.114440604743611,0.212336133435309,0.113230534147875,0.0501787199276166,-0.00376478313378935,-0.0479597862204666,-0.0868673595545934,-0.109567486420544,-0.109609728441017,0.156991297204264,-0.0586891428660922,0.039433552162752,-0.103558382250866,0.0770442628649365,0.0937647371891675,-0.00222043820849539,0.00505912297525291,-0.0070042758042329,0.0758078721158465,-0.0389685049031275,-0.0489214536331662,0,0,0,0,-0.0087072744278221,-0.013634443656138,-0.0573903464614198,-0.210820940667157,-0.464723224595333,-0.930809540479235,-2.77980215960995,2.40746307147185,2.54467409394508,2.12067311632688,2.67902277246496,2.67860346031284,-2.99231134822223,-2.51143017713446,2.51985128899627,2.14229244474923,2.92903831156756,-2.96654944183549,2.713673269246,2.29535055892867,-2.60551726986308,-0.0849354710410044,-0.792998031918106,-0.714573134757025,-0.623140682006178,-0.491946699611874,-0.45559102723529,-0.394059489589405,-0.271362200821159,-0.309229119277381,-0.353892484216863,-0.348169090656124,-0.326586174068376,-0.273918216492927
88,1,0.120122731343175,0.348464767368516,-7.18394150402718,0.236501362081378,0.112972868728903,-0.492318632018716,1.42471894264879,0.672869826297763,0.581084368399679,-9.62977380683835,1.58065477368123,1.1751174982674,0.359545003936947,-0.0316505061058186,-0.0370435887896696,-0.100977583608873,-0.0535270416447833,-0.0905373294277171,-0.0083016485531367,0.133608883546684,-0.00703850025021104,-0.164224497515772,0.143123843142039,-0.0358834341795925,0.0259542224861414,-0.0767186458084971,0.00797456885740313,0.0422935286291889,0.0487783850919833,-0.00128877655668377,-0.0672167302186974,-0.0168632925127101,0.0678826399360582,-0.0404207327449139,0,0,0,0,-0.00913312469284975,-0.0141479951003073,-0.0563717260675769,-0.207673362520612,-0.461381788686801,-0.920822553506007,-2.72134268586103,2.40416598640229,2.53844299217829,2.10869636847464,2.63061359142549,2.61142866538539,-3.0132354613319,-2.51437673204031,2.47730589105179,2.13000058815751,2.86371442876766,3.13135780539868,2.66033520871468,2.28138095749028,-2.62756604638449,-0.0594455414800067,-0.744810600541358,-0.686696860809891,-0.620671840316734,-0.50175398142219,-0.461325605966196,-0.423532539646498,-0.299984764723815,-0.326839056979486,-0.349095684055267,-0.336662327520589,-0.317584524492155,-0.28101465363622
88,0,0.113806715235746,0.330142597543027,-6.8062120789058,0.224066193519754,0.112046906944586,-0.503880157734596,1.24803428058868,0.565160013143189,0.598333579290742,-9.7861498359883,1.06495627122103,1.5510249179467,0.537132311177178,0.148437138315041,0.112149520037392,-0.085369158663403,0.0276289502326363,0.0816493964298393,-0.0924087626465561,-0.175189948916281,-0.097135165533268,-0.0493556353153361,0.160564835613982,0.0184715036633016,0.0520811212629716,-0.19863207785935,0.0480134412882781,0.165041670467804,-0.0536067277000718,-0.0221475776011406,-0.053499524460746,0.0163815670191002,0.0181312207612434,0.00630269008590714,0,0,0,0,-0.00955902283292061,-0.0146618984110022,-0.0549619342548466,-0.203180586813117,-0.4560406976867,-0.906823724725678,-2.64253589756102,2.40048379734567,2.53130509226159,2.09768375971283,2.58462451825539,2.54930454621755,-3.03707926408647,-2.51785187422358,2.4354516661153,2.08454773200985,2.78557854722652,2.97541715321992,2.59472031271233,2.26439610770385,-2.64365987976072,-0.0349679843119406,-0.694630469539543,-0.658064087979289,-0.623296232582461,-0.517619155554472,-0.467994420626767,-0.450346873338399,-0.329825140036607,-0.345559351995189,-0.340048692342087,-0.325755240056399,-0.311937901182729,-0.28855307401054
69,0,0.107490699128316,0.311820427717538,-6.42848265378443,0.211631024958131,0.111120945160268,-0.47758255235758,1.17389039792616,0.427815017856182,0.586145978769113,-9.81373746814171,0.351604571716995,1.50397918356951,0.298197337306424,-0.0488651340902075,0.0404610964505457,-0.238196919153511,-0.0961924411179509,0.0442632932370894,-0.0680884286960024,-0.0941010515544242,0.0406248668811017,-0.0752979849759621,0.203884467688162,0.0772911604290806,-0.0143566012340767,-0.111607289567661,0.0544788361901605,0.231701645543748,-0.0750572666538497,0.0112482113410078,-0.0806733595333839,0.0218506924746734,-0.11176353439431,-0.0149158964221863,0,0,0,0,-0.00998496870157571,-0.0151761536782563,-0.0532033379266986,-0.197335574507182,-0.448112090516119,-0.886981478051865,-2.54751107738259,2.39299248956812,2.5193598896824,2.09260008198328,2.54287926662445,2.49642133153663,-3.05738074824387,-2.52153447228409,2.39974639001795,2.00164696978958,2.69746337182185,2.87925356838609,2.54938655508889,2.2652213959378,-2.66246516259573,-0.0195723835840339,-0.652588514164722,-0.628298186632798,-0.621399690530403,-0.533768468347009,-0.477229492107203,-0.470948500687864,-0.356124841468075,-0.361635196731109,-0.330113555811606,-0.316097237620916,-0.308757952533876,-0.294646307028833
50,0,0.101174683020887,0.293498257892049,-6.05075322866305,0.199195856396507,0.110194983375951,-0.446798226005579,1.03299283504635,0.476582931506589,0.55438457672699,-9.40977712424795,-0.0756875223259221,1.63918743267835,0.374450043474946,0.0415649820761552,0.246808148621556,-0.148972517415005,-0.0952867350381242,0.0421104820532568,-0.0880127038114913,-0.148139652391791,0.0536458889542668,-0.0380411344548279,0.093025664383408,0.0278919461216567,0.0968354025087371,-0.0364626896147714,0.0288058240595455,0.197683654778723,0.0309968450405204,-0.0287261873632723,-0.104151865660976,0.00956184099857286,-0.046574819888579,-0.00187099990315385,0,0,0,0,-0.0104200751011308,-0.0157084770249194,-0.050978976862488,-0.189750589780121,-0.43683019300737,-0.862831192961518,-2.42824308816583,2.38126886661926,2.50797795724444,2.09468833374717,2.5005432433426,2.44857423888352,-3.07760655814965,-2.52246635436778,2.36344560122768,1.90373634731745,2.60607768370525,2.8302421064026,2.52118459292648,2.27473176646852,-2.67972525535429,-0.00995083064352382,-0.619071555682647,-0.596925519496246,-0.615606702395698,-0.54413245118641,-0.480473554000636,-0.484858864476929,-0.379867862312308,-0.377559984539397,-0.321121220364983,-0.307572855446746,-0.307275800356212,-0.297497631935043
106,0,0.094858666913457,0.275176088066561,-5.67302380354167,0.186760687834884,0.109269021591633,-0.428659241930628,1.02792191910445,0.55089000818115,0.49289981861684,-8.33984186720481,0.169245914700258,1.38607545232578,-0.168056315981475,-0.19060709315133,0.173173893108977,-0.20132288356228,-0.0898266967140787,0.173969102689575,-0.0472808966647572,-0.104073629161476,0.0812978801651319,0.0653673539091833,0.103780981596438,-0.0268266323960817,0.107230199670606,-0.100970504265323,0.0587632501124051,0.0684498289343435,0.0040012595496507,0.0413845535631783,-0.0839133207714557,0.00690125305522584,-0.0101509421855026,0.0547723893268145,0,0,0,0,-0.0104347435207025,-0.0153316848300219,-0.0470560905230502,-0.179192115595851,-0.420644287962416,-0.831287926055109,-2.21301710888904,2.36487941500243,2.50423222840652,2.09562467669077,2.45362472914815,2.40199443325241,-3.09269732671489,-2.51124999335098,2.31195338463285,1.79256520402371,2.52529204788611,2.81218504175656,2.49865273564488,2.30446296484996,-2.67679331626371,0.00370035536380271,-0.592731771579717,-0.573921737635401,-0.617848044346628,-0.556223951834879,-0.480429960009788,-0.49635370919325,-0.402690254510178,-0.39195861067363,-0.312039886386879,-0.303416395409177,-0.310383897251902,-0.298220904205261
162,0,0.0885426508060275,0.256853918241072,-5.2952943784203,0.17432551927326,0.108343059807316,-0.378890256623218,1.26923618138577,0.589453643646603,0.449584584734468,-8.20145238524735,-0.426159469618492,1.35277985842715,-0.154189487756932,-0.14874691818755,0.260794922200202,-0.232149462717231,-0.0686826139303865,0.278481756356315,0.0632441462175436,-0.00260487478213945,0.151925138068722,0.165072707610099,0.168842727652839,-0.0694898714673254,-0.0431743654015225,-0.0246975193672018,0.0466194075289098,0.0155233694562689,-0.0294244731683771,-0.00286150980157538,-0.0726112699677617,0.0353892556667455,0.0453323718155922,0.0122466429004062,0,0,0,0,-0.0100087485500989,-0.0140042526546369,-0.0417347749189522,-0.166838497340149,-0.40166420566899,-0.794686627618352,-1.53071455703131,2.34561201965073,2.50412335325228,2.09213456328968,2.4082456478382,2.34981952381407,-3.10978673352711,-2.49626406195451,2.23846470123606,1.59639544509027,2.45784001524996,2.80748672060637,2.47016228876321,2.32721795978232,-2.67389182397013,0.0221162918214137,-0.575955913465263,-0.562482505607628,-0.627940302893144,-0.577082322941014,-0.486128555893739,-0.504958890309894,-0.420904480971931,-0.402032457145102,-0.306418291366246,-0.301016087938589,-0.314805443112212,-0.295889450624107
174.5,0,0.082226634698598,0.238531748415583,-4.91756495329892,0.161890350711637,0.107417098022999,-0.304495449899495,1.1537751214765,0.501854311534385,0.426887558740828,-8.52248258971436,-0.915328639259873,1.23823303530219,0.040030785092849,-0.0574419379789348,0.301256053758654,-0.17997289461071,0.0345491999797803,0.246630269661212,0.0588269919329495,0.0581626987403669,0.232657366925799,0.255189510075527,0.215396975007967,-0.0599400742329605,0.0586308722539038,0.0821082594171294,0.0321641047469185,-0.0134675533302228,0.0963778432681683,0.0965153481904658,-0.0363256908020581,0.136460540852572,-0.0175761493361898,-0.0224535452101653,0,0,0,0,-0.009582801153081,-0.0122531216407547,-0.0356783130166388,-0.153801253622643,-0.382717257873698,-0.761147066732807,-0.825083617716491,2.32974958053007,2.50636665768731,2.09036685948021,2.36025426132662,2.28556082495902,-3.13970965326056,-2.48006186274615,2.15057821647336,1.35435696751034,2.39501570090025,2.78752680584932,2.42745329871271,2.32114016543438,-2.67928682992724,0.0419323736873387,-0.563827378117141,-0.554103724863258,-0.634837609397456,-0.596496435642427,-0.497854305559169,-0.512527208212675,-0.435523907533808,-0.411779977334097,-0.306205389362634,-0.299166379278626,-0.318779911862029,-0.291497247431341
155.5,0,0.0759106185911685,0.220209578590094,-4.53983552817754,0.149455182150013,0.106491136238681,-0.200484749313601,0.914180730003732,0.382577924902985,0.378053113775559,-8.34410102497824,-1.00807441936759,1.01201691535858,0.113226989266689,-0.0727263357035115,0.399279719109002,-0.060433216788266,0.214461379000675,0.391733856882179,0.203903627876505,0.101761656111236,0.285183994369926,0.241361012531744,0.117228256708637,-0.164580561469094,0.148812331774536,0.0393027014581965,-0.00619668804211208,0.00298467314023693,0.0642852447301593,0.0599185412816408,-0.132422112825882,0.096431875568445,-0.0167396679607186,-0.0282011351484083,0,0,0,0,-0.00915690147621435,-0.0100671924360882,-0.0286085817421034,-0.139456978313018,-0.363554837936213,-0.732798210208051,-0.603839430880221,2.31750518010851,2.50885606739598,2.09297420658088,2.31107877051826,2.2270362462534,3.09920333931635,-2.46135820606905,2.06487437840154,1.15327104766518,2.32783424812303,2.73908527975141,2.36994732908533,2.32239719489169,-2.70058655151027,0.0548028541730912,-0.558799647439563,-0.548473914939075,-0.636559451492008,-0.606800194046215,-0.506910008245996,-0.516689939602964,-0.449691357019373,-0.42474849614722,-0.313337573837649,-0.299964792377461,-0.323953113174029,-0.287193999406538
124,0,0.0695946024837389,0.201887408764605,-4.16210610305617,0.13702001358839,0.105565174454364,-0.11216923371174,0.890304751770734,0.370184800570433,0.316154879984853,-8.215116512466,-1.09023652630924,0.930942723463669,0.279861274488191,-0.0771727935448238,0.387801863491586,-0.0216886522927731,0.317849076341502,0.419502384188512,0.133877726917405,0.102732821830016,0.297778800074159,0.245264017416258,0.179322814920132,-0.228204725210817,0.0313104985372721,0.0901713809325167,0.0162155572288504,-0.0287497384753137,0.0157278872787659,0.112038993564201,-0.122242882086314,-0.0169795066354225,0.0269200695784801,0.00279461008919903,0,0,0,0,-0.00873104966596231,-0.00788115364654038,-0.0213919634023296,-0.124817410546992,-0.344571342848692,-0.708525958382293,-0.504881906233176,2.29803078631415,2.50509386140027,2.09669033694355,2.25995135943916,2.17734322167783,3.04467000538753,-2.44879754483265,1.98831814195224,0.983988226830101,2.25964168592305,2.68814836836217,2.28979967302636,2.33834203104917,-2.75742936147923,0.0636303583870018,-0.558901020649274,-0.546512386529053,-0.637450389414322,-0.612863537889217,-0.512908108942649,-0.516545972271766,-0.462565537157045,-0.438465848498988,-0.323723756612591,-0.302303931312357,-0.329224455556718,-0.281311181006181
124,0,0.0632785863763094,0.183565238939116,-3.78437667793479,0.124584845026766,0.104639212670046,-0.0731144992757454,1.63404930024233,0.489707007596217,0.28173209087206,-8.00837966909986,-0.727124739113753,0.908185002781024,0.431394574379071,0.00610099263534907,0.296566276316893,-0.0382936268271033,0.273185484890333,0.362387334568123,0.21627592762842,0.0824474025945416,0.173090573839563,0.18495396442301,0.12953148348673,-0.23256446602836,-0.0362858005855294,0.0282126907638656,0.139629610447717,-0.124850320000156,0.0403948285378885,0.10020603011023,-0.194377189225849,0.0483108556570072,0.106856639090841,-0.110596903462601,0,0,0,0,-0.00830524586868593,-0.00569502615830108,-0.0140831834402537,-0.109908252904947,-0.325391041968277,-0.68657613065122,-0.460662531976667,2.26762369248187,2.49048665673993,2.09645147381745,2.20820183312951,2.12395107550277,2.97960470362082,-2.4343445017935,1.91331085253083,0.849428147795019,2.20495624689472,2.65335314520588,2.20033194565106,2.36327490242157,-2.83265662082469,0.0701944777692657,-0.563199669864407,-0.549228609923951,-0.633907555180091,-0.615900762283517,-0.522506613540679,-0.517985723932808,-0.472976352012352,-0.447866548342689,-0.3327350299147,-0.307666298569628,-0.334036447191867,-0.275983595207703
138.5,0,0.0569625702688799,0.165243069113627,-3.40664725281341,0.112149676465142,0.103713250885729,-0.0529181702402701,1.75945569917474,0.534308526455748,0.26267643556627,-8.20979235881899,-0.478347670552771,0.935289255938181,0.46141181126449,0.105053458086208,0.342097802993599,-0.10942952988446,0.232806099099666,0.294178857388331,0.0356798810990686,-0.0153074937666859,0.127244230473426,0.130637968965906,0.170193145066514,-0.133153616453764,0.0457047299762354,-0.0714870245518528,0.050941914643099,-0.129752388676212,0.0443668239604259,0.10093992171128,-0.0856216760941356,-0.0621697196221444,0.0921923582953553,-0.034567184100615,0,0,0,0,-0.00787949023064359,-0.00350883086264601,-0.00665571307905959,-0.0946461376049684,-0.306140771434338,-0.668052318918524,-0.495337375202556,2.23210579994252,2.46960789939897,2.09566493285609,2.16916985831676,2.0771695042353,2.91488221269242,-2.40819735182345,1.841921792513,0.739366938365237,2.16494069611621,2.63629118724638,2.1256563660474,2.39578994791338,-2.88850974506962,0.0708471553758607,-0.574636218057569,-0.557974538047633,-0.625393308601806,-0.614627365445587,-0.532476047846701,-0.520069959675276,-0.479891996057079,-0.453368006308971,-0.345306938402485,-0.314132938262321,-0.338407339006939,-0.267179173408715
111.5,0,0.0506465541614504,0.146920899288139,-3.02891782769204,0.0997145079035189,0.102787289101412,-0.0408083939003821,1.74719549690502,0.448655339732649,0.251887793345272,-8.66481505966217,-0.176264307070181,1.01985742274246,0.532981645953677,0.0104430684238604,0.322177303176064,-0.111798493380216,0.39616415786775,0.380553911157451,0.0842389341928268,-0.0378751866802262,0.0251435068193153,0.0519951586828774,0.0784363129021704,-0.12259742601891,0.0979878839809906,-0.00546094174469501,0.0385761661824159,-0.231833926420204,0.0811168669560492,0.116842169715329,-0.0566940216000833,-0.000743814475438073,-0.0126986170520886,-0.0654371993633606,0,0,0,0,-0.00745378289799086,-0.00132258865474013,0.000453404092108468,-0.0802736948693301,-0.288711430204561,-0.654234249616096,-0.579295497894978,2.19716802556908,2.45031933174667,2.09484607728598,2.13593233765689,2.02832997942303,2.85323228994814,-2.36640044542468,1.7932258700175,0.640848493437016,2.13830208169418,2.62623754482761,2.06651659676211,2.4453323214446,-2.94491469820825,0.0681660740268141,-0.591967927846067,-0.571376712933895,-0.619863644089669,-0.610176861383571,-0.539540897830912,-0.525948000096702,-0.489321340942753,-0.458538762496935,-0.360115188330163,-0.323628365256301,-0.343675574339958,-0.253751821225168
88.5,0,0.0443305380540209,0.12859872946265,-2.65118840257066,0.0872793393418953,0.101861327317094,0.0216102700321426,1.79838940076332,0.39805305927556,0.251169787956026,-9.21052104462323,0.162071804511716,1.10766003257782,0.597870405806793,0.0951169005929677,0.296858385982399,-0.16591441089812,0.342176889932001,0.284865209359719,0.0472869211949511,-0.0589704365376446,0.0163639471911522,-0.0384112954009495,0.0255962657396511,-0.140369337788473,0.05505494067748,0.0503044217084961,0.0121504672942753,-0.222389170031007,0.175457909459918,0.130763443877353,-0.0630491361909923,-0.022841419211082,-0.0170651091751631,-0.0882409234013901,0,0,0,0,-0.00702812401677996,0.000464370756073605,0.00605381805247745,-0.068589805791755,-0.274267061620886,-0.64110429503122,-0.643861352398379,2.16271972157687,2.43289394084055,2.09281138551758,2.10391171091268,1.98525456280654,2.79205978896983,-2.28619620361309,1.763345984376,0.541464857001944,2.12524139868733,2.61932323670666,2.0184844035442,2.50744123836251,-2.99653320794803,0.0479158733376831,-0.639193266921715,-0.613934664914411,-0.643428201105119,-0.629126301832833,-0.567599249069683,-0.550926957427081,-0.512005805426763,-0.476597981671818,-0.388253203295138,-0.349222848437236,-0.359177113406317,-0.250979009055493
107.5,0,0.0380145219465914,0.110276559637161,-2.27345897744929,0.0748441707802718,0.100935365532777,0.0801303727314898,1.11801246960648,0.487428377632272,0.263028339569313,-9.09576196940377,0.908940269557077,1.29963283628169,0.738268857617357,0.0851504362081318,-0.0958188044096722,-0.392213495839836,0.100197510558241,0.072134660042532,-0.0963588791942587,-0.109127361659802,0.0853302810293321,-0.0400161408331839,0.00350051218658966,-0.189406917303288,-0.0226698061725235,0.0622092861762423,0.0642746497478267,-0.116413045733001,0.14712173278343,0.0314830718237438,-0.119410465450848,0.014563113452479,0.065855020384622,-0.0328997304282612,0,0,0,0,-0.00660251373295968,0.00184178196669756,0.0103337718858449,-0.0591813728032559,-0.26153285968474,-0.626425900940193,-0.673061217892965,2.11224362612617,2.41182854345133,2.09636056125679,2.07582006806624,1.96308981069557,2.73994017511799,-2.1738198350147,1.72150991450106,0.462389170171457,2.12856627798538,2.61292213453044,1.98298849922536,2.56474935817506,-3.02517989291323,0.0203629454122281,-0.687380847670566,-0.65430693796808,-0.665792752757758,-0.646739462528788,-0.596004590749426,-0.569843675027106,-0.523571751537238,-0.490129185250014,-0.416557457669602,-0.369365993776231,-0.36781655270216,-0.251629401130409
147,0,0.0316985058391619,0.0919543898116721,-1.89572955232791,0.0624090022186482,0.100009403748459,0.0838293811184341,1.11105008362616,0.508331027137257,0.285143692485243,-8.78983721045401,1.4661826966716,1.26040059446412,1.02126073657999,-0.00597801334220724,-0.45077630507972,-0.387732071178568,-0.185681145331497,0.0823131492576826,-0.13990938643222,-0.103317657491273,0.178153825352068,-0.0613097308731481,-0.0560916404997442,-0.111907365358652,-0.0262916058359564,-0.0109175993763205,0.0917618812972417,-0.0961001785560434,0.0879764356313081,-0.0341389626692691,-0.100821583665077,0.143693759281191,0.029511695889052,-0.0278252562557656,0,0,0,0,-0.00617695219237506,0.00321891090668084,0.0146151762874682,-0.0497509015318964,-0.247647221412831,-0.610185519064851,-0.68124713220761,2.04180945222152,2.38854536689647,2.10599942237745,2.04954830184597,1.9375192524187,2.70910667033661,-2.10085223544159,1.66520109084867,0.410925789772386,2.13775505493335,2.60975252158965,1.94829392348637,2.62043882313533,-3.04501905503219,-0.00260702704585682,-0.70875145645646,-0.66007199549337,-0.659513933331083,-0.632228312255508,-0.599717062456409,-0.570845120166515,-0.51555531919172,-0.483087237638642,-0.427076992044169,-0.374153310891956,-0.362659123177277,-0.248950096563365
186,0,0.0253824897317324,0.0736322199861833,-1.51800012720653,0.0499738336570247,0.0990834419641421,0.0520696302362285,1.10128406125398,0.554063837788986,0.312429607334978,-8.70773919276513,1.70192823828364,1.16325525847119,1.22428750343077,-0.0134367611393019,-0.513010627528889,-0.349065458469017,-0.32176920369146,0.0863407095277474,-0.0803120679139043,-0.120241340696712,0.292256513970758,-0.120686673640563,-0.106838713436215,0.0261266456739383,-0.0256147987842847,-0.0670731176785122,0.0500737306236258,-0.0215029825884871,0.100109995082224,-0.113404597278471,-0.122577260774223,0.223590076374365,0.0889341825793841,-0.0851854034233358,0,0,0,0,-0.00575143954076725,0.00459575244100806,0.0187706717825401,-0.0405844612327711,-0.233836694453152,-0.595005577639175,-0.687109787788206,1.97955721390004,2.37185675664647,2.12144675630819,2.02525714324172,1.92098408965111,2.69054785800141,-2.08529888351988,1.62574769492445,0.367447057050692,2.14202404577488,2.59506046975494,1.91542279860277,2.68118655159384,-3.04357931105669,-0.0318608657728469,-0.729434094743352,-0.663568922134946,-0.658707953350108,-0.617760370959027,-0.598623314482734,-0.572349777128167,-0.508876773446384,-0.473017695095424,-0.433350964556089,-0.380804236109009,-0.361102032815989,-0.248510132551334
186,0,0.0190664736243028,0.0553100501606945,-1.14027070208516,0.0375386650954011,0.0981574801798247,-0.0778216566181093,1.03423712650335,0.487034328654797,0.33994783933321,-8.75862252914475,1.91676513249543,1.12430718984203,1.10111050508527,0.0564726540596382,-0.481653875445386,-0.437833677296447,-0.273010582612831,0.0207905347852328,-0.0806617475142849,-0.162017583043724,0.30457799542474,-0.0649957202394164,-0.106770563416582,0.110411223459808,-0.0403421139795514,-0.163719456464574,0.017178193745546,0.015037402795424,0.159902058853003,-0.144917361737398,-0.154572369247847,0.177417026803576,0.124259680797554,-0.0959714809122013,0,0,0,0,-0.00532597592377292,0.00597230144116605,0.022656881209581,-0.0325932431527704,-0.222782143523185,-0.586626699609403,-0.709274030588836,1.94297019334049,2.35934535843734,2.14302323542009,2.00540984903425,1.93768464609669,2.66073113261705,-2.09018882566712,1.61563848557116,0.336306237190226,2.15282190202774,2.56045937248182,1.89246212969744,2.74104118045337,-3.05168777529422,-0.0571722698340896,-0.743372406008479,-0.671210597254565,-0.668478872393452,-0.613443880498625,-0.595736638645012,-0.569554729346015,-0.501984994266685,-0.463227959718982,-0.435751623884655,-0.385838288183559,-0.363526041893635,-0.248473700282854
144.5,0,0.0127504575168733,0.0369878803352056,-0.762541276963779,0.0251034965337776,0.0972315183955073,-0.244872232942165,1.46634912939575,0.425401769252277,0.392003287416586,-8.84270014384195,1.94880478879126,1.12266155865173,1.07286242388947,0.0735088232132619,-0.468713597173383,-0.396194404824188,-0.214040527218511,-0.0255004180643003,-0.0848582887034528,-0.118195523261287,0.241616518505579,-0.0117751025846827,-0.146740589481433,0.174213098254347,-0.0504736535199393,-0.244950448265716,0.0476116184864929,0.0458214920536351,0.1053654626825,-0.103796228501972,-0.139537648892656,0.149878478182164,0.0735673378221738,-0.078156009698473,0,0,0,0,-0.00490056148692421,0.00734855278525506,0.0262808683971333,-0.0257379842247315,-0.214382970684679,-0.58437174481117,-0.739695633856862,1.91406794941845,2.34083604892317,2.16841991448866,1.992533408389,1.97326922676676,2.63598576442029,-2.09772326832001,1.62762262765636,0.334788207790639,2.16991004762096,2.52336672642892,1.87499616607502,2.78560775647834,-3.06005512090037,-0.0824382358314193,-0.754945182238128,-0.681733083069567,-0.682351597051544,-0.612178072342537,-0.587831201378509,-0.566193674022539,-0.498426661452979,-0.459928089359631,-0.441215865517159,-0.390474573922313,-0.367526077639989,-0.247107047174553
102.5,1,0.00643444140944381,0.0186657105097167,-0.384811851842402,0.012668327972154,0.0963055566111899,-0.347969865893881,1.8849487703629,0.549558432108207,0.45567994308547,-9.1012136799147,1.85450210160429,1.2173927764636,1.2133013887533,0.048281371439102,-0.470963569284005,-0.22492510761165,-0.230765597945794,-0.0159705484919608,-0.0774798864684208,-0.085781635728395,0.252305346838079,-0.0802678834647903,-0.223179346962315,0.213103688598927,-0.0756071242939238,-0.207223079015818,0.120477218992711,0.0547539385826782,0.0207905240262124,-0.11382638751394,-0.0257846040140755,0.158866314671431,0.0206439649341955,-0.0912082113743823,0,0,0,0,-0.00447519637564842,0.00872450135810036,0.0296657983134543,-0.019970294789629,-0.208801083153539,-0.589072049758658,-0.778366470231151,1.87264909274693,2.312754149282,2.19454195856458,1.98899207902913,2.03026319580876,2.60948471913418,-2.09775370475283,1.64163065614273,0.365889866064309,2.18686267608584,2.49538400055235,1.8670323263071,2.816365996178,-3.04399903540072,-0.112255513716872,-0.770948760528867,-0.692025015387233,-0.697194622613278,-0.609581642995185,-0.577408868650235,-0.566599500590198,-0.501351033942068,-0.462910229412936,-0.44887815759474,-0.39379390749335,-0.371425865406855,-0.240594134250819
101.5,1,0.000118425302014306,0.000343540684227924,-0.00708242672102599,0.000233159410530448,0.0953795948268725,-0.384950083172883,1.6419967067017,0.602129541322385,0.366426836587964,-9.49508544693025,1.8751765440121,1.32515534367441,1.22254094415308,0.0509880629681604,-0.469323667908137,-0.181613288942005,-0.0897945454761246,0.0449064118821842,-0.175878350659003,-0.0395329570733308,0.277463076502377,-0.118265279338021,-0.23647123690047,0.163878663291959,-0.0578875798509517,-0.139408538687657,0.10502497377833,0.0908710665416241,-0.0130779756215723,-0.0828858308472603,-0.00577684279176668,0.0717113329156613,-0.036327126156053,-0.058471213221634,0,0,0,0,-0.00404988073526786,0.0101001420513629,0.0328855262911505,-0.0152807869826078,-0.206089360817471,-0.601660832997675,-0.833887905776525,1.84485186369672,2.27898577941094,2.21938298511296,1.99244223481208,2.10821224887078,2.57368690601095,-2.11323292005907,1.6632844164533,0.40505722326215,2.206677475169,2.49437282839325,1.86566208512773,2.87123540769632,-3.03126640462257,-0.138447269326983,-0.785000598132646,-0.69901276092831,-0.712574544637486,-0.60929612524493,-0.57197890105622,-0.568632201245534,-0.50951865348647,-0.46864121697762,-0.455337906074585,-0.398631517033073,-0.376692411440007,-0.241218946567835
101.5,1,0.0617217835842072,0.31890625,-3.79485794687006,0.329291471494738,0.132035850253807,-0.39801926751788,1.08085332529013,0.595832874849445,0.28972414496342,-9.93381830243475,1.85530006071918,1.37886762315615,1.10270244410452,0.16590270025078,-0.275991412875627,-0.123629602893377,0.0920309492943689,0.0450185301456491,-0.252530086931296,-0.0784688197160921,0.22043578610643,-0.0643278912075499,-0.216831393931864,0.113225249808446,0.0105322673717334,-0.150275458454924,-0.0367876162247213,0.0772958656423983,0.0140461538354965,-0.00141311196930463,0.0299718021033387,0.0334498589281956,-0.0340806707258393,-0.0602962597218553,0,0,0,0,-0.00362461471099926,0.0114754697636511,0.0360040230533578,-0.0112661471039084,-0.204627743892489,-0.617526975727999,-0.892147547976786,1.82607547901397,2.24583101672261,2.24397748251819,1.9989613038134,2.17822195627102,2.54672582572225,-2.19037607668827,1.75040609999736,0.431901865321657,2.23102817234683,2.50889808388457,1.8488810381219,2.92482565473798,-3.01706777418919,-0.167664062175416,-0.816846197237689,-0.729658102801046,-0.747567045008433,-0.633745494019897,-0.589755386041725,-0.585823950512916,-0.53136329162449,-0.487934681433805,-0.474568883367784,-0.413802029016827,-0.385246489548685,-0.255270209659183
101,1,0.102955494586658,0.41813010024521,-5.16580203546505,0.244261707201399,0.120145653163405,-0.404587818796724,1.08665892458022,0.572292739760446,0.386897114097194,-10.2014052081586,1.7175009400188,1.29159265625451,0.984883674991703,0.159657357479521,-0.11144261389828,-0.100143999295317,-0.00262946748778636,0.0642957157156076,-0.150836970286725,-0.0563791200434937,0.273095383030521,0.0214781166157911,-0.0594939697596387,0.107953698218387,-0.0122411650391907,-0.197555804753942,-0.0987890827471925,0.108858249359423,0.0891090772944297,0.054043755539874,-0.0281949135405234,0.0103803666155484,0.023184973943483,-0.0975418582157491,0,0,0,0,-0.00319939844795375,0.0128504794006299,0.0390971279068117,-0.00724418818283772,-0.202330039671321,-0.631970490880755,-0.938512372325248,1.75950321175979,2.21135258445547,2.27426393483756,2.00376603887395,2.23335741501919,2.53117757483177,-2.3046718699086,1.84291978610079,0.44229419309205,2.25827027994271,2.51593947573538,1.80592429451029,2.95299307951896,-2.99098457144882,-0.180496918220216,-0.829616517789791,-0.750548524023607,-0.773018368734506,-0.656258496045268,-0.604735354394926,-0.59762740289736,-0.552743176554558,-0.505008135859415,-0.488429183383592,-0.428254314806492,-0.393611879883133,-0.273334020751624
100,1,0.069249957753682,0.738262527736686,-5.04498049625689,0.339507307437695,0.122502403846154,-0.420476155001784,1.36785469968146,0.496580510406498,0.448775337211892,-10.5472409444449,1.55669020829641,1.14375246236101,0.797643228747541,0.063319669344207,-0.0392492596608398,-0.119153344045738,-0.0404260472365087,0.0535126768470228,-0.0304799106530578,0.072207101971455,0.371907859281057,0.102100681555244,0.0490088605600283,0.128568368822668,0.0308154237521006,-0.188638260637022,-0.0680461293999968,0.108323768713881,0.141013388541264,-0.00135536870028423,-0.135324753709743,-0.00931916298853646,0.105829960946643,-0.0119478515950048,0,0,0,0,-0.00277423209113653,0.0142251658751317,0.0421626094584822,-0.00260656638831986,-0.197659769187288,-0.643434747324499,-0.975438114600427,1.64125652870623,2.16958407273781,2.3050856762278,2.00657534820601,2.27029345836823,2.52648272215693,-2.38639626720834,1.8793689377753,0.445144826050957,2.28233359270083,2.51027884437135,1.76571543529312,2.97503123847822,-2.97696315121893,-0.145952366872506,-0.760810103627266,-0.697970634455648,-0.733491905708927,-0.620985832406649,-0.56387091295585,-0.560674955715424,-0.537636722068239,-0.490722865805874,-0.471716699600645,-0.428518775009844,-0.396504269421344,-0.289551477332471
100,1,0.0914274081703179,0.355946464072707,-4.84394721143757,0.150009881312878,0.146182196894504,-0.43580201951866,1.8752923169589,0.500960327475253,0.471031447744527,-10.3065064321202,1.17561906061251,1.03842284077234,0.77674917263797,-0.0799242780895361,0.117035160991728,-0.0125205053034541,0.101956001170658,-0.0475491557630662,-0.0523822232966846,0.104006790587349,0.265915429119148,0.0443781922322156,0.0155377321502244,0.0528181333126445,0.0641396332659195,-0.167837296688897,-0.0209142668134532,0.0809337159370303,0.0926693063040195,-0.0366127477867925,-0.110156286733595,0.0238895448484862,0.0820619956127167,-0.0283338444383487,0,0,0,0,-0.00219248157652432,0.0160609609626664,0.045779373798496,0.00308773723507431,-0.191402974033957,-0.65580359687047,-1.00824988697944,1.4925085783979,2.12165556504735,2.33182835115033,2.01323662160981,2.29394057848264,2.53578241118042,-2.45707752612369,1.90365878533261,0.447238095826347,2.30039353769199,2.4927381827299,1.73830694328725,2.98910884534203,-2.99259826865785,-0.0986124393302483,-0.684939559648863,-0.645937441784949,-0.689137012884355,-0.584354956560514,-0.520984731721892,-0.521961217173319,-0.52038083408043,-0.477685971943403,-0.454188734023216,-0.426957150362393,-0.395705690080561,-0.30012796789714
100,1,0.087269254302424,0.339757881283726,-4.62364261967236,0.143187373919456,0.143470072674675,-0.425297275439284,2.49650100645111,0.532030082718185,0.480219884228758,-9.74019315161602,0.853635979558751,0.905434714795548,0.91441206354308,-0.137944070980548,0.0160875852717058,-0.00760648734686401,0.158305685570514,-0.10138707312786,-0.107639658967929,0.0874396488719384,-0.00636061100758314,0.0705440535028188,0.134715894517402,-0.0514597928439066,0.0128181068978424,-0.130611343443998,-0.0391289358641664,0.100049326007746,0.0323286888036887,-0.0548302032826317,-0.000602755927915935,0.0214505898945943,-0.00191930106075638,-0.0461748822218787,0,0,0,0,-0.00145017654135034,0.0183700627906014,0.0499181920261334,0.00934863557106611,-0.18522353696019,-0.672117719313382,-1.05073170750908,1.3464806161147,2.05885447280178,2.35673749453014,2.02631016460098,2.33337296085354,2.55209957801112,-2.55158108246636,1.9309452358386,0.439704844330476,2.31696306853604,2.46448617946243,1.71287648358809,2.99483377776019,-3.04043915925513,-0.0623302490437183,-0.649730738799721,-0.636540469813286,-0.674633462306817,-0.579598762701105,-0.51266155010111,-0.514006240864474,-0.527622434766183,-0.484024144852364,-0.450275855162865,-0.426290608846973,-0.392445689366036,-0.308832782410358
100,0,0.08311110043453,0.323569298494746,-4.40333802790715,0.136364866526033,0.140757948454846,-0.437436793841521,1.70455433516378,0.628275879184408,0.42934712841697,-9.71401635528627,0.813772772834099,0.76514912427513,0.918558377658711,-0.210834247366896,-0.0953511436020326,-0.11125631905594,0.040171681395712,-0.130127107650751,-0.129055258257272,0.0706073714833947,-0.0465316343548613,0.144564991652144,0.273229710421594,-0.0204682024959061,0.0512039206206935,-0.0496912824565815,-0.0286031013883356,0.213781912195091,0.073632456042455,0.00392895146885502,0.074407302566702,0.0884448620352222,-0.0114955269695012,-0.0251470490198157,0,0,0,0,-0.000707911879799747,0.0206798724390605,0.0538629700009459,0.0154385613919225,-0.179372706589779,-0.691139672229444,-1.11156046698464,1.24724414227619,1.99112799533472,2.38164522855118,2.04564320669256,2.39603199552371,2.5663979110361,-2.66080909035633,1.96676725704592,0.427835828928944,2.3381336991058,2.45662056671445,1.69584857033809,2.99880690049715,-3.09818748139514,-0.031144423490137,-0.629871657207157,-0.632923239873996,-0.658178086402731,-0.571805763544818,-0.511515994131112,-0.514656722423472,-0.535262613340174,-0.488240268770526,-0.442083686783181,-0.420187900885514,-0.384844399464535,-0.315351317363262
115.5,0,0.0789529465666361,0.307380715705765,-4.18303343614194,0.129542359132611,0.138045824235018,-0.480285758750165,1.51588865617034,0.679230089793683,0.417189875539287,-9.81183035027887,1.0851821273747,0.790038018501454,0.987929387330983,-0.23993450730415,-0.17504690140374,-0.280718559324998,-0.085259922308939,-0.143521244480212,-0.150720338159155,0.0761902930458595,0.139696633032306,0.099391341900419,0.193958343359448,0.0146324498795653,0.136079231026025,-0.037074114156341,-0.0122140193394594,0.285424480268338,0.113163680962369,0.0531910902039302,-0.0111152770251003,0.136630925313213,-0.0190124264920844,-0.0431491737836819,0,0,0,0,3.43115935776507e-05,0.022990365575886,0.0576191812650551,0.0211242033689465,-0.174254286109455,-0.714722825922482,-1.19436631664665,1.18379472592822,1.92826814614711,2.40709907595473,2.06732249663684,2.46830886105396,2.5784972021328,-2.76204223003105,2.00683401445222,0.417615427949104,2.36906241096335,2.47488065954146,1.68582979327828,3.00883292655161,3.14057331478149,-0.0019481467968976,-0.617476887256726,-0.635348526578249,-0.64417233939785,-0.563111868499414,-0.519002185359299,-0.516703776116705,-0.537742191335665,-0.485683736940015,-0.427475748900187,-0.412236813910698,-0.375773839827161,-0.319441843371757
104.5,0,0.0747947926987422,0.291192132916785,-3.96272884437672,0.122719851739188,0.135333700015189,-0.458661367474563,1.70234597959718,0.583852885852132,0.353473010680858,-10.1917979666277,1.34068266387887,0.804423447538865,0.998644057213597,-0.100039828186345,-0.143956659714515,-0.359980403246059,-0.126835605590308,-0.146009956296988,-0.188891640767566,0.0622329630173864,0.24152266891532,0.0516249158157012,0.121317536725792,0.0957699576628821,0.116786615778671,-0.0903020573935059,-0.0563462681639276,0.203509876864943,0.08830184041957,-0.0209139093530684,-0.136798572873527,0.155081731302249,-0.0302388108390648,-0.0359807810801702,0,0,0,0,0.000776493064503764,0.0253015178253285,0.0612083040728665,0.0261222518348593,-0.170984414288495,-0.747455080893176,-1.29792469642865,1.1396439107952,1.87118181027747,2.4257280638508,2.08113734391987,2.53085094535363,2.58810027379928,-2.84659990041856,2.04391237519551,0.414790502535386,2.4094232567118,2.49660142735465,1.67556874228764,3.02234243337243,3.10752219366073,0.0313304830791901,-0.603985900749795,-0.642041278623155,-0.635928739009717,-0.564024889300908,-0.532475821848402,-0.51673904494232,-0.535139809864899,-0.480556192319726,-0.41497239317785,-0.404426978277278,-0.364970696762391,-0.32253008999957
133.5,0,0.0706366388308482,0.275003550127805,-3.74242425261151,0.115897344345766,0.13262157579536,-0.327690416324726,0.994468375354424,0.594937263029441,0.188040034302333,-10.5438476076154,1.29767530388532,0.516131468254487,0.843761972666644,-0.00702150060051745,-0.101820919675056,-0.243373770750516,-0.0571832258889358,-0.0922740256960592,-0.14051933710261,0.0214796732529913,0.249655875204246,0.0535264345743574,0.134944922684049,0.0910054443908598,0.0590688226378435,-0.0359990017982369,-0.0105895138674642,0.15778222016923,0.0762289417299211,-0.0521276636426741,-0.122788992336901,0.131612275882205,-0.0268136095771055,-0.0688338099703329,0,0,0,0,0.00152318288610645,0.0276177761069821,0.0640082879434711,0.0291048437632886,-0.171720295802995,-0.786749513029838,-1.40711351901894,1.18481587197969,1.82657748339508,2.43749041478462,2.08924935948198,2.57963589790935,2.59973329531387,-2.92443156656395,2.08008876702899,0.430719367373056,2.4606038908651,2.55614096477717,1.66798864026806,3.04082566350844,3.08487115877558,0.0615549539859909,-0.592690980850108,-0.649305514726175,-0.630282897726465,-0.573060591374273,-0.543849120548741,-0.518529440240328,-0.527362017740357,-0.47339374375227,-0.407283291015724,-0.396081732186801,-0.35457879585049,-0.322882125684246
189,0,0.0664784849629543,0.258814967338824,-3.5221196608463,0.109074836952343,0.129909451575531,-0.269345306267257,1.59995772321492,0.557030698520155,0.101236375623133,-9.72827243147886,1.25014564409271,0.182241175753039,0.846458700034573,-0.057113760749554,-0.495356032491629,-0.306586299082012,-0.155060031437962,0.0125912265804393,-0.0943884363486541,-0.0605269678351258,0.337820349034237,-0.0355186966723141,0.170415977166009,-0.0653299907721516,-0.0477630598449209,0.0361826445818704,-0.0547847630193424,0.255821872512244,0.0312178332881272,-0.0946118024867225,-0.0734691041740233,0.111342852614484,0.056596722273917,-0.130350981878107,0,0,0,0,0.00206022620289812,0.0294825914707472,0.0654184570617111,0.0292769595447157,-0.177853354790441,-0.83546633879363,-1.52934586555862,1.35675598269361,1.77410039705856,2.45386062673231,2.09892549751618,2.62021026305477,2.60939458419568,-2.98905526317943,2.11727638545118,0.47285335954659,2.51235094252065,2.65325275530381,1.6690456894795,3.04897232259208,3.06639394938078,0.084916948964903,-0.585506411812099,-0.655275062738834,-0.630714522954754,-0.581684310881536,-0.547896842756806,-0.519449176706591,-0.518366536188372,-0.464892563736703,-0.401685285835271,-0.387878876035202,-0.351168506207335,-0.322608025655202
126.5,0,0.0623203310950604,0.242626384549844,-3.30181506908109,0.10225232955892,0.127197327355702,-0.30145699057961,1.64790601627195,0.55586667561919,0.0856869268411463,-9.15503101244392,1.34770520483997,0.158662344434916,0.963271729615564,-0.0891491054152315,-0.805650625014381,-0.468058724545717,-0.293084113005869,0.0626609061285283,-0.116105533048232,-0.0659176433087914,0.486626991210726,-0.0605050556930214,0.219534020248632,-0.121289725671545,-0.16946271235677,0.0235246858814543,-0.180361461176369,0.356265313805181,0.0112475133262659,-0.158015438333226,-0.0728049134160679,0.176310239881476,0.164663473272642,-0.146031426877856,0,0,0,0,0.00237756315706065,0.0308801356743242,0.0661650481503963,0.0282424979933851,-0.187170416245567,-0.896371063443853,-1.66954895840491,1.60866580455464,1.72342058322918,2.47693668470392,2.10831619489187,2.65034336606224,2.6114630559102,-3.04235539594347,2.14865206463087,0.561502401008838,2.5638015864362,2.73664069721814,1.68669037336075,3.04701358076997,3.0788322596684,0.1027687943703,-0.581359708539423,-0.655553239751591,-0.63311626553205,-0.583624518490209,-0.542203785083627,-0.519724012213023,-0.513057796472739,-0.461225128765056,-0.404310925898677,-0.385791341755465,-0.353034354132946,-0.322053894381782
74,0,0.0581621772271664,0.226437801760863,-3.08151047731588,0.0954298221654979,0.124485203135873,-0.303334399190411,0.756042074690609,0.668268751596094,0.0757464556264202,-9.88719336065801,1.51954982300469,0.381195868544031,0.851701258301595,-0.0139630315420897,-0.729655499771594,-0.360365570048818,-0.133079994925288,0.0943032567008041,-0.152663470872327,0.0623302383914088,0.579764332308552,0.0993401867734391,0.260540645160017,-0.0551478033199831,-0.176220850651268,0.0562589146826,-0.23533655125622,0.219008934485633,0.0576302135203049,-0.0936880390805855,-0.0211600543557957,0.159649763325469,0.191853613082993,-0.0874931216080356,0,0,0,0,0.00269491979318056,0.0314190699574412,0.0653192127933031,0.0249827531758223,-0.198226640827772,-0.958725048225037,-1.80590755985606,1.83988777271961,1.69346385153595,2.49550821774733,2.11695171263689,2.68481949118067,2.60992635021766,-3.08559303997314,2.17469744088509,0.69717455360859,2.63587351278399,2.76255930933738,1.71978952221013,3.05588741456673,3.11048217874135,0.11344131386805,-0.585145297041009,-0.654966180165823,-0.629913967428032,-0.579687415674327,-0.535659097613299,-0.525830202341554,-0.512094620406466,-0.460319332136417,-0.415086182938522,-0.38884839262923,-0.357705305104213,-0.318025276020767
85,0,0.0540040233592725,0.210249218971883,-2.86120588555067,0.0886073147720753,0.121773078916044,-0.311331128286943,0.888393776398331,0.619746848021755,0.0912390851194939,-10.4193878149994,1.50275094869031,0.652245176323966,0.683163495390432,0.112690361372263,-0.52962559706876,-0.150357561369392,0.0423060455801489,0.174999193852331,-0.147188968790235,0.163467404981621,0.559033677316133,0.136050932966526,0.237279270734527,-0.0170488872845798,-0.087858066788562,0.11064015466476,-0.269437142748807,0.0763581409750035,0.110759903461128,-0.0235924496150718,0.051383979272653,0.0818140421028459,0.1099879787213,-0.0747365851933571,0,0,0,0,0.00301229604915771,0.0310769993664275,0.062321859421857,0.0181041480263524,-0.212634059386228,-1.01522112797733,-1.9177407691422,1.9761801293533,1.66850034020384,2.50777191601774,2.12216805008917,2.71339174291096,2.60256453937408,-3.11383326648144,2.20042266078588,0.97733902629095,2.73529090350286,2.73248248272144,1.76289197733956,3.07634481730515,3.12266948836667,0.116667429184086,-0.598660677887934,-0.654156184138951,-0.625187171708578,-0.576210954049834,-0.532980541835803,-0.534358790267126,-0.510588745729536,-0.458973437824851,-0.420575808360725,-0.391984585560966,-0.367970290768798,-0.315165110709082
86,0,0.0498458694913786,0.194060636182903,-2.64090129378546,0.0817848073786528,0.119060954696215,-0.283045239772791,1.11217724755276,0.5143462266056,0.137791717578215,-10.4472976385765,1.25242562483231,0.793973767098478,0.59743990274642,0.207843269449053,-0.347716434582809,0.0245487104153919,0.0779054539411863,0.294202638923162,-0.00822846887280923,0.139222263209192,0.407186857252388,0.0810110579162701,0.22982190009272,-0.0320667784110367,-0.0789090195368262,0.0131768984818777,-0.265407645753443,0.203128510602498,0.152792402588222,0.0154089315754014,0.0723352444269575,0.0764678852076021,0.0538742377646495,-0.145204432759775,0,0,0,0,0.00332969186286856,0.0307349254463533,0.0590505086862569,0.0103521554738532,-0.228076749097404,-1.06494675221185,-2.01130529631821,2.07885825563051,1.6473077453484,2.52086515006642,2.12995649949618,2.72835495079989,2.58721828043434,-3.12754715912474,2.21799370385857,1.29216734473937,2.82463182558926,2.68902965355958,1.81852419439599,3.09237324185916,3.12654808748258,0.114438699352426,-0.61086221107727,-0.649092736727344,-0.622633408184751,-0.578266383441766,-0.535688157232603,-0.540964277087515,-0.505596222356109,-0.455114672906891,-0.419562444718849,-0.395704914914804,-0.382013792739045,-0.310523054349051
86,0,0.0456877156234846,0.177872053393922,-2.42059670202025,0.0749622999852302,0.116348830476386,-0.246762622162107,1.82750522494288,0.415642316058675,0.174850747687771,-10.0406538018071,1.2745376682216,0.654640886994019,0.55530255187266,0.260662337390078,-0.391597251154365,0.0529620650857258,0.0163384060655311,0.398644841577991,0.0655179027114269,-0.00116565060210093,0.31575615580364,-0.0406142084380302,0.234628440982159,-0.0554903773854977,-0.146879438035677,-0.0331523147463041,-0.179293152190986,0.282153269900844,0.0732716241098395,0.0861574939501748,0.000786366725553364,0.0655050015826018,0.101910420439739,-0.134795017257755,0,0,0,0,0.00364710717216612,0.0303928482772265,0.0556226024429387,0.00189646117396853,-0.244238705543739,-1.10621939463852,-2.09233914911515,2.1926505900007,1.64893669402115,2.54110013997616,2.14124695987995,2.73731045102403,2.56892078909464,-3.13002161591523,2.22916470262641,1.50064072655543,2.87682368498806,2.63968889262223,1.88763706157858,3.10067444866053,3.13190045334411,0.110034482555845,-0.615423502129789,-0.642683341395516,-0.625523893327077,-0.588857635842276,-0.543067438830692,-0.545638328624974,-0.502237455446958,-0.449622891900233,-0.419684091811578,-0.400266093187375,-0.393046298866163,-0.30212583121903
86,0,0.0415295617555907,0.161683470604942,-2.20029211025504,0.0681397925918077,0.113636706256557,-0.246762622162107,1.99663657512154,0.368528576798639,0.185907577191563,-9.38793584445975,1.60272142799359,0.406700360190751,0.63952621190869,0.273701935878815,-0.604054056375311,-0.0763273161195127,-0.114656945752262,0.438148892505788,0.0345933209547499,-0.106130422523788,0.351812878935126,-0.183807441789319,0.153467436423778,-0.127769701355573,-0.176334819837723,0.0232537187467567,-0.0912286349595899,0.249764789716921,0.0417751198569231,0.119388513725731,-0.0994891540481899,0.0331924533719068,0.124970868046429,-0.142756754527611,0,0,0,0,0.00396454191488005,0.0300507679390595,0.0519852153967824,-0.00740678102413168,-0.261169011877616,-1.13922452940002,-2.16611261374192,2.29184929544067,1.6773390178041,2.56291100914754,2.14718522352615,2.7304623064082,2.5482812854608,-3.13704558809649,2.23900992340992,1.69467787478005,2.90302087972619,2.58893327365472,1.96939412266803,3.0967789423038,3.1192430682136,0.104898793393136,-0.618141260910164,-0.634307854481877,-0.631672801256814,-0.606275955712356,-0.551209515508715,-0.551707143250643,-0.503431256880489,-0.447459785243926,-0.420300961959689,-0.405173715909371,-0.398279367386367,-0.291036610927617
86,0,0.0373714078876968,0.145494887815961,-1.97998751848983,0.0613172851983851,0.110924582036728,-0.246762622162107,1.31370809776783,0.446126986649595,0.124359126404315,-9.09704586880825,1.88854553788327,0.252726876540014,0.67569813839445,0.171489381550323,-0.789324008476186,-0.0708477733567168,-0.208278485818821,0.388569431231587,0.0288296074059058,-0.158089001954805,0.355551047110955,-0.17440465816719,0.135646729906367,-0.184925624538971,-0.176433488572908,0.0696779598298164,-0.139420183260722,0.236027770019531,0.0898759484074448,0.036208001354738,-0.0814378186977677,0.00614992191903245,0.158622911514841,-0.186168579265091,0,0,0,0,0.00428199602881666,0.029708684511869,0.0490203011136058,-0.0148502925633799,-0.2738915398759,-1.16175263900802,-2.23259941704764,2.35533553533396,1.72037384773659,2.57654795354868,2.14788002859296,2.72295607782593,2.52194772264053,3.12575171880748,2.23612240717187,1.86499311543224,2.91400193752192,2.55403937424003,2.04698010703744,3.07941710618817,3.08267911708389,0.0953884635029609,-0.626106841179381,-0.626512273154052,-0.635498655674846,-0.620804681501175,-0.557294275816165,-0.559126539210196,-0.508351145749695,-0.450672423859611,-0.420869642703088,-0.41050666641161,-0.401504230929879,-0.277985330507555
93,0,0.0332132540198028,0.129306305026981,-1.75968292672462,0.0544947778049626,0.108212457816899,-0.298115116986987,1.38808733243847,0.465280710595653,0.133794074734858,-9.23611887432421,1.8964753374323,0.281249473774736,0.604581291874778,0.0869716715695166,-0.796896042192213,-0.0277909519227648,-0.162235392874158,0.310240018828676,0.0846028208325209,-0.111285933986185,0.353096089712823,-0.154932522653093,0.0686854292763982,-0.177269052010688,-0.126033066546053,0.160494796593955,-0.189484783859708,0.210096020833449,0.121484216197277,-0.0280566708711601,-0.0438322492381544,-0.00673746486848212,0.142255571678888,-0.168269537687,0,0,0,0,0.00459946945175917,0.0295670078748602,0.0474573883504632,-0.0192332579059589,-0.281340764027352,-1.17497568896036,-2.27942695962475,2.38801704449262,1.76938773319979,2.58572067576665,2.14590941545844,2.71144100458436,2.49228219395728,3.09310910825801,2.22560260984271,2.0157448248029,2.9143676963401,2.53175921342375,2.10648655016424,3.0538938121026,3.04826792655839,0.0867744197579988,-0.63545067233404,-0.62085587637235,-0.639497619198253,-0.629773360931813,-0.564834829328685,-0.566452177788209,-0.519996115204269,-0.460419441491171,-0.422810596246533,-0.416122335558364,-0.40477466310895,-0.266904591392089
100,0,0.0290551001519089,0.113117722238001,-1.53937833495941,0.04767227041154,0.105500333597071,-0.336093125494801,2.07200676440888,0.514978476445829,0.255351545323518,-9.26159631074851,1.74606104827561,0.250491909361766,0.5456949702776,0.102348045494218,-0.761765516139602,-0.0999636638822368,-0.122421063412626,0.237251488099748,0.178232108454936,-0.0679417954160739,0.362677952354509,-0.106151219174906,-0.0258504619872409,-0.116444659988187,-0.1259167488726,0.117334882779402,-0.148741399087851,0.191054804127399,0.179864306927668,0.0197656650341899,-0.0653947761949702,0.0841218772890856,0.0790771320325816,-0.172814326838552,0,0,0,0,0.00491696212146761,0.0296308159664408,0.0468635415232833,-0.0214711932706313,-0.285029008279041,-1.18198493859899,-2.31651313680714,2.42235029958265,1.83223787452411,2.59350449906244,2.14463650494288,2.68398743179849,2.46432314901387,3.05814632348312,2.21971514829964,2.11793925030541,2.90025676575746,2.50498296478231,2.15094002442335,3.02676772022412,3.01437184860217,0.0771721895026093,-0.645361638127182,-0.617628108334817,-0.640909250688149,-0.634354828466081,-0.579192393964421,-0.573556134801745,-0.535644011972058,-0.47636605224186,-0.432476472955704,-0.429001823296069,-0.408423907156959,-0.256786515140043
96,0,0.0248969462840149,0.0969291394490202,-1.3190737431942,0.0408497630181175,0.102788209377242,-0.327206627344566,1.64570316248719,0.47634082310318,0.322998845000927,-8.95109411465662,1.8076676379682,-0.0247093676831983,0.606692316278459,0.0431446696380486,-0.866246815629001,-0.239687521376511,-0.161120152556868,0.202703455471548,0.191518327245139,-0.127493980783297,0.335616867069511,-0.0327292293839792,-0.0377028801051303,-0.0880550928008653,-0.188163436999033,0.017386729120543,-0.098459999278357,0.144708444519174,0.211960599069763,0.00162243427745157,-0.118124055641058,0.193546448432763,0.0467111729273082,-0.175007816420307,0,0,0,0,0.00523447397567897,0.0296946296609676,0.0462704714521795,-0.0237185241091916,-0.289234870771029,-1.18434894242191,-2.34079826535584,2.47019474627948,1.89361573191523,2.59617643339817,2.14528582870195,2.65454792218684,2.43440354004139,3.02067843014902,2.21944273009643,2.15972555806524,2.87537902749042,2.43868882365594,2.19587240044833,3.00689703915899,2.98177452409873,0.0726024126100143,-0.635154510723927,-0.593362072737622,-0.613620815245537,-0.610588584004315,-0.576608836816947,-0.557821865610696,-0.523931075731962,-0.475444187309941,-0.427823236323702,-0.428369536662716,-0.403816978056539,-0.241512131970256
92,0,0.020738792416121,0.0807405566600398,-1.09876915142899,0.034027255624695,0.100076085157413,-0.333988993915703,1.51595251109405,0.507472503622352,0.329161395676544,-9.25464590632887,1.70282181192127,-0.0985360264197404,0.714987153406189,-0.0681116345874611,-0.816052279047316,-0.338846222562729,-0.129716307429993,0.195387642754385,0.121767785373237,-0.0756690628855118,0.29208757080276,-0.0311363714698391,-0.0313857259322997,-0.155184987854405,-0.157348579551498,-0.0435174547167408,-0.109720349690519,0.160035779169308,0.203859123453364,0.0155379837786727,-0.127295885990437,0.228550359034184,0.029680606968631,-0.203055522448277,0,0,0,0,0.00555200495210713,0.029758448958659,0.0456848441651281,-0.0262476903390758,-0.295293649241606,-1.18733279764452,-2.35481185058974,2.50876888456392,1.944804940379,2.59119043939426,2.14235855272506,2.62291215994907,2.40051717792091,2.97816693695164,2.21699847371982,2.17837437184145,2.84471332340074,2.33799972003424,2.23863576001675,2.93836249413186,2.98189313846616,0.0714630583990326,-0.614473612541448,-0.556600313831047,-0.575261217208011,-0.575549363235638,-0.56509246463218,-0.52840207670228,-0.498827474169981,-0.465826531725479,-0.41410429298758,-0.415433017413619,-0.394360437994027,-0.230853179720003
114.5,0,0.0165806385482271,0.0645519738710593,-0.878464559663777,0.0272047482312724,0.0973639609375838,-0.336283372320009,1.86871684507796,0.699913061177727,0.35665645340792,-9.01845001377896,1.51910168873637,-0.0412241019330758,0.880344552835732,-0.0986060904625468,-0.760521422181783,-0.341296140679593,-0.200939426844628,0.107743161635818,-0.0329831727288756,-0.103027109673303,0.232553972512502,-0.136215171479607,0.0793832687104401,-0.179399885840918,-0.0281275737666933,-0.0522747367711926,-0.173327973705849,0.242600936308169,0.0308982529231934,0.0348425155719901,-0.102087069264421,0.215192104133248,0.0606048356940495,-0.225818847896229,0,0,0,0,0.00586955498844317,0.0298222738597328,0.0451800934657582,-0.0279361363352655,-0.299670143358201,-1.18636707290213,-2.36345157167412,2.54107027209135,2.00932670110811,2.58121963901367,2.13478270725966,2.58372065368506,2.3694304107638,2.93832289541118,2.21334316978467,2.19403448723281,2.81495684456036,2.26043047532562,2.26070278368138,2.7892918891176,3.00477573697535,0.0639570936913545,-0.608761626557314,-0.536112203717934,-0.55451486364011,-0.557570155527689,-0.567865005141463,-0.512223999298073,-0.487837943644275,-0.466650821539489,-0.417528480959022,-0.412124351625481,-0.387407529938879,-0.232488063281229
115,0,0.0124224846803331,0.0483633910820789,-0.658159967898566,0.0203822408378499,0.0946518367177549,-0.312352538753468,1.82353467208598,0.657580351555482,0.499747179946197,-8.81320609807585,1.63273821456865,0.0920324149718514,0.985503320796644,-0.140068099136746,-0.816518155112289,-0.331603331467368,-0.338953940232962,0.059036154736258,-0.0752661055383261,-0.195324280035236,0.247623053982997,-0.180541213329219,0.0878231791259409,-0.155673167185752,-0.0381915214387364,-0.104512726442193,-0.251248123007686,0.249067549889217,0.00453878536101264,0.000872078137626258,-0.126090924557196,0.295537107174732,0.0697196194645653,-0.226844418474805,0,0,0,0,0.0061871240223553,0.0298861043644072,0.0447511371170619,-0.0288230749316201,-0.302270783183125,-1.18016371875845,-2.35568279004594,2.57810187292378,2.07886786082274,2.57092244668794,2.12347793214393,2.543745659723,2.33873012249206,2.89337499072337,2.21245616470214,2.21968030038585,2.79241249677075,2.22016561880261,2.27018034620431,2.63184936131865,3.01200175347646,0.059585165422938,-0.606093178592118,-0.524771341472024,-0.53824547284544,-0.544168641040264,-0.570868902931202,-0.500981282432611,-0.477903386910971,-0.465799698123506,-0.427481136983369,-0.410846718228294,-0.379284611745762,-0.2378546670513
92.5,0,0.0082643308124392,0.0321748082930986,-0.437855376133356,0.0135597334444273,0.091939712497926,-0.28609608295354,1.38656997955468,0.405189771637582,0.61187622684419,-9.15073691522251,1.78877474212025,0.33651214346513,0.999794775755543,-0.0528111524098296,-0.796514798822785,-0.170652560786832,-0.316624014785515,-0.0113578463964516,0.0282420447248621,-0.201410840515979,0.32440343870794,-0.0515345241975022,0.019169998056945,-0.0500821073475826,-0.127627052171069,-0.162969462588499,-0.199957340132564,0.110421615199279,0.0217094871922491,-0.0390354643564951,-0.112810602328697,0.374357251248428,-0.0179542494538848,-0.164699015419807,0,0,0,0,0.00650471199148891,0.0299499404728999,0.0443451776587951,-0.0291421590852986,-0.302877996026442,-1.17052425239536,-2.33730671891908,2.62032286338608,2.14478162429908,2.56014395188515,2.10664050563384,2.49722664036334,2.31128862274153,2.83656871134291,2.21402615282793,2.24793068669521,2.76950279570681,2.19242584096592,2.26327550561838,2.47866861688267,3.00824373756541,0.0588245516603512,-0.605273034104742,-0.518167775098559,-0.521786354000044,-0.532993257993199,-0.574915823027913,-0.493495326845936,-0.467421549393323,-0.463860200026113,-0.438997261715949,-0.408437857656909,-0.374476717601843,-0.246251757798611
91.5,1,0.00410617694454526,0.0159862255041182,-0.217550784368145,0.00673722605100477,0.0892275882780971,-0.284390205249027,1.05449307570998,0.468682080910544,0.626501600663251,-8.94215839371347,1.93498142889957,0.521564433652245,1.03811002064069,0.162591390173152,-0.788591749565806,-0.0369107898310254,-0.199644423394584,-0.153858869246411,0.186066968935233,-0.244402131009014,0.375687794009403,0.0768300994780551,-0.138594941727333,0.118322922411583,-0.111550825305736,-0.190140001519859,-0.0203714792572191,0.00941466925679967,0.0985566146744447,-0.0765297403865293,-0.168784892382721,0.43831510943985,-0.1696142092535,-0.148171038595692,0,0,0,0,0.00682231883346663,0.0300137821854286,0.0440044767350277,-0.028482543250739,-0.300521734727037,-1.15589320605539,-2.31754597322475,2.65912234259035,2.1986882757498,2.54491089158509,2.08355346241392,2.42891443893448,2.28728064001973,2.76933440384709,2.21522836437662,2.26671754511284,2.73373233192694,2.16017479412472,2.23833109799181,2.30048362776644,3.00523991196638,0.0579515971017015,-0.604823877339398,-0.510778092427568,-0.504861156113218,-0.520552281713412,-0.581960634452615,-0.487406362517747,-0.45698690124771,-0.46149255365706,-0.450120887450121,-0.404758111032921,-0.372572850110175,-0.260812298753047
91,1,6.11004827825519e-05,0.0003125,0,0.0013193533220527,0.0868578024043241,-0.293431333240247,1.1034305750764,0.551528970452417,0.625504763014312,-8.83335349235702,1.9981522260065,0.514075051672108,1.14120435558968,0.0759067782997852,-0.799266487349773,-0.203855778443036,-0.288042301825314,-0.238945461964043,0.159897312747653,-0.302903039610385,0.41090209009572,0.0714704279967193,-0.192270457293729,0.208788636403755,0.0456654035665567,-0.223660254349616,0.0366295976218173,0.0305500887777013,0.186355226331954,-0.0888438372227162,-0.265112178022879,0.468336767917912,-0.183164280888631,-0.266081227165729,0,0,0,0,0.00713994448588853,0.0300776295022107,0.0437969322077679,-0.0269074278548611,-0.296711571567771,-1.13932765678169,-2.30170082834451,2.68783242972923,2.2276707199585,2.52464633920306,2.05170189110829,2.35008865612611,2.26275730273461,2.69382860219937,2.21116503714008,2.26974190959554,2.68860140082129,2.12766778186784,2.21465199216981,2.12632649100201,2.99871777044594,0.0591977640045185,-0.601387271109644,-0.504738845456358,-0.492830009257523,-0.511846978830741,-0.591749613359438,-0.482657035505604,-0.449354992160452,-0.45466413716148,-0.456396161203773,-0.401469190778172,-0.371866925724864,-0.279813420860653
91.5,1,0.0049491391053867,0.0253125,0,0.106867619086269,0.102403723307477,-0.303897371649552,1.11415483311035,0.590292106648225,0.606312518293579,-9.13165348360968,1.95704055353972,0.652870478921306,1.16862928157088,0.027044494581939,-0.702326159535632,-0.240276174387705,-0.308546214155216,-0.200883291212349,0.0688410314110295,-0.266848580064039,0.367767167319431,0.0755527236833066,-0.0881925260318416,0.197219224260651,0.106796827787221,-0.250190628919605,-0.0136786029389648,0.0665401021307068,0.15418467533946,-0.0333417173654928,-0.244343671460566,0.406538554223928,-0.175965836978538,-0.203550899621862,0,0,0,0,0.00745758888633209,0.0301414824234636,0.0436022910587766,-0.0254998187555563,-0.294305981266254,-1.12408437427662,-2.28737394961594,2.72249274423448,2.24462797623941,2.49639473701916,2.01570668014063,2.28268519323645,2.24172551789389,2.60760010682889,2.20783509133796,2.27006798301795,2.64432477201729,2.10802488762476,2.20661134333664,2.00696217653357,2.99062534951438,0.0557849462444329,-0.600982371600525,-0.499541701591106,-0.483448433121968,-0.506044629038288,-0.60035287251914,-0.479724274220829,-0.438815854887423,-0.443367248282796,-0.456859949097127,-0.397007687868175,-0.372124267956589,-0.296751858691387
73.5,0,0.00983717772799085,0.0503125,0,0.212415884850484,0.117949644210629,-0.311015930766555,1.31539393292723,0.642941424436859,0.583029644441886,-9.0291135310767,2.05244876859625,0.747893179601337,1.18754904449864,0.102367019704099,-0.624319929430075,-0.192565986044251,-0.358613365914417,-0.0674755666049247,-0.0224554194537349,-0.299667795411657,0.221563419594528,0.0309280327894865,-0.0874818041584699,0.137586839049255,0.159911953309071,-0.286317535233033,0.0909241965158836,0.100119797799504,0.0228542849070366,0.00958405497585405,-0.221047118145237,0.389814975331941,-0.276513491188848,-0.0586197679913831,0,0,0,0,0.00777525197235228,0.0302053409494046,0.0432523437159172,-0.0257018097981223,-0.296254227953547,-1.11092797796007,-2.26618031456948,2.76506388760365,2.26273852122305,2.46675268786222,1.98098317191803,2.23353752549157,2.22513472528337,2.50863302377443,2.20827502850791,2.27614548542168,2.60816253048585,2.10044292220132,2.20531831394603,1.96275199687402,2.99089042667777,0.0432732616312495,-0.609349593600159,-0.495295460322795,-0.476480551482876,-0.50139638936715,-0.60315156798949,-0.477697463382029,-0.422111082079222,-0.429069710894499,-0.455781678790259,-0.389446285879506,-0.371840736543271,-0.308683495618975
82.5,1,0.014725216350595,0.0753125,0,0.3179641506147,0.133495565113782,-0.341678707298033,1.63328212860084,0.460086863312028,0.591445784579228,-8.76720982395575,2.17956238759485,0.482038410977736,1.32800017946559,-0.00685173972589217,-0.819466224376462,-0.130815326171642,-0.508042822096161,0.0368007269342099,0.0666080636740703,-0.216687307212521,0.36647905956135,-0.00743347186448926,-0.0597133101139876,0.101045533867724,0.238815763247054,-0.379157133072464,0.142957239569402,0.106618357260632,-0.107293426254079,0.0492454435245157,-0.328912107678258,0.484590245478822,-0.224153560579925,-0.168104233129873,0,0,0,0,0.00777922287897208,0.0293410283776962,0.04139929806888,-0.0286394735811402,-0.301582308030344,-1.0969902419928,-2.23702296396943,2.81118596285945,2.27639505174095,2.44118920250103,1.94545495195188,2.18736645607003,2.21019150828439,2.39684145542545,2.20897133329012,2.28193358818285,2.57639629076786,2.09849513877628,2.20903920289517,1.96979096376551,2.9994695997022,0.0267285122763387,-0.619308649901528,-0.495690216109562,-0.474817179055078,-0.504434479689866,-0.602148117264897,-0.481827673671913,-0.41050993691459,-0.414174071333683,-0.4567554398643,-0.385283418050552,-0.367940368438932,-0.316426067997396
110,1,0.0206448935295908,0.103031409788167,0,0.418033967376266,0.14770703981008,-0.367267579659466,1.45245098006605,0.428732678560529,0.618643947810695,-8.72668437401392,2.12144763117389,0.331554331044766,1.65351942226542,0.0449984969968713,-1.09662773044306,0.130332453018318,-0.473452529520943,0.0295960627308591,0.251239023382006,-0.253188441893755,0.312891423776331,-0.00472394375841102,-0.0664217538699979,0.000707111386951606,0.360388208806679,-0.461552301045022,0.153281056406416,0.122263236326153,-0.183737538086009,0.103115488294371,-0.366570484942349,0.481460140293207,-0.126518316395936,-0.298163521206169,0,0,0,0,0.00746155955977746,0.027525930612878,0.0380897557960085,-0.0334932530325768,-0.307845088985766,-1.08232479364409,-2.20628164429997,2.85195558994481,2.29129820844439,2.41480507567297,1.90771377730224,2.10923517130131,2.19533574688894,2.19616249454827,2.20774872051665,2.28800279188396,2.54830386163903,2.09586780721858,2.21842028833093,2.02736801021705,3.01477460015667,0.00388501182007074,-0.630658241709011,-0.500524410599148,-0.476939772842836,-0.509738854193317,-0.596445844634665,-0.489847313404454,-0.402425984249451,-0.40095461712351,-0.458543252791057,-0.387164456910793,-0.363086740221516,-0.322653202130613
111,1,0.0985432465312827,0.317839817839818,-0.543574577617885,0.135714700096121,0.096888513921481,-0.375384771298199,0.772580606928911,0.476819468417836,0.628461593274932,-8.65577299609057,2.34670937398944,0.236928792091519,1.71502304808647,0.0787096625611636,-1.20478892096593,0.159262932395983,-0.505207243011889,-0.0740552828020613,0.242256494585034,-0.407833148112889,0.27311308166634,-0.00474954931145259,-0.151588966800096,0.106622892998599,0.317935362696349,-0.452633466518806,0.180213069250174,0.124720271920832,-0.201528982026911,0.131759914746969,-0.39536894390145,0.506328050037731,-0.101794956751991,-0.28965466872786,0,0,0,0,0.00714391492537872,0.0257126335042448,0.0347945295746166,-0.0385456968876232,-0.31383613970939,-1.06851216955691,-2.17742121253834,2.88283229497645,2.30765371635308,2.38772490968912,1.8710273296051,1.97019212316683,2.18255183687758,1.93821551790765,2.20508478560713,2.29614965108859,2.52197294048665,2.0892042513028,2.22261210317616,2.09472570238466,3.03323625817897,-0.0228806043380027,-0.644604629595582,-0.505526651971122,-0.483234546906018,-0.511309507685609,-0.586196098489364,-0.49656758157304,-0.395764001948072,-0.389924116369856,-0.457108895649479,-0.390244759668637,-0.358945138211376,-0.327516651956445
122.5,0,0.0771535681538687,0.243731172302601,-6.75585546467943,0.379082898992897,0.0925281579127733,-0.383501962936931,0.914789126145664,0.422652565902933,0.641341082079799,-8.83393511539186,2.5082586334885,0.215018873998579,1.67516526184302,0.220756302039626,-1.18129069363436,0.25535010551154,-0.487087386803797,-0.151320539212927,0.322691575881341,-0.462169698065997,0.253167733450718,0.0176772583277902,-0.233513327299644,0.177235043920302,0.173741920384085,-0.388029792001977,0.177559035463302,0.126028584769521,-0.234879356314475,0.15222820683589,-0.417899653161428,0.549956132092534,-0.134541876634933,-0.197833211071237,0,0,0,0,0.00682628903822118,0.0239011462802225,0.0315135978148061,-0.0436727726270099,-0.320287808143973,-1.05665179443963,-2.14747477079904,2.90807426128383,2.3195045332813,2.36552548310011,1.84169240686804,1.77290061518762,2.17032930333716,1.729608151768,2.20393227088747,2.30121813300072,2.49237424893586,2.08605273194146,2.23105274609126,2.14637774174667,3.04973581765972,-0.055486032899484,-0.661387152765806,-0.505751896928692,-0.494995039305099,-0.5133121842094,-0.575191577429818,-0.500342862998787,-0.392293802025167,-0.382812549625917,-0.452585953850646,-0.389706726847343,-0.352985935222671,-0.331286942681063
135,0,0.0557638897764547,0.169622526765384,-12.968136351741,0.622451097889673,0.0881678019040656,-0.352407730916171,0.750056445011318,0.395936125864181,0.67083156572429,-8.92556554056259,2.76130110964264,0.113313984856558,1.67804056740176,0.272020338183678,-1.40626164270791,0.335365645150004,-0.464581480295267,-0.214942459454979,0.42296306439093,-0.540732635539212,0.314445947160536,-0.0218754855501544,-0.29781385251517,0.189213123112686,0.105573407978854,-0.360823968380382,0.251246028130702,0.0848721084238854,-0.137605302650467,0.0432531975772498,-0.355860533372103,0.510020570607633,-0.0904518527705247,-0.185008824137719,0,0,0,0,0.00650868196072771,0.0220914781033126,0.0282469378825994,-0.048699692776046,-0.327329831276464,-1.04700322960788,-2.12093153051796,2.92401832579745,2.3258794677104,2.35296533085198,1.82649399712459,1.55820754335156,2.15775582466438,1.5319651136359,2.20718288177836,2.30475143865444,2.46551533312965,2.08865995459921,2.24185488947626,2.20173200758707,3.06560261659648,-0.0954027487930443,-0.684020796013235,-0.502876166771167,-0.51011350664805,-0.517509454719515,-0.561051274728896,-0.500271028291254,-0.38993170123469,-0.381858376791772,-0.443854231986619,-0.386398181429288,-0.347377754832011,-0.331079127148062
118,1,0.0343742113990407,0.095513881228167,-19.1804172388025,0.865819296786449,0.083807445895358,-0.325829795647316,1.01427018538811,0.450860483342926,0.645912253565447,-8.99554451291175,2.97095348632699,-0.033367105060987,1.65131342384874,0.385247938425391,-1.54192971042002,0.323145925321953,-0.400208532116906,-0.187480739444748,0.40767230025006,-0.569458685100401,0.290033563256035,-0.0145657729122163,-0.273315085145773,0.222107146578936,0.0683378788027776,-0.326469431118993,0.175266240874751,0.137214233585634,-0.120068965439952,0.00171530834582714,-0.256527727255322,0.357559772842608,0.0594791123043763,-0.271585310323566,0,0,0,0,0.00619109375529853,0.0202865546597791,0.0253553857945805,-0.0530563698348557,-0.33426518996943,-1.04119026716111,-2.10213137044876,2.93425491349256,2.32419242798493,2.34438932604058,1.81710868081253,1.35668805592694,2.14516563160126,1.30864517825991,2.21070396650705,2.30431225582361,2.44344492784928,2.08789042508474,2.25196078157901,2.24837820813318,3.0714078508817,-0.14456393507361,-0.712797478059188,-0.500383889259133,-0.526436090584864,-0.522359931607491,-0.543457552841271,-0.50008418875644,-0.391918281041766,-0.385057291631893,-0.432880986496749,-0.379915925819205,-0.341429323867014,-0.323966895565433
98.5,1,0.065387735812735,0.236005555341229,-7.94299107114979,0.41412554467565,0.0955827321476795,-0.330626069319521,1.15244329107257,0.528619249337687,0.556778898448026,-9.09125350122285,3.07904825337686,-0.150386350223958,1.6232937733012,0.490767398792937,-1.55948286125692,0.269706176509015,-0.342950303979289,-0.253359651382035,0.428748642960522,-0.528872696140041,0.278862613961398,0.0160751840852941,-0.373038762595376,0.269480141109194,0.0522201516888785,-0.305133123205325,0.193623133526417,0.0642742272726193,-0.132408957233429,0.0435743245607973,-0.21660937771611,0.257229493934165,0.176289310999535,-0.267366144906679,0,0,0,0,0.00591676987495492,0.0186524821091112,0.02313431153934,-0.0559945287935541,-0.339775439810934,-1.03644247606017,-2.08707185199827,2.94073366343533,2.32112245874299,2.33506574236901,1.80808709665739,1.23368210019563,2.13337969974298,1.09645546527984,2.21387263296017,2.30320156486872,2.42970170609249,2.08804115836478,2.26696290810679,2.29123225644736,3.06969296216843,-0.208645715971095,-0.7513540465692,-0.496583835855754,-0.545260970172311,-0.529190470131125,-0.525999323536216,-0.498908633097722,-0.394400812314421,-0.391610706253634,-0.425650806700382,-0.367369003259088,-0.333139619196221,-0.311444684415029
98,1,0.10277862863136,0.374536817249483,-1.82543488708384,0.135474172457839,0.113210616599345,-0.331110328329556,1.18048762006627,0.58607434173979,0.493352518279885,-9.06872374614575,2.92306823234795,-0.0959050049767306,1.5591290764484,0.441240847701493,-1.20073814558031,0.00283663175948388,-0.214150677426385,-0.152011570874856,0.302555522443256,-0.375522013475412,0.207395347931135,0.0467581736012396,-0.323523858736585,0.155986692916422,0.125682494623049,-0.427655292713507,0.265230293528792,0.0889771947293852,-0.183705709760846,0.11301373793804,-0.204954785108604,0.144126694025314,0.219204249335546,-0.207522264586212,0,0,0,0,0.00584956706402162,0.0177083181376908,0.0219766939346073,-0.0570486262367579,-0.343133850072783,-1.02942438348842,-2.07354217144108,2.93853839146316,2.31627300598728,2.32432407143786,1.80151486340124,1.18717297582332,2.12403438706233,0.939690915831279,2.21885585932679,2.30298730551299,2.42073785701316,2.08878817559895,2.2779831729438,2.33803047247411,3.06450178818091,-0.273721353418694,-0.797563129765617,-0.500431013661761,-0.574967881382593,-0.545178808379728,-0.515250106539758,-0.501476912716469,-0.400806812163192,-0.403473491936269,-0.419776130849505,-0.353527340534721,-0.325262536910155,-0.298122108573389
98.5,1,0.150692103323005,0.398469936460507,-2.72333858325022,0.127716710585151,0.12991709055395,-0.331869819005564,1.54760401820055,0.574023393664038,0.454354181433745,-9.16615188881061,2.6107491152422,0.122740691401994,1.41920374403986,0.418692993611546,-0.8433458529699,-0.163963857133223,0.00370664166217839,-0.0276564062846206,0.170921249467546,-0.335389328392267,0.0653804546390663,0.135798878978881,-0.276868030829868,0.0515389834916767,0.150739874103764,-0.463111596567795,0.298110062213888,0.074557464545718,-0.208936129430017,0.141897444798206,-0.124761062026306,0.0577695706801282,0.197517595757788,-0.167137874302045,0,0,0,0,0.00594925672518236,0.0177229521151139,0.0223564653622869,-0.0558829622275506,-0.344703871477348,-1.02150366187138,-2.05896407919204,2.93766620616952,2.30753679012466,2.31109198867083,1.79542716008598,1.10859806263054,2.11533736086687,0.846265191811078,2.22239450003258,2.29940375139324,2.40954799514222,2.08548473346734,2.28054876901602,2.38042036357229,3.05312612600708,-0.369412426808271,-0.933000897891706,-0.605059775696775,-0.701762459968071,-0.651186026274153,-0.588720369176908,-0.577024049695353,-0.472218387598617,-0.463736908520516,-0.441841523335856,-0.359321851394976,-0.328426545280089,-0.287408179783125
99.5,1,0.172496668706484,0.398756582149653,-3.69152282022277,0.143119436762198,0.116868789671126,-0.347092599538122,1.4520982110554,0.527534058051711,0.422501593196202,-9.40229824920114,2.37356274308773,0.318562367180466,1.3641679096151,0.389986662243217,-0.501555094196429,-0.123957799043655,0.0596137561701618,0.0864271105133185,0.122987925860758,-0.338784834664572,0.0624847339740294,-0.10729036028046,-0.244829530352143,0.143009764873572,-0.0390714607088431,-0.304701391012903,0.333230477105296,0.0660267973162748,-0.207994300640242,0.111391013100173,-0.0452409301542133,0.0636910023245483,0.109904501819456,-0.0862359632064896,0,0,0,0,0.00604894724322741,0.018175361285656,0.0237623240154995,-0.05271442750921,-0.343870572311021,-1.01215050842889,-2.04322344860856,2.94063052782379,2.29921716206044,2.29905596211557,1.79102903471179,1.01983321643571,2.10746154535454,0.793160613970023,2.22478208994733,2.29413439559365,2.39910001480701,2.07900330357443,2.28004207919675,2.40698077409072,3.04257570367107,-0.445910609498996,-1.05505687347892,-0.704162681331571,-0.82286900520421,-0.748108774810288,-0.663406201809483,-0.647358237702959,-0.542409871204223,-0.520083276711813,-0.456019164319284,-0.358170005422741,-0.333145320161673,-0.279745039919755
100,1,0.170123461035124,0.406749131944444,-4.41658874913223,0.167155131877767,0.0996118827160494,-0.361760171484407,1.14013131766157,0.531269472505933,0.422528916223251,-9.54219666715726,2.31803136517574,0.375082109960513,1.36935657721575,0.343866417121812,-0.291805263151489,0.0357820745234634,0.00425829274959523,0.0342857631733275,-0.0427642650382488,-0.377158090521435,0.0731957594216281,-0.0624580160965863,-0.221919740175022,0.163818153077372,-0.103857126580462,-0.225821477584678,0.271895756193345,0.100879072163736,-0.134100768691614,-0.0303384578768996,0.0866236852693012,0.0490078649191973,0.0288022175289392,-0.0960051810560107,0,0,0,0,0.00614863861618631,0.0186278756198243,0.0253016082493442,-0.0487677693771567,-0.341375588470021,-1.00164151006563,-2.02571808722941,2.94575982753326,2.29341170577434,2.28857131717237,1.78524251286659,0.971477835991298,2.10233470403812,0.751427316742866,2.22924901943673,2.28605056711423,2.39004734573211,2.069738027484,2.27410911626432,2.42651948698983,3.03408362874065,-0.45137924001509,-1.0606679280779,-0.697187887241807,-0.839809605805424,-0.745974006695039,-0.657954770141032,-0.639538963221763,-0.547725151256473,-0.521532156654051,-0.430634327921818,-0.330368874767769,-0.326198912153495,-0.26992117053287
100,1,0.174142976307339,0.398650683126952,-4.09758309779936,0.184635083361183,0.102027456810569,-0.360650904867751,0.842478871327984,0.524885951751443,0.438254295312082,-9.90177668652355,2.24353470744186,0.672140126379234,1.32434612529774,0.3261065804234,-0.230706839645592,0.044067321465718,-0.0722240487906798,-0.0332415492577628,-0.0573367396689484,-0.335267181462756,0.0825367306093679,0.037857828491939,-0.164293744874178,0.180245960414468,-0.0372210300869276,-0.255422288750175,0.150823202935802,0.0533545999182213,-0.0495350240887559,-0.0894453034751957,0.135976423912075,0.0397679724386151,-0.0956119596217285,-0.0595299345091415,0,0,0,0,0.00621294197427954,0.0188278004473314,0.0264662738214973,-0.0447941067172927,-0.33810161443758,-0.990502778040192,-2.00589770411711,2.9534387982392,2.28801122054705,2.27507881850232,1.77604403878758,0.95154345284948,2.09865066175361,0.704276507458839,2.23334975976384,2.27573635652793,2.38076061056563,2.05926212618077,2.25756212091505,2.44679876807792,3.02322495865443,-0.44180361395071,-1.05805907295018,-0.693116849449854,-0.851674652029202,-0.745772203530666,-0.659399024925169,-0.632335644909694,-0.552522673964696,-0.527948950829179,-0.411592478264552,-0.308635268645523,-0.321016079034293,-0.25591536590804
100,1,0.171776161870505,0.393993101926634,-2.60150292932652,0.166791478739372,0.119492369729517,-0.370406742168077,1.00211921323951,0.539952841935866,0.444840371823109,-9.87375381876748,2.27074072205534,0.744688576801183,1.17598423830712,0.223506244539368,-0.160992131592806,0.0306140190173033,-0.104454512250786,-0.0585519546616303,-0.0228518186330908,-0.359547264697127,0.0770204288136702,-0.00709005119405426,-0.176776477245215,0.118395882536307,0.0565198955984687,-0.203635314747213,0.10480431328046,0.210286526030824,-0.0245755930887142,-0.115629879175331,0.0334363300030502,0.039405159461855,-0.00457404780069054,-0.0779024362153466,0,0,0,0,0.00624096115008611,0.0187686743035596,0.0272712629598969,-0.0407408727419091,-0.333977763835202,-0.978567454133204,-1.98424278355023,2.96234309822023,2.28026085096935,2.259093146479,1.76612789493316,0.95817670565168,2.09584278125455,0.649494963954523,2.23359189962409,2.26347417555152,2.37082242750768,2.04513236322454,2.23924768153921,2.47689946778671,3.01368928155197,-0.419626244909205,-1.04731737302464,-0.697280891163195,-0.85810321753788,-0.751206713340217,-0.673708179791863,-0.632895686685993,-0.560318169134491,-0.540071186404855,-0.401445697752784,-0.300492767172443,-0.32653692428131,-0.244280437680695
97,1,0.169073099214105,0.362438771167488,-1.34826970848281,0.151315600297247,0.121142075288084,-0.382337661931335,1.66429816892849,0.585171290658271,0.437489301455802,-9.83974054234544,2.30117725096132,0.829210927300935,1.120053310725,0.16013401651209,-0.181943863972337,-0.0913148225914391,-0.0403934568401522,0.0277552174046753,-0.101390744658743,-0.327734026231096,0.0549547931200337,-0.140417085422025,-0.0924922449442796,0.190383800509423,0.0384099206043151,-0.241513126826747,0.0975228517516389,0.181734480892704,-0.0568704372441352,-0.0286401031123096,-0.0601528940321725,0.109433436451621,0.0849648158643728,-0.115418529980246,0,0,0,0,0.00626898068016045,0.0187082015578,0.0275829141269638,-0.0374856221354276,-0.33050637842507,-0.966841829798909,-1.95969998121443,2.97563581986241,2.270873782243,2.24419592714777,1.75629393116073,0.982075741945244,2.09678219065093,0.593090605652641,2.23344656981433,2.24975512262875,2.35987398108847,2.02539675200976,2.22696247238541,2.50886247931268,3.00682112302988,-0.387471403805612,-1.02364128140883,-0.703003424704458,-0.85905627085822,-0.755483648156626,-0.693711070187523,-0.638565362303222,-0.569509845834634,-0.547251888271609,-0.398309659031565,-0.302345397520288,-0.336663146015239,-0.238747933300679
98,1,0.1640827919315,0.306067038554574,-0.869710301744004,0.151204653875136,0.104897444863664,-0.383286502006606,1.83358690737419,0.529819395322371,0.363331113654268,-10.215890023207,1.78524109466514,0.71331607115526,0.993018435872643,0.313653549104908,-0.0670649078758498,-0.0486202608718142,0.0620297691229267,0.0709770752157057,-0.0113971104940692,-0.187123783580171,-0.015373565771269,-0.0111693227114489,0.042713687870397,0.130059272393052,-0.016032758150875,-0.227763906668215,0.105488925587894,0.0298400255035148,-0.0560977033923479,-0.0192911074451818,-0.023591319190452,0.057109433490678,0.0135204897926906,-0.0321935050938576,0,0,0,0,0.00629700056446529,0.0186463481737749,0.0272215774346388,-0.0352175281292666,-0.328065338619593,-0.956005189265435,-1.93723893327892,2.99257696964591,2.26462439078529,2.23096071963935,1.74684224451446,1.01073697074532,2.10068392886913,0.536893094942557,2.23650486980047,2.23652406634086,2.35154164531823,2.00625373306871,2.2201370477052,2.53796048886715,3.00238295284043,-0.350641104395793,-0.997540814243984,-0.713176120047469,-0.859751671125138,-0.756930310386916,-0.713540406244524,-0.648299578548189,-0.58089029232308,-0.549470669194229,-0.400850694321572,-0.30997746157817,-0.341968404594115,-0.238422981371858
105,0,0.142910818779048,0.266574517450758,-0.757489617648003,0.131694375955764,0.0973437747985563,-0.410727612338566,1.26822379785783,0.401093853044447,0.403574741958805,-10.0686903362205,1.52921630434485,0.710528172307164,0.949691632628356,0.457708143964217,0.0791333173332818,-0.0995555728875561,0.057799665870481,-0.0327855058341269,-0.170848937098049,-0.235260760341752,0.0968546462158092,0.0938423587783234,0.0455350906082209,0.0178617613965863,-0.00174983022466813,-0.167739532205425,0.0760919858481717,0.0761035608949596,-0.0667351113761154,-0.0923211824286497,0.0241593012319356,0.0429374360045089,0.0228399388592139,-0.0735194630605977,0,0,0,0,0.00632502080296335,0.0185844688200426,0.0265735486060049,-0.0332033979977204,-0.325598377596305,-0.944809853056159,-1.91496720636168,3.01258156357498,2.26172226594186,2.21767374409535,1.73847126384863,1.05280810635464,2.10494389066084,0.48491366500202,2.2415765489055,2.22478156210894,2.34925563343593,1.9913530443203,2.21916441288964,2.572274269094,3.00274452067266,-0.310138984098204,-0.972125916766956,-0.729106920105348,-0.859345649302057,-0.758019871007943,-0.732723044268728,-0.663689097617193,-0.593556321777741,-0.547455794290662,-0.403939577509281,-0.323231601501752,-0.342783400902062,-0.237992824797602
108,0,0.121738845626596,0.227081996346942,-0.645268933552003,0.112184098036391,0.0897901047334482,-0.438971323089356,1.25541045920207,0.266486139248516,0.577934760729892,-9.80998347477421,1.82386215570508,0.906111120702792,1.16329193699325,0.385418649742816,0.0394183299286426,-0.0973080198847221,0.00939893380358472,-0.0222400777636704,-0.0904621108202511,-0.245620160751803,0.00118308912497142,-0.0436647942114713,0.0482269701541663,-0.0135342886041762,-0.0106332777614426,-0.217820592447895,0.00873483372887772,0.110555597798871,-0.0254851408518159,0.0844358847133503,0.0807626170717607,-0.0218283070617845,0.00331218699973628,-0.0993683010984523,0,0,0,0,0.00635304139561736,0.0185225634807185,0.025924605436345,-0.0310065751662317,-0.321919868905094,-0.931851858304847,-1.89060192750194,3.03167119768402,2.26121351437548,2.20648984023488,1.72878943565891,1.1684532369894,2.11006186462678,0.436734104697828,2.24629111505277,2.21539751376564,2.350532451536,1.97761164808775,2.21829728580024,2.60198522552065,3.00786850338993,-0.277990933796649,-0.950260384231014,-0.74402821927972,-0.856394244353309,-0.760682310128448,-0.746850105570956,-0.678924871392683,-0.605815448189312,-0.543604781240324,-0.408441466072292,-0.338309181358718,-0.338634675973625,-0.231880712447729
108.5,0,0.100566872474145,0.187589475243126,-0.533048249456002,0.0926738201170188,0.0822364346683401,-0.467505581178021,1.55583059116336,0.416150779232992,0.669605393175851,-9.26359251331411,2.13053263554201,0.764853206853085,1.08876157224996,0.212089272403516,-0.200068836251682,-0.181787428441019,-0.142279993470119,-0.00700334010190052,0.0175912313987755,-0.244207842621555,0.0749451779198841,-0.0470691156305123,-0.0291048551070319,-3.30337984254195e-05,-0.112156247715013,-0.0878762502239031,0.160679126628991,0.0942407103934234,-0.0111635360186512,-0.0160309103483004,-0.0397126575841796,-0.033878888779966,0.0783823221220967,-0.0522624543579715,0,0,0,0,0.00638106234239001,0.0184606321399053,0.025271462474828,-0.0286188101468978,-0.316548897239089,-0.915804610676854,-1.86508422109996,3.04624006272517,2.26059310120282,2.19878656766255,1.72100565913642,1.38027162045849,2.11680525663356,0.393473606487957,2.25120970287509,2.20886522430858,2.35378601554819,1.96445287718698,2.2177379777138,2.62602686660707,3.01304836759146,-0.263482683801821,-0.936680882712394,-0.754234253989598,-0.848959581684952,-0.758304726116976,-0.750743565588221,-0.689140384450086,-0.617739123166927,-0.538897872857347,-0.41841027973953,-0.355363677413996,-0.33270885872921,-0.220270079638578
112.5,0,0.0793948993216933,0.14809695413931,-0.420827565360002,0.0731635421976464,0.0746827646032321,-0.495354214618862,1.57407775692237,0.543451553252688,0.638172127169603,-9.19898078442604,2.25035471922635,0.901419313515125,1.16178144656401,0.181574920128218,-0.305081071859981,-0.221711080047007,-0.240718528176832,0.0400700461694214,0.0562320698727787,-0.328987808287531,0.0564668965825865,0.0281883355239315,-0.0240489785676949,-0.0507191773822907,-0.0560983420408472,-0.105061563314923,0.15456821674628,0.0210456004105793,-0.0430930089852086,0.0768863219436376,-0.0664429966210843,-0.0793615458887157,0.115987203293768,-0.00912565262940098,0,0,0,0,0.00640908364324402,0.0184072976287003,0.0247076687129589,-0.0263195045522415,-0.310325598289483,-0.898047834173749,-1.83958157075216,3.05840782225783,2.25699254711735,2.19432599679117,1.71872778489527,1.56536792710753,2.12638469370984,0.359572848101552,2.25317706337167,2.20185321484674,2.35774920812538,1.95018239704913,2.2175898206679,2.64953525169834,3.01006745919286,-0.26298845655662,-0.930583201742908,-0.761175294507229,-0.837358996808877,-0.753825339039889,-0.745700109923402,-0.692716724893751,-0.625668199507657,-0.534852949767871,-0.432916330493204,-0.375605722443301,-0.328259081874142,-0.20913388255486
116,0,0.0582229261692418,0.108604433035494,-0.308606881264001,0.0536532642782741,0.067129094538124,-0.507080880934468,1.52695379199192,0.549889522738385,0.508430008195527,-8.59854099414125,2.44430177135455,0.52123885896447,1.06015582992381,0.195510262913129,-0.493255424897721,-0.365140500062216,-0.373953678674156,-0.0461942300235828,0.175693729753598,-0.260495473307713,-0.0743791530625411,0.0775139292247623,0.0672390709151235,-0.06225608110624,-0.0553628498678252,-0.114208434444007,0.161828138764622,0.126271226050234,-0.159745698963383,0.155789372024712,-0.11291761721049,-0.0617701909051316,0.172553728738914,-0.113564293140862,0,0,0,0,0.0064371052981421,0.0183627818645277,0.0242390793773333,-0.0241146530444975,-0.30369981899631,-0.879683773542725,-1.81776058670469,3.06795670172427,2.25359047815551,2.19342059892121,1.71968486541591,1.67997585799189,2.13835408029456,0.334020070710434,2.25329137116324,2.18884825919849,2.36035490834875,1.93446015063796,2.21524777236272,2.66773432820221,2.9975580125653,-0.272649491757464,-0.928532158763319,-0.763368266930727,-0.824765541746422,-0.756377567419071,-0.736868079921598,-0.691135223211612,-0.630744602738996,-0.52898432226599,-0.444431504818974,-0.393973503809328,-0.32403049739541,-0.204131843754783
115.5,0,0.0370509530167902,0.0691119119316779,-0.196386197168001,0.0341429863589017,0.0595754244730159,-0.4956838045566,1.43292308310949,0.449179926068516,0.489756908698659,-8.39833393325894,2.4128977051328,0.610102955065252,0.871909806660079,0.327888400305999,-0.470759490348636,-0.437747382457155,-0.431173505469182,-0.123975011426238,0.319996591779775,-0.271238688353902,-0.0759680162036286,0.00857877022280368,0.200572594711906,-0.105967272117316,-0.0473679489804164,-0.132041219780668,0.111066510259545,0.255013159352857,-0.202804045058747,0.0842261424424755,-0.044494670706286,-0.0943863792801031,0.19512530372073,-0.150796235083915,0,0,0,0,0.00646512730704695,0.0183182474120775,0.0237587170680153,-0.0221517633706772,-0.298008020779699,-0.862157278803808,-1.79533471528767,3.07969692790537,2.25314848415295,2.19664185233877,1.72566975681595,1.78295997335556,2.14696534748665,0.322986645150969,2.25572242541103,2.17195310401732,2.36184597470416,1.9183794952917,2.20807505715458,2.68064939240548,2.98252023109982,-0.294646177167118,-0.93216244083884,-0.765776986207858,-0.81881923819366,-0.764945722947654,-0.726432608538514,-0.688962305899855,-0.635081276804756,-0.51187258360562,-0.447448082021507,-0.404510904533379,-0.316375487308886,-0.200298077707536
115,1,0.0158789798643387,0.029619390827862,-0.0841655130720004,0.0146327084395293,0.0520217544079079,-0.482261467231336,1.03217314444482,0.433432934935179,0.514411724469183,-8.42416565709116,2.36450827002635,0.826363214193657,0.70068345367928,0.339807895863293,-0.487302591119956,-0.405992119994529,-0.422282738677711,-0.227958439303196,0.356199369238149,-0.254901893514775,-0.0959178638571998,-0.157285338708654,0.349132756307617,0.0166574417318413,-0.248366605033392,-0.0863457938236666,0.113675304020703,0.368917855929329,-0.153082990261582,-0.164558402413331,0.0354464015074597,-0.0257399866697684,0.182752296085336,-0.125237026571215,0,0,0,0,0.00635566188040916,0.0179393326059507,0.022731863965221,-0.0213763488852741,-0.294675875221432,-0.847408749834166,-1.77037503584105,3.09211814381704,2.25667487338276,2.20584692447814,1.73834483876038,1.87416462040629,2.15134095505778,0.324964388680524,2.25972558334367,2.15903589185797,2.36397800390694,1.90665070124874,2.19791280123335,2.69249777787122,2.96969009382393,-0.327760662598669,-0.947371776087497,-0.771326837391903,-0.81937922267244,-0.771974363137266,-0.708114225643083,-0.681228299990471,-0.636691099479328,-0.493264897530162,-0.45040711364004,-0.411177307930939,-0.300542246510256,-0.192565572080078
115,1,0.0362779126663887,0.0878684807256236,-0.0339872740869565,0.0424411834548006,0.0661660149365237,-0.48675804829,1.17212501571515,0.59545408501261,0.467952567131671,-8.58700278166154,2.44256880849099,0.923993628840443,0.5434135061851,0.360571002731463,-0.374370816436071,-0.426134344151711,-0.487387755403494,-0.167648641724929,0.339144593190057,-0.272556430505394,-0.0661970430738178,-0.259047051034074,0.362828040817498,0.0231680281654385,-0.285437651527569,-0.0115247022469606,0.196378158124352,0.153336850619661,-0.00829158185672485,-0.183094667646933,-0.0450159829422052,0.0623913949706122,0.243692934731177,-0.125253135982648,0,0,0,0,0.00610522010547369,0.0173364438572713,0.0216469158368622,-0.0210784010279361,-0.292323047307634,-0.833782415995595,-1.74234221204016,3.10094142119138,2.26462279014819,2.22021408469744,1.75772696934789,1.95119361200298,2.15534399014954,0.325364326303125,2.26690442084348,2.15149349914452,2.36965742837633,1.90086478966054,2.18877433479801,2.7033252643647,2.96058156174492,-0.328848946246344,-0.900965955048756,-0.707162305099137,-0.751817276727939,-0.712366651223988,-0.624804033611086,-0.617661950721973,-0.59524475624443,-0.450792426303527,-0.434818385130636,-0.404311712066324,-0.278166225798649,-0.186384876140528
115.5,1,0.152478743313793,0.383407799333725,-0.598270671145579,0.17126446511334,0.123403880070547,-0.466235637159893,1.17471246304591,0.615277037748718,0.44947362601933,-8.89660652919537,2.49049152089072,1.14511208278837,0.432759303315297,0.423438995007012,-0.340699284147444,-0.409524240690048,-0.404679453408827,-0.191910663496405,0.22592895053656,-0.105154973075952,-0.0710701272894438,-0.366168750831634,0.26726090355661,0.104327653646325,-0.181064103948321,-0.117897481838904,0.237987142752737,0.0438635153093995,-0.0200225442065096,-0.0650578158562587,-0.0569283203646508,0.138597556441721,0.167647519227868,-0.0898033359634292,0,0,0,0,0.00585476207298392,0.0168552428705625,0.0211033016892344,-0.0200154296563976,-0.288501915795351,-0.81821674025527,-1.71137287322738,3.1036583370035,2.2755338859457,2.24118779713261,1.78202564585884,2.0125749067072,2.15840039373385,0.311280440007369,2.27625290202919,2.14059122242156,2.37654521022372,1.89670829880594,2.17990668669157,2.71656997847487,2.95153807360827,-0.30539678985183,-0.803198207517241,-0.590416972827764,-0.633429391838623,-0.605273216402654,-0.499590896835342,-0.51553435987621,-0.525314950276145,-0.395385348690668,-0.409688455301607,-0.398068948232406,-0.266652135392655,-0.186210969989069
116,1,0.146846294496716,0.411749811035525,-2.08800161368251,0.138110715146898,0.10709977324263,-0.451099746150151,0.734335670930793,0.625685286827159,0.409842340339326,-9.16143377657574,2.44663190613834,1.42743034781967,0.363039702906402,0.376865662805358,-0.258024657404226,-0.261875760164361,-0.459617060721181,-0.264842447818315,0.244873494037096,-0.0311931381956326,-0.0882103918616907,-0.334135153028942,0.204889355664016,0.0237908398855859,-0.0549148958736218,-0.147722552270461,0.123647502210534,0.119994530635987,0.0642130929706548,-0.0854444033992788,-0.0698874103739812,0.110527079971817,0.201729081820643,-0.0744874268323175,0,0,0,0,0.00560428781278188,0.0163736702646765,0.0206355008467375,-0.0183090339113709,-0.282328871079706,-0.799483161410546,-1.6787315593762,3.1011152603955,2.28737901013119,2.26684021985912,1.80871564005723,2.05315143940618,2.15873658424915,0.280800137984527,2.28776036950605,2.12223311110594,2.38223296343342,1.89046363149019,2.16967920545639,2.72569197873276,2.93956954229066,-0.307925874404718,-0.760060812693563,-0.528314291329198,-0.567030806690386,-0.543743602625555,-0.419936857826647,-0.446649448598605,-0.487262494323092,-0.373218978738164,-0.411603448974051,-0.410575493322003,-0.269314466745571,-0.186267034818741
116.5,1,0.131657084855135,0.379648109243698,-2.30986961772101,0.118027557711567,0.103139520514088,-0.451281441960971,0.724634186691769,0.57525341435735,0.379028487493935,-9.54677790936403,2.48470283422588,1.38643168940038,0.367915569304855,0.2345356521143,-0.122193855493599,-0.142580730440168,-0.537368797268583,-0.344792791274854,0.23724792483863,-0.0459616019560226,-0.0670651694505009,-0.358473404932527,0.116822103149624,0.0797410290697265,0.00156145390386617,-0.153730823011659,0.0620456032831738,0.0572181112650081,0.159893811916933,0.000853358712349879,-0.180504210231323,-0.00338167229544961,0.262152015828486,-0.0334033834074118,0,0,0,0,0.00551062355871983,0.0163545370571916,0.0209104190566872,-0.0153945250684288,-0.27427769256278,-0.778810756406609,-1.64319283667638,3.09243564128584,2.29912045324635,2.29183796611426,1.8359850223594,2.0718804294634,2.15991850988428,0.237729009760607,2.30271539261173,2.09716982763287,2.38790690999136,1.87897900925079,2.1530655388007,2.72737152609545,2.92807447082642,-0.317680286406582,-0.75678662915234,-0.513326895573563,-0.539780577257592,-0.51590466798995,-0.376960637416878,-0.404728526789855,-0.46769339383649,-0.367588269853449,-0.424799210194263,-0.423647014623702,-0.275180072256582,-0.184340566690863
116.5,1,0.118943943965656,0.373593784807307,-3.2390516337454,0.142977392098117,0.102189666242973,-0.451281441960971,0.712785684957453,0.590783740017962,0.386898182183978,-10.0150088202704,2.37182681594452,1.12823147871817,0.385103804149774,0.0793362678800294,-0.2798836629298,-0.273786457628737,-0.459304548827642,-0.332724486903979,0.197641403264106,-0.188799262361986,-0.139210601691286,-0.433964294432277,0.0648553055491468,0.112337896800877,-0.0346055422597887,-0.145893362813488,0.0672439707139282,0.0931829925775577,0.153720297817981,0.00376163625406161,-0.17213157677018,0.0184948503743845,0.152901653717268,-0.0366301648360033,0,0,0,0,0.0055777517325009,0.016810043660787,0.0219111512737648,-0.0116095054456849,-0.265055835329244,-0.756484042915918,-1.60537019031073,3.07455745885762,2.30604876579814,2.31435718602065,1.86157921213822,2.07455610882128,2.16339087106729,0.173767183027891,2.31951366451054,2.06139932113259,2.39224257741424,1.86563703542212,2.13112962976906,2.73315067849393,2.91917738386352,-0.310231572938878,-0.752932890255371,-0.513705358026136,-0.525220382598167,-0.50327971007251,-0.352981124993273,-0.373715578213466,-0.449109305986109,-0.365690598837412,-0.431722366732092,-0.430909746952631,-0.284036186204721,-0.18628121405625
115.5,1,0.121638906422892,0.344625615501556,-4.42337613937161,0.188908379370185,0.115001557532344,-0.457728177891266,1.35146855390478,0.580797521687976,0.402554523384063,-10.1156704783608,2.44698173098493,1.13856065648985,0.352556634060689,0.0616178939993391,-0.209319575973424,-0.309876785152738,-0.441204818557659,-0.367252413727313,0.204581764689806,-0.132878792998719,-0.0742812940265722,-0.391753100541946,0.115900961910995,0.150219255832863,-0.0110933665472443,-0.0578188058487318,0.0524754842331291,0.0811060775773041,0.0952899628600773,0.0518220757859534,-0.161983659223015,-0.00942555880938006,0.109964442195936,-0.0214996663104424,0,0,0,0,0.00564488827680653,0.017266158643941,0.0229164945896963,-0.00769194914841396,-0.254966755812804,-0.73177167786309,-1.56493062415337,3.05150014647393,2.30866944970501,2.33684334898887,1.88603623988405,2.06629953902317,2.16354885206741,0.0521637749302943,2.33804999290043,2.01411065015105,2.39388779904499,1.85455845910682,2.11160981016314,2.74536528622053,2.91164695364488,-0.285365555947657,-0.741403382044919,-0.518681887486459,-0.521553734339542,-0.500554294675746,-0.343759050945658,-0.355205635078756,-0.434005373860308,-0.364247249333693,-0.430933204683666,-0.433590738761912,-0.291386162818149,-0.188778921338404
114.5,1,0.0908257871496104,0.327782460265513,-6.60107859467292,0.195928793093497,0.0603642488683019,-0.473538713506633,1.37191082843767,0.553944740819093,0.434424148188563,-9.4762758574248,2.77244399849816,1.35559480536195,0.333331141412461,0.137661405664192,0.0816045987883788,-0.270521844923794,-0.476341266900852,-0.293186788376992,0.263803309747884,-0.0185753466120406,0.0686475760191845,-0.330599247366236,0.112684299667092,0.220093679553154,-0.0236023311063493,-0.119332068149346,-0.0164422051077879,0.136154802901627,0.00637074931539866,-0.0659678872161442,-0.0610516533975174,0.0450410153646264,0.025246825066162,-0.0461590972078265,0,0,0,0,0.00571203319259713,0.0177228830361436,0.0239264789017348,-0.003612848673372,-0.243501877184761,-0.703116498013027,-1.51936870631821,3.02201633397537,2.30723498424349,2.35795600922453,1.90826658095748,2.06978735893019,2.16762834448894,-0.0747557158009103,2.36092401731704,1.96105082665694,2.39388899136557,1.84214873504777,2.09247673402009,2.76019360210057,2.90162297957873,-0.250026232360913,-0.725475041875775,-0.525716686795219,-0.5231704152802,-0.496556222202148,-0.342977819860414,-0.349972659902115,-0.424406001464803,-0.363862119529222,-0.427956125637765,-0.433785727834158,-0.294469269309176,-0.188325368878527
110,1,0.0724543974199043,0.308803018292377,-8.38164424021595,0.334134929212388,0.0867961421396162,-0.48622187322167,0.736308063323512,0.59333025975002,0.510215249126143,-10.5358659207456,2.34440591039906,0.908631884761027,0.369463670299726,0.263321492879242,0.105535908461625,-0.396999748831644,-0.493193885350026,-0.210294656472981,0.0472742788356177,0.0456708670764113,0.0809067814589087,-0.113605491718984,0.0767906573553281,0.077200673502498,0.0247073588140131,-0.0462713468840549,-0.05881363567283,-0.0510402451396541,0.187544723261488,0.0109996202800992,-0.0948330577668988,-0.0637858662131276,0.0791396350693753,-0.0490037574093668,0,0,0,0,0.00577918648083304,0.0181802178686203,0.024941134345928,0.00035915555352735,-0.230955569438582,-0.670781003828782,-1.46549963183305,2.98379286537518,2.30051644076837,2.37075740334275,1.92583006834828,2.09243354442761,2.18494293842895,-0.16350689184575,2.38549504146946,1.90365227501183,2.39162896371297,1.8264882229469,2.07176963922068,2.77380448564413,2.88455600480211,-0.204754573443301,-0.706200238501787,-0.5336457570319,-0.522490701573078,-0.494532079969396,-0.350327648087947,-0.349826665559847,-0.418095996979356,-0.36953909826887,-0.426582016232697,-0.4349078860659,-0.300301610608744,-0.190882928106021
81.5,0,0.0693152954466617,0.295424062720544,-8.0185077445662,0.31965846328388,0.0856297450522401,-0.48399557367216,1.27085273242973,0.515193677236188,0.586063931600548,-10.5699463497584,2.08178860817854,0.946255937797306,0.468105217836292,0.0653748235141573,-0.102127216529592,-0.236229685490004,-0.159759254327584,-0.195708732527637,0.00866921673256773,-0.0127625804431724,0.00113629341596841,-0.170666778322542,0.142931584273443,0.0888628312236933,-0.0405969016806681,-0.0206005589180045,0.0109820835098131,0.131568337851873,0.0223686549546875,-0.0138795442727891,-0.130914393170719,-0.00703066865335995,0.116267808916429,-0.114365827030155,0,0,0,0,0.00584634814247456,0.018638164174334,0.0259604912992513,0.00413319482905943,-0.21778360655376,-0.635559936308011,-1.39696227681827,2.93932027866706,2.29540238381341,2.37759382795045,1.94296198784254,2.10972334311691,2.2154528896877,-0.258403786071899,2.41184028484193,1.83576479331883,2.38525740159958,1.81043580582335,2.05010524181235,2.78557919553055,2.8672962829187,-0.152453404835838,-0.681248907371115,-0.537792983259455,-0.518205317828833,-0.496675316207313,-0.367353047317678,-0.3588844355598,-0.41723789224681,-0.372854732729823,-0.424339458833083,-0.437708339448134,-0.31540111722447,-0.196395195589987
56.5,0,0.0661761934734192,0.28204510714871,-7.65537124891644,0.305181997355371,0.0844633479648639,-0.494915114173019,1.2969535281476,0.552521236720378,0.610557618042667,-11.2405830627758,1.85717080860496,0.957688550036405,0.385457066449146,0.0213518744753787,-0.0548092481278137,-0.215207324165556,-0.197172431127858,-0.131798599482907,0.10412988477706,-0.108702426709494,0.0160304551703896,-0.0445298222207988,0.155510774541359,0.0954062911327995,0.0181218797112173,0.0145407666669983,0.250261095785239,0.125744008491331,0.212035891255343,0.0454794295983752,-0.114308768854874,-0.124908664571835,-0.0250330532496276,-0.123360299164702,0,0,0,0,0.00582697135459389,0.0187617932262956,0.0263914074562265,0.00711428736218939,-0.203879615275166,-0.597718117649736,-1.31303260594784,2.88660145625995,2.29314372606696,2.37829472865364,1.96054422745873,2.13269077130595,2.25881592910887,-0.363214454008371,2.4430673706654,1.75525237367731,2.37561835423203,1.78858962810838,2.02748144510575,2.79728740113678,2.85576958913136,-0.100338965336073,-0.655074841039856,-0.539953969142904,-0.515706009525454,-0.502480659583999,-0.392532473972135,-0.373991051295591,-0.417596369151056,-0.370172633065323,-0.419150455642361,-0.437419760911891,-0.331584057972277,-0.203466007984183
111.5,0,0.0630370915001767,0.268666151576877,-7.29223475326668,0.290705531426863,0.0832969508774878,-0.499329568247339,1.64350988334305,0.601475822176063,0.646946769623983,-10.6536679250251,1.99607941459709,1.01263996907722,0.424757103256685,0.0618600979762448,0.173869438331606,0.00520998777413869,-0.144700321157886,0.0344694807929064,0.169715106832741,-0.27730790848995,0.0782960041705437,-0.0661550485939242,-0.0218867309256597,-0.00741555608761252,-0.0419871840768559,-0.0834612128174865,0.17406302167188,0.0214169968893419,-0.034898161734848,-0.0664014179400362,0.0870063166830344,0.00276313315689139,-0.0822360871317376,0.0406888884497739,0,0,0,0,0.00539311611291312,0.0174965554040552,0.0246478691597974,0.00737940170450683,-0.190360711922362,-0.556930903080595,-1.21308358292943,2.82408030244455,2.29204589980333,2.37549222055661,1.97685359544884,2.18230264116626,2.31787449116781,-0.488301556194712,2.48185207913776,1.67575041079024,2.36566183187535,1.75934168990341,2.00948207698848,2.80435377088376,2.84963161543772,-0.0511351359268084,-0.641817172732249,-0.549160038444619,-0.521830951664027,-0.515820796914786,-0.421857857181099,-0.387173104794636,-0.415365697091936,-0.366898180781338,-0.413505797207316,-0.430636106094175,-0.33847344387699,-0.211536888297965
166.5,0,0.0598979895269341,0.255287196005044,-6.92909825761693,0.276229065498354,0.0821305537901116,-0.489918373036803,2.47765034353966,0.458939619163084,0.511336943208729,-10.6781894234753,1.67054986977552,0.513597368920966,0.633851117430787,-0.265671202357111,0.0408158376484441,-0.0102638151405858,-0.276918823995477,-0.00145182775007634,0.0310828363651154,0.0955106806190532,0.0201725674097555,-0.30422208770668,0.21338524848676,0.0254039333520598,-0.0097987716567821,0.167344677062787,0.0214648121578608,0.134585529526628,0.193130639720237,-0.0618919122652587,0.046936227572499,0.122028717517785,-0.084165833936139,-0.0193092390756973,0,0,0,0,0.00462527451045313,0.0151593756424792,0.0212957477396488,0.0054525987131791,-0.178045935516812,-0.514796125724878,-1.09992944898429,2.75706364393204,2.29921896812469,2.38573255551457,1.99778008346948,2.2407782801145,2.398138538285,-0.732102166034033,2.54148988895419,1.60204490908831,2.35930707923955,1.72945274454762,2.00014473163419,2.80901973900332,2.8546617672786,-0.0108539083136778,-0.64243514583962,-0.564966001607439,-0.531590854273355,-0.532481541661434,-0.447228246639161,-0.402003364518574,-0.415217011511705,-0.365418526422684,-0.405954733448118,-0.418978827375362,-0.337724070593683,-0.216232319514352
165.5,0,0.0567588875536916,0.241908240433211,-6.56596176196717,0.261752599569845,0.0809641567027354,-0.4955602427356,1.81776837541455,0.381156809439798,0.223450234102073,-10.8127774123912,1.57886246081043,0.601355796034252,0.579164850817477,-0.229365440992987,0.0601642884498009,0.0647375847594631,-0.214867060726663,0.00459523038492647,-0.0354614017156844,0.00963817749024487,-0.0505800122416424,-0.299765357183666,0.231099505927031,0.0440754310588213,0.0442941761309826,0.114849057852053,0.0139078559442148,0.164370393084891,0.249969790099471,-0.00943981746052751,0.0469433264003645,0.123725757844737,-0.0339656994024068,-0.0874448135445149,0,0,0,0,0.00385744379368206,0.0128228188533874,0.017943254381404,0.00317054313027569,-0.166721619138591,-0.474439037985776,-0.982287496951646,2.68517943471622,2.31344413568925,2.39972962591547,2.02462505260222,2.29784564634007,2.49712781826243,-0.946885364510396,2.6248061483988,1.53062080115323,2.35528141369563,1.70170955490199,1.99419538566253,2.82075850568637,2.86761667699468,0.0198643718887693,-0.641271595446482,-0.580328403233817,-0.53918641156008,-0.546230985381653,-0.469162375484437,-0.415968620656116,-0.416753207207573,-0.366507889205396,-0.3985148517018,-0.409811419043431,-0.336414002256963,-0.219348422775041
112.5,0,0.0536197855804491,0.228529284861377,-6.20282526631741,0.247276133641337,0.0797977596153593,-0.480923975942677,0.939717012846251,0.373662307487412,0.103932719602483,-10.7098762015861,1.41852389610338,0.964959105506351,0.533356053177112,0.291255822643021,0.394595052374568,0.150183738742871,-0.180557947137531,-0.0946757191644191,-0.0616227593854543,-0.219123657065916,-0.189941276467012,-0.030921227829707,0.244489337645,0.092362056332875,-0.0570704382993339,-0.080069999455093,-0.0659394217580205,0.0599448527929567,0.0962303885211556,-0.0941159052307041,0.0147497752738205,0.0298330645751061,-0.00695979322159072,-0.0978899496003679,0,0,0,0,0.00308962486771831,0.0104869102900083,0.0145904643921365,0.000590377107871977,-0.156277139122057,-0.435463388815503,-0.856507119390355,2.59206211083917,2.32139970025791,2.40745041898343,2.05525328923822,2.35431858935247,2.59838698749356,-1.0241959561684,2.72224568585076,1.46734982974178,2.35029518868533,1.67455386257608,1.9779993384979,2.83676276057235,2.88418144774156,0.0434823047995669,-0.635293206153745,-0.594257274654956,-0.549517344924186,-0.558855205837338,-0.490679883312005,-0.429328744509876,-0.419182783979095,-0.364429302512893,-0.392978255274771,-0.402090249116007,-0.33717854176801,-0.223234941879116
119.5,0,0.0504806836072065,0.215150329289544,-5.83968877066765,0.232799667712828,0.0786313625279831,-0.401414761791857,0.689204090619511,0.440433790907311,0.081975971336395,-10.322474321983,1.10553908796434,0.86333211431407,0.544071824718053,0.0259272443146861,0.0246925586035201,0.0155144583532279,0.0269710557915053,-0.170800567004073,-0.0222625456468633,0.0275743711523717,-0.073961019658877,-0.0231500084943645,0.203147662008122,0.00192394724425919,-0.116030672967353,-0.126166542920186,0.105737058872306,0.0668343822660722,-0.0213401684658829,0.0311536971700143,-0.0976114782420531,0.0322968815064658,0.044946782529706,-0.0647688262695923,0,0,0,0,0.00239264544345921,0.00866181335563207,0.0121728562935378,-0.00110158640300505,-0.145949482510476,-0.399014227367087,-0.728910050901705,2.47059816928999,2.31739104182672,2.43640724440797,2.09371639098604,2.40519559671053,2.69592600694548,-1.09917748197466,2.84337088212594,1.40652277662173,2.35055730421079,1.64976876291678,1.95413230568774,2.8527017395304,2.90798397329814,0.0574748531116164,-0.634007003624704,-0.610387076843112,-0.559528305586933,-0.571399147563255,-0.508676128036546,-0.443663757197754,-0.420078358207674,-0.358764900349661,-0.387893847745684,-0.392034269419069,-0.339180379547542,-0.228425372683228
128.5,0,0.047341581633964,0.201771373717711,-5.4765522750179,0.21832320178432,0.077464965440607,-0.332266504631433,1.58610611609927,0.358100971463778,0.0646526455213291,-10.4036152996965,0.648112602122713,0.87583157943594,0.407986332015815,0.0284539071928285,0.143914446393921,0.213271058484206,0.168723517883453,0.143206679458162,-0.0220858346779672,-0.122007227033233,-0.0846535745657624,-0.125532063077695,0.119035831734115,0.0161321695967949,0.0223892982720098,-0.0116207305552285,-0.0246525227589849,-0.0233631783069438,-0.0312873405467603,0.0610277896036762,0.0490803327537796,-0.0212621410385489,-0.102271176464554,0.0496405382162894,0,0,0,0,0.00176830030952203,0.00736053789732477,0.010715091931714,-0.00170339105881621,-0.135114775728954,-0.364766267442909,-0.613349021202957,2.33688998440603,2.31723435133357,2.49953832352867,2.13221952381732,2.44230244988585,2.78910734164307,-1.17050499078062,3.00358142178196,1.34794573415159,2.36335925888181,1.62857433731188,1.93405961645967,2.86522176266914,2.93734179944463,0.0685660496398819,-0.634226301697144,-0.624943126548839,-0.563591262940747,-0.58600139829738,-0.526176401213398,-0.456420939713296,-0.418770869301512,-0.354028637245927,-0.385229443151695,-0.384692541050239,-0.340385570921847,-0.235231362296712
78.5,0,0.0442024796607214,0.188392418145877,-5.11341577936814,0.203846735855811,0.0762985683532308,-0.324988875925591,1.6305431418403,0.309893638412472,0.0598642774303896,-10.862408938111,0.654495828090595,0.735832156832324,0.289383506385313,0.210320957756453,0.282188252381489,0.21352954885255,0.0863358783804489,0.210124398334283,-0.0123551093587402,0.0300240408191875,0.164318804228137,0.0865851892484304,0.16204135924799,0.178192666835062,0.068955277240008,-0.107282113329072,-0.0243609258527723,0.0855900004220516,-0.00596369509403003,0.087110431682231,-0.00604565066634387,-0.0100752549820597,0.0372013394925352,-0.0490306360094158,0,0,0,0,0.00114397109471044,0.00606277705536651,0.00960158419115834,-0.00156184026897518,-0.12258553380818,-0.32877676287048,-0.501302311970966,2.17666159093573,2.32910722443749,2.66503199697903,2.16933172469135,2.45137173921279,2.86967687276528,-1.24914517420379,-3.09825552757309,1.29963793810326,2.38823424669587,1.61688921769674,1.92210707793489,2.87446430729796,2.97286353191455,0.0796327461092353,-0.629803780759802,-0.634346174233807,-0.564570210984353,-0.595326521452747,-0.538460242250947,-0.467292453023493,-0.418850734183257,-0.35385177128189,-0.387390418132915,-0.37932397086879,-0.342329489177194,-0.24254320473806
129.5,0,0.0410633776874789,0.175013462574044,-4.75027928371838,0.189370269927303,0.0751321712658547,-0.31895612657059,1.39319213059982,0.456010362151856,0.0644303915347026,-10.3454459184663,0.746807155949054,0.63165458318499,0.266298283067353,0.513314008455802,0.426449238003174,0.189128291526907,0.0483059083137464,0.155062625399483,0.00140719016889839,0.152419968540812,0.00598580717274878,0.0238384693476864,-0.0251874794991299,0.027129628186523,-0.0150777454739808,-0.0650448947203025,-0.056220981801979,0.139539292089421,0.00392003799683079,-0.0556535276193431,-0.00193696401102581,-0.039545470949578,0.0786735294766431,-0.0558213074740207,0,0,0,0,0.000519658285107185,0.00461209561473268,0.00850139870220842,-0.00134991884542518,-0.109273472227336,-0.290883549617037,-0.372672070549969,1.97417298670897,2.32666071839572,3.10098299301561,2.20838955131169,2.44774936780186,2.94333579542842,-1.34265829952671,-2.91883374499946,1.2661361553944,2.41699290726389,1.61839247063957,1.91033601184863,2.88247298148753,3.01379061671586,0.0874119160855134,-0.624904985629849,-0.645213635958923,-0.569932394699283,-0.599711641899674,-0.546164134758137,-0.473533626934623,-0.414457660237002,-0.359954395977018,-0.390999015025978,-0.371896687872057,-0.344434066322572,-0.250351446862947
184,0,0.0379242757142364,0.161634507002211,-4.38714278806863,0.174893803998794,0.0739657741784785,-0.310135516366806,1.45941382855739,0.447838444053373,0.0800868866353911,-10.2979830011284,0.365306945155441,0.710756089878532,0.226518869193814,0.171856351799004,0.0898969966466903,0.107245405411142,-0.125792315239932,-0.108746016880748,-0.155686474757905,0.041594325320529,0.0917382597027932,-0.137442992009037,0.0448837460192172,0.00272829756213209,0.0267740461363321,0.0309453425889607,-0.0690292462256853,0.129364284405968,-0.0211834419880669,-0.0921924787696405,-0.0386303062357324,0.0894633168436604,0.0338635802744306,-0.0885468838565183,0,0,0,0,-0.000104637633281658,0.00300185858332757,0.00705431117869525,-0.00192088780415138,-0.0975120299184777,-0.255219183557484,-0.241012394487898,1.80357341211593,2.3063223548396,-2.34691136051723,2.24673547955059,2.44379309759738,2.99806619808519,-1.44554959440459,-2.75405914367386,1.23660722516822,2.43751044986484,1.62244295485034,1.88917669846115,2.88948802726018,3.06765984147536,0.0931692588923124,-0.622403327367615,-0.653951482380272,-0.57817059235211,-0.606857138260255,-0.551625742264784,-0.477156865187193,-0.409076806099,-0.368715764315892,-0.394535843005763,-0.367215181652377,-0.346972213320068,-0.253126837652091
184,0,0.0347851737409938,0.148255551430378,-4.02400629241887,0.160417338070286,0.0727993770911023,-0.29697869442534,1.2023032919507,0.402854513815893,0.0865711249644983,-10.3676520842082,0.241213303574342,0.329471542074519,0.342365349144783,0.218463604660932,0.160876504452106,0.027373832035059,-0.114619325445794,0.14071489150402,-0.0246692324575504,-0.0941995432565779,0.0132334778536533,0.00049691820086898,0.139191795886362,0.0600508604228588,0.134817060643457,0.0224067834555299,0.0178883723141607,0.203364097796572,0.106537447594382,0.0237023092641291,-0.0232899639262158,0.0477293274415452,0.0291417904417986,-0.0068791434192256,0,0,0,0,-0.00072891617452896,0.0013578514271214,0.00552979369983317,-0.0027486281409451,-0.0871281972227491,-0.223576174041333,-0.129237763717308,1.70451066583982,2.28382448060172,-1.62304667657518,2.29100155240951,2.44369945814024,3.01393500785429,-1.52769642534807,-2.56419928380298,1.18725043408642,2.44680219599769,1.61873762919901,1.86649463527979,2.90782773712468,3.13154234997416,0.0993714796867356,-0.611403757746646,-0.649855076452127,-0.577075488587554,-0.60989362184327,-0.551027534189576,-0.483494163338075,-0.409265264157004,-0.376788179200847,-0.39592368337855,-0.365663513605613,-0.351150997290981,-0.25019024529243
128.5,0,0.0316460717677513,0.134876595858544,-3.66086979676911,0.145940872141777,0.0716329800037262,-0.260418736911909,0.947721046086531,0.494386882510307,0.0962505442108786,-9.64946852737964,0.200462525220935,0.155466933689348,0.306454479109741,0.118927299259762,0.107382003928952,-0.135886189297846,-0.18630052412371,0.163245761926393,0.10241802652878,-0.0578417298869021,0.110760810037118,0.0560064748988366,0.164586615919758,-0.000296248581008607,0.117506435393012,0.0234563404382981,0.0183759699379953,0.199904507212462,0.0812177351524575,-0.0821880990880478,-0.0457303350827298,0.0431032632749555,0.0729365268308612,0.00728449992068765,0,0,0,0,-0.00135317685278866,-0.000320779120784755,0.00392590398182539,-0.00374664997884072,-0.0777424068142562,-0.194337391222962,-0.0287862271654271,1.63730600826307,2.25041623369979,-1.33610487015068,2.33642814822579,2.44786897720089,2.99012344376557,-1.55690900795523,-2.40276074522952,1.11886724954812,2.44267749335178,1.6017556646943,1.8260838167429,2.92141525503976,-3.06960872148068,0.106914215829378,-0.592912951628077,-0.634145807538964,-0.570707980216602,-0.607303008065425,-0.54788918164465,-0.490095235968863,-0.407534458743495,-0.382220332321151,-0.396434069572527,-0.36549339621653,-0.355920334330718,-0.250304842064379
126,0,0.0285069697945088,0.121497640286711,-3.29773330111936,0.131464406213268,0.07046658291635,-0.210205091373857,1.44186944846737,0.520639426197198,0.103346078231352,-8.7525111269884,0.435067438152644,-0.0140506739046782,0.140381342665295,0.102413958091469,0.260565279559648,-0.160400817786355,-0.300448177215021,0.119387356851502,0.253903714757353,0.0360169390914432,0.111057628582082,0.0685054132442056,0.156621090208368,-0.0160259502839752,-0.00656930038850937,0.00788826601716521,0.0585556390884914,0.077692529800035,0.053820454209604,-0.108748874128038,-0.0157341028531162,0.0486723866933799,0.0343201788061168,0.00680480286500424,0,0,0,0,-0.00197741918229842,-0.00201569291116355,0.00205856247430019,-0.00530572286540165,-0.0700356284458046,-0.168443558895672,0.0569831097234204,1.57707334761036,2.18401388675361,-1.13482295138507,2.37184424353167,2.44290682758538,2.9312942859668,-1.5797482942544,-2.32755702452561,1.01298516327572,2.42961337206461,1.57597813319911,1.76847312357073,2.9167507466929,-2.96476242938763,0.111672707533974,-0.584800045859703,-0.617818309764251,-0.567886697865795,-0.602886349010151,-0.543158427792395,-0.495515232187732,-0.400760737746555,-0.380313863058438,-0.39865341326966,-0.367686039504755,-0.36189580579098,-0.253940230357968
175,0,0.0253678678212662,0.108118684714878,-2.9345968054696,0.11698794028476,0.0693001858289739,-0.165718659480985,1.87561609620017,0.527181420825146,0.0971133360698968,-8.46668997112952,0.518143084552504,-0.541666931658516,-0.0949570671274467,-0.0910903928212756,0.121274530001355,-0.212058290506818,-0.226333166342362,0.231699117532235,0.256614883779896,-0.0670358432854296,-0.0530205824160686,-0.0200923540325445,0.0755953652004105,0.016371901130985,-0.0816958418999402,-0.0124038687384267,0.0270029078806912,0.0165626140640198,-0.0154246336245627,0.0277299772358113,-0.0578657756211892,0.0759703783958657,-0.0226184670446926,-0.0846080643517039,0,0,0,0,-0.00253756932039129,-0.00357554576450722,0.000165617126790732,-0.00747458732992824,-0.0647183138156543,-0.14590061426418,0.125985719276215,1.52432805530751,2.07007697896969,-0.954174078402344,2.40491478441411,2.43892644416785,2.90571744835029,-1.65863969168559,-2.27085346765438,0.84220430762437,2.4278264040043,1.54889794290626,1.74246166143469,2.92142127429464,-2.8094211572858,0.111266349758435,-0.585341102708828,-0.60427636050576,-0.561091190211687,-0.594004057141976,-0.538440254547974,-0.501331817164858,-0.393601516134743,-0.376855242169835,-0.39919546490312,-0.36901593661582,-0.365257243196356,-0.257087880235807
113.5,0,0.0222287658480237,0.0947397291430444,-2.57146030981984,0.102511474356251,0.0681337887415977,-0.145232814248202,1.0373535136907,0.514114935728261,0.0830114216407964,-8.84531214683922,0.489459663746399,-0.531885329430693,0.158264535128247,0.0135639199379367,0.192784885323874,-0.128764702150472,-0.23041505024244,0.134749784925676,0.265419652466445,0.0864668177174361,0.108987083647216,-0.053614715534927,0.0729231569917696,0.0215913537049838,-0.0492712479412903,-0.0462005691601102,-0.167060831685878,0.129581924658226,0.130008388678986,-0.111454606248247,-0.0550667659799228,0.0733966745461063,0.0183421091670433,-0.0812702533764516,0,0,0,0,-0.0030372125195462,-0.00499125426036376,-0.00149578860925769,-0.00996522255807011,-0.061001727089007,-0.122155924684336,0.201817298478009,1.49724903769625,1.89266340557793,-0.829316048698879,2.43892144477681,2.43397045491043,3.02342408241988,-1.78009742872218,-2.22275756410432,0.604074592591545,2.45973443327351,1.52725593093389,1.75687384185469,2.94866344023015,-2.56730843188846,0.112020463710569,-0.582891656083925,-0.589937322763448,-0.551431139858207,-0.582455810265713,-0.536266645732517,-0.508378923953267,-0.392883380013914,-0.379387642121804,-0.397594090104518,-0.369861357359768,-0.365742683694365,-0.259485872126939
63,0,0.0190896638747812,0.0813607735712111,-2.20832381417008,0.0880350084277427,0.0669673916542216,-0.13006957061657,1.60260802465369,0.484407077919155,0.0761714240870613,-9.15260187021722,0.624923499232222,-0.376647304031544,-0.0374155748765206,-0.140305059454695,0.161360672289461,-0.0624747448895642,0.000732646704056473,0.376085214360034,0.234586336416864,-0.0874356253881861,-0.012524682951969,-0.090773269217566,0.173856556328113,0.0456881344003177,-0.15270106814159,-0.169861081117583,-0.0217641012899608,0.119326741910261,0.177570476432356,-0.0216526729213164,-0.0858522299683751,0.0335855869954133,-0.00238872367727338,-0.0142839723915153,0,0,0,0,-0.00335970781090042,-0.00595408720683604,-0.00245154200171492,-0.0117846750922511,-0.0570605047310728,-0.0947789558270613,0.290264589213138,1.48388876353445,1.6861443532126,-0.747800523834438,2.47240693485623,2.41437167848041,-3.08500588771892,-1.86263791675315,-2.1846477025691,0.181085960786345,2.49696159942655,1.51317078416793,1.80379862433424,2.96678132292517,-2.24800764226355,0.112397592215111,-0.580609100394984,-0.581861006296388,-0.549572756503975,-0.572267667849195,-0.534848639221239,-0.512156531249189,-0.398646127488076,-0.383700870556122,-0.39735313871874,-0.369764950421343,-0.366874226579591,-0.262854120279491
93.5,0,0.0159505619015386,0.0679818179993779,-1.84518731852033,0.0735585424992341,0.0658009945668454,-0.123884210230028,2.44118375262948,0.514206098629542,0.0769113441327325,-9.48330050952448,1.06342588619166,0.187193190235789,0.1255326835425,0.113154836235179,0.172628625932008,0.0471724288178002,-0.0492756958828821,0.468013761359743,0.321254787399032,0.027817343628358,-0.0838974765535722,-0.117928669310367,0.206873887446252,0.0598565906989947,-0.255509292517722,-0.189414305513415,-0.00246255370116677,0.11795626333355,0.174753126249253,0.00455416593283965,-0.14050142463986,0.0536751754172425,-0.0550913144767782,-0.061976525704888,0,0,0,0,-0.00349509945923267,-0.00667774510475387,-0.0037407286709818,-0.0142871662613279,-0.0541612799822154,-0.0684637669253607,0.37151775018504,1.47246442170917,1.51762782661798,-0.690555469933675,2.50609756765011,2.39019211763647,-2.98199328187188,-1.91812466931208,-2.1560411348436,-0.38398960725354,2.53322020109813,1.4410482866956,1.81056719132232,3.01114880848982,-1.94592783059945,0.10856061826164,-0.581018437734117,-0.581781718028969,-0.553782888609637,-0.570452020554973,-0.543269888118955,-0.514171136257391,-0.406855472499847,-0.385440540326754,-0.397138623176728,-0.369429957475974,-0.365036333417816,-0.265601778303799
150,0,0.0128114599282961,0.0546028624275446,-1.48205082287057,0.0590820765707256,0.0646345974794693,-0.132840031017905,1.68163836647391,0.499650393722631,0.0827814070445906,-9.20712865910323,2.01419627344376,0.739491959406133,0.156739767381241,0.109652159919734,0.0728415588410061,-0.074772579830395,-0.23246757936209,0.15998141427799,0.0511148054300201,0.0372480723036721,-0.128373597111976,-0.147044951116188,0.106596182748593,-0.0483202039219553,-0.185738142545501,-0.100389239849315,-0.0536659761168958,0.152595863632845,0.118884093937453,0.0206626086157745,-0.0888764787609573,0.129662836208351,-0.014123046251296,-0.121723667697435,0,0,0,0,-0.00363047842893481,-0.00764466328257833,-0.00613073666151244,-0.0184665665016774,-0.0541256905066979,-0.0485742350396258,0.429595948205262,1.45849228971832,1.38077788274676,-0.615079651851945,2.53685144443959,2.38202105444421,-2.92140408417688,-1.98366286281657,-2.14093422884034,-0.700900251798585,2.67879389421776,1.32043635483815,1.76518139516799,3.09144897867874,-1.74889891561624,0.104805125268105,-0.579655340913112,-0.582119074629192,-0.555591507286147,-0.574270812176331,-0.561776779135473,-0.522255621834781,-0.418690834591056,-0.382413211939777,-0.39491122149838,-0.372237258684778,-0.360029892046753,-0.267119203640105
187.5,0,0.00967235795505356,0.0412239068557113,-1.11891432722081,0.044605610642217,0.0634682003920931,-0.143468007122813,0.71467905169237,0.470759924968286,0.0848892347281161,-8.746427663444,2.31262434118079,0.701883226122716,0.376151106815775,-0.0599514461614674,0.0378267059376201,-0.212823454861451,-0.275146465402058,0.152839761821159,-0.00966982945578668,0.0941667774573114,-0.00303016475673052,-0.134464135483286,0.153331922421979,-0.145390920405631,-0.181571148010598,-0.124848652977178,-0.111267365210681,0.117079838564324,0.206165391307068,0.0648055096738592,-0.137693639096674,0.215887921675428,-0.044652616063866,-0.0354477082435654,0,0,0,0,-0.00376584471682606,-0.00861049380107019,-0.00851246504789068,-0.0226173190530887,-0.0553697698647746,-0.0328612461308424,0.478742696020366,1.44462865514297,1.27615737488732,-0.468904288694527,2.55105086347384,2.40263363261187,-2.87477592789944,-2.02734280361138,-2.15019353504944,-0.733352708029344,2.58411367400974,1.18751680819074,1.65745350793462,-3.01364335077787,-1.60725747207351,0.0999661194542788,-0.57847591728521,-0.586555707757978,-0.557634808464202,-0.574107885547954,-0.579804264497303,-0.534644680334539,-0.430581724015861,-0.378227042012407,-0.392519740690053,-0.376031525271805,-0.356343709499972,-0.268554997504988
154,0,0.00653325598181103,0.027844951283878,-0.755777831571057,0.0301291447137085,0.0623018033047169,-0.223148109549615,1.52954169166958,0.424915681605954,0.0890545817755303,-8.47353988465385,1.71444025147215,0.685257290491404,0.678060521719879,-0.00109199869393736,0.26589086206447,-0.362464758417818,-0.136746384322115,0.199571745977578,-0.00290557308926915,-0.0558673214078111,0.000815369310838503,-0.0522182502914456,0.126896460659166,-0.242431723113022,-0.177891712458175,-0.0769804096829968,-0.0520311669257176,0.170272002215744,0.16259633387004,0.0322463238278515,-0.125357364520097,0.224868915060487,-0.0470582567180016,-0.126666909648225,0,0,0,0,-0.00390119831972807,-0.0095752366955441,-0.0108859298983532,-0.0267395758921015,-0.0572000137380585,-0.0190075920725756,0.527962077303903,1.43835880959061,1.19242900467758,-0.311820208329146,2.51902746644088,2.44933060844626,-2.84940067414597,-2.07773983340075,-2.18193294192741,-0.73197002707827,2.25352858645473,1.01868992801521,0.575233214872366,-2.64167144802341,-1.49841634201996,0.0926462407766994,-0.579237056221516,-0.59396674782706,-0.566642935608106,-0.573766414345164,-0.595467085039503,-0.541879014740361,-0.437137217259875,-0.374037254076992,-0.389981606224635,-0.380928866998265,-0.356626958798262,-0.272627418463655
108.5,0,0.00339415400856849,0.0144659957120447,-0.3926413359213,0.0156526787851999,0.0611354062173408,-0.358649426826571,1.46526402452393,0.49966338877946,0.0971791595483729,-8.28511286916753,0.65306263722058,1.14974797121192,0.501726854125993,-0.0275035961609841,0.49695642482926,-0.304200665923959,0.0456348514622615,0.32109122129616,-0.0380858169007896,-0.186378405553433,-0.166457414259607,0.0856944950842002,0.285858921843151,-0.206790355204978,-0.229704807174996,-0.0729000044994451,0.00699897123551205,0.167894232567033,0.0107341839870667,-0.0465278481333965,-0.0773957753417458,0.166866540752132,0.00138894644996109,-0.134018858872955,0,0,0,0,-0.004036539234465,-0.0105388920093338,-0.0132511475422449,-0.0308334907897712,-0.0601656714448553,-0.00926783622632844,0.566822021955085,1.43708013030487,1.13704481086837,-0.206205841320386,2.43288738676703,2.51418106664466,-2.88346657868656,-2.17593637809044,-2.22221356077405,-0.740527029759686,2.05706496913512,0.837654300617544,-0.67081619544051,-2.16197409146597,-1.43569723757333,0.084413048059151,-0.579982379508497,-0.602027415462268,-0.579789960195959,-0.577236311036005,-0.612360710992808,-0.544979661187759,-0.445033757162183,-0.374067053782525,-0.38997203418039,-0.386636852836096,-0.354567311683085,-0.275257207022351
97.5,1,0.000255052035325953,0.00108704014021144,-0.0295048402715424,0.00117621285669131,0.0599690091299646,-0.416700968083334,0.660636299280751,0.545129960007944,0.102285116430122,-8.19336313274396,-0.35934415091173,1.10606066467656,0.338547257037149,0.0104535425228084,0.571112230848442,-0.174230452314096,0.110390107123246,0.185998512309055,0.186539924681895,-0.0200195352908006,-0.0522647525467979,0.134532881682389,0.279182151407812,-0.282155520782956,-0.15237835761058,-0.0455044383211977,0.0817468472075422,0.0737091866162457,-0.064303246021109,-0.149283628271941,0.0117647339274654,0.129473758346546,-0.0985165084146028,-0.0997127970324559,0,0,0,0,-0.00417186745786344,-0.0115014597937551,-0.0156081345647252,-0.0350898973547519,-0.0649471289301688,-0.00544377465724258,0.591851302655118,1.43889447010067,1.12301033802492,-0.114516809728067,1.74905043051814,2.59300039164683,-2.93864978446315,-2.30707048742581,-2.27308984831606,-0.758596645146969,1.92661705921702,0.654454053857859,-0.968129207785468,-1.731189254221,-1.40959201014797,0.0748459513471817,-0.579660139593982,-0.612099312499394,-0.591433095287467,-0.583369927852756,-0.629359878036367,-0.550433614414696,-0.459347617355739,-0.386419097894423,-0.392715900260077,-0.387366979621105,-0.349869188057852,-0.277212823307893
98,1,0.0378364552472746,0.267043202536663,-0.430188228735421,0.320547721737223,0.10084899057908,-0.388733604826139,0.937794345603461,0.554082795906345,0.101080811221615,-8.30478546951132,-0.889045959522424,0.952689302325911,0.118455323791475,-0.127421631142267,0.388305556158722,-0.263871552597278,0.145219934561697,0.287758466025713,0.19089971371684,0.0887706423497093,0.0802025854180217,0.0438692936802804,0.0725353923343698,-0.269470346196394,-0.130652542552633,0.0417868934003591,0.122223105744229,0.088636640107588,-0.0162068247636253,-0.0305588704884934,0.0236341027440874,0.0877407747564436,-0.0599892178532329,-0.0689789579110887,0,0,0,0,-0.00430718298675244,-0.0124629401080689,-0.0179569078015242,-0.0395623306555641,-0.0711805983958301,-0.00724729852799805,0.602199397922217,1.43810222490903,1.12947419765221,-0.0268137982532885,0.924747124297123,2.65764685480051,-3.00630130970757,-2.40542990605222,-2.34235970019434,-0.782960874828794,1.8384649966407,0.489070208887701,-1.02766719586942,-1.46323021046406,-1.39656424689531,0.0678912126530042,-0.579308078279579,-0.624223923356046,-0.610885011109914,-0.59703712492999,-0.646777301190431,-0.559756381400715,-0.478979448827604,-0.406768969391923,-0.398229092649743,-0.390875818445197,-0.351648547652043,-0.284145272453999
98,1,0.111152089851193,0.354415629650739,0.996207364796393,0.205188955996114,0.11184775656249,-0.315395494488809,1.74242207084664,0.54348662646037,0.146036443084896,-8.44645921659195,-0.961064619833035,1.00836486095653,-0.288292174350303,-0.196456863349095,0.311286138064601,-0.326044366234379,-0.0145387115345991,0.193829194244525,-0.0141237155876329,-0.0722157678060916,0.0756732627553392,0.0317200961269879,0.12949888119072,-0.0844179614596404,-0.166816995879577,-0.0106941815057856,0.0518769054834859,0.155903396384039,-0.064504410243652,-0.0113355981387664,0.083510482987871,0.0249363553233309,-0.144714008750647,0.0399356995462186,0,0,0,0,-0.00444248581796348,-0.0134233330194446,-0.0202974843337446,-0.043711269547493,-0.0770048951428674,-0.0106880022278567,0.598189952383192,1.43470606277251,1.14203543346522,0.0515110121195469,0.567765855491071,2.70763396490037,-3.13280274500916,-2.45946825312108,-2.43219179693878,-0.807530143944536,1.76304835952741,0.349086549588309,-1.0219972366634,-1.34239328189775,-1.37481114552419,0.0482495829286871,-0.610842205146336,-0.666150485325088,-0.663702919601608,-0.644439376182083,-0.691235228667446,-0.593410067475364,-0.520220615126945,-0.447649676622189,-0.421815172382717,-0.41199326728294,-0.366635654037224,-0.300170890644101
98,1,0.124804322672707,0.357012561936427,1.3336671384026,0.160293785477217,0.114253120904458,-0.240803044483813,2.12181972374715,0.450456934606154,0.246222170220987,-8.72479321156034,-1.10521041462392,1.17008497633248,-0.0446330413393293,0.233573086783957,0.548299965398027,-0.0143253629094707,0.13744566321624,0.177232010149463,0.144948836905186,0.0536005085986105,0.0160098692904667,0.0565251397608189,0.0718536281617257,-0.0842942996033987,-0.0510136461665839,-0.0225609557284494,0.0386351950064899,0.123024426629238,-0.144432444731662,-0.0047055772229769,0.0297189139220221,0.087979824501026,-0.12297454061163,-0.0341195284223247,0,0,0,0,-0.00457777594833052,-0.0143826386029239,-0.0226298814827145,-0.0472061669758232,-0.0805977635184374,-0.00942949129942052,0.595667702492148,1.43675513408008,1.13996248717777,0.126720966083051,0.42804801259131,2.7576660720363,3.04490546970605,-2.52733837931272,-2.54046556618182,-0.831443179836242,1.71133745370101,0.23913448606542,-1.00194002754195,-1.30732353914391,-1.34924830314196,0.0338993277214376,-0.634800796943163,-0.693192927798925,-0.700332998142537,-0.682757113277521,-0.725764746611502,-0.622352423139799,-0.553369046217105,-0.483370944718001,-0.44395252016027,-0.431352593470383,-0.380192836308937,-0.313708825246303
97.5,0,0.121909889910331,0.348732809811506,1.30273704097625,0.156576289365265,0.116145645775385,-0.202054416571589,1.67487371437906,0.443921028419879,0.273585933007396,-9.18365712931614,-1.13685503885029,1.34171698527724,-0.100224033734568,0.122767403281795,0.321393418640832,-0.201292599453102,0.213560562159721,0.191110245035774,0.189854118900411,0.00203380364881436,0.0463883087671979,-0.0337440807643699,0.076890191557465,-0.161343432480804,0.0815232426079766,-0.0820565733582916,-0.0550228393230403,0.166570164435607,0.0486536122470759,-0.112162111448397,-0.0885527065126481,0.158773057397833,-0.00231633097582735,-0.0206723791930955,0,0,0,0,-0.0046698214706943,-0.0151756187453854,-0.0246668240732787,-0.0505048201725492,-0.0847198013289955,-0.00981317246635019,0.595748026851105,1.45674788076769,1.13349387908541,0.204934723130333,0.561556180584858,2.77663268833773,2.99724174411142,-2.62782561447707,-2.65160306334852,-0.856198845280058,1.66453762759977,0.174313761373251,-0.962494835185321,-1.28030736231563,-1.32396911712917,0.0416209330805263,-0.617359680069692,-0.674820110756077,-0.688117648779908,-0.673718789439001,-0.711634210295818,-0.617943993929797,-0.554785398718162,-0.493681764469857,-0.450187943369355,-0.436222413963835,-0.386120191841347,-0.319996460299011
97,0,0.119015457147954,0.340453057686586,1.27180694354989,0.152858793253314,0.118038170646312,-0.150541415197325,1.351615992271,0.424329534077246,0.263183064043196,-9.44186747525953,-0.888294779430842,1.43127888684248,0.0315389634444756,0.158709081519108,0.392916154705371,-0.216957689554,0.134826006252146,0.132805893103362,0.104993206012763,-0.0874491258119642,-0.0520684227632975,-0.1217256406718,0.159016745198037,-0.0151312652872238,0.0544410324103217,-0.00937804922690472,0.0351176696905358,0.213083865538257,0.18382257865352,-0.040596495402715,-0.138063983579862,0.0720223735057605,-0.0539280623007981,0.0211035038137917,0,0,0,0,-0.0045549478631027,-0.0152870727696722,-0.0256632850880502,-0.0530141926817323,-0.0906709493515882,-0.0170143766069734,0.598424855565876,1.48857331310684,1.12765099101777,0.295732105624617,0.709978101748069,2.7579154085329,2.79060985122282,-2.78700192518388,-2.747809557723,-0.881730570448244,1.62596082105074,0.14237448088572,-0.922765231796919,-1.2413981145048,-1.29478634610494,0.047455570216096,-0.606188887293748,-0.656556494793523,-0.672505710557374,-0.659848532463473,-0.687031610991758,-0.607438778511176,-0.554184072180723,-0.506386831125251,-0.459307953211057,-0.437772613739054,-0.392493374794413,-0.323898337757059
111.5,0,0.116121024385578,0.332173305561665,1.24087684612354,0.149141297141362,0.119930695517239,-0.0685683803007231,0.833523647908769,0.581056916182701,0.279462411540172,-9.62196713982495,-0.509443175612867,1.43833435015306,0.129899161370058,0.12249786808392,0.337417666874831,-0.223896895480852,0.111232526058107,-0.00725488780915678,0.0350595817976695,-0.0266781906431011,0.0286709214154907,-0.0364728623889628,0.159716475264029,-0.0439098873686989,0.0316984544197771,-0.0444127734288792,0.0634153546166649,0.25155337736623,0.0354823207988938,-0.0207941980912488,-0.0117532757255157,-0.00841916940536773,-0.0260261792652471,-4.95851147369305e-05,0,0,0,0,-0.00427337417325514,-0.0148740737800581,-0.0258990516935164,-0.0545899206969623,-0.0968837691893924,-0.0273285032097152,0.614162109713398,1.51993397620759,1.12596864121349,0.419678430865524,0.852417077436264,2.73514155596821,2.43771560750059,-2.91555447263381,-2.8449479989731,-0.904057237008797,1.59099680282607,0.127913441481556,-0.890993283452559,-1.21006767119793,-1.25544795382831,0.0501372322466465,-0.606516479937459,-0.638973455020439,-0.662471844874937,-0.650141440645721,-0.664731634003459,-0.596026296161715,-0.554427297265713,-0.5196627605635,-0.466282960514879,-0.435105903866356,-0.395299241577672,-0.326401372705425
152.5,0,0.113226591623202,0.323893553436744,1.20994674869718,0.14542380102941,0.121823220388166,0.0204987869951697,0.489466279262611,0.582222374511008,0.278447853432562,-10.1668045655999,-0.327602556110464,1.27287182858437,0.106080533015479,0.128784022980343,0.392552610152116,-0.1023714442289,0.204146173807255,0.0462763076492564,0.0868965968766284,0.0712288914647338,0.0809943559380565,-0.0126094086255762,0.0915042513764813,-0.0554605792627374,-0.00324320327334453,0.00461256950272895,0.0918983354305636,0.239019476773146,0.0940576602135286,0.110218424669964,0.00940807266318629,0.119693956090883,0.0672222317683596,0.0505682337111892,0,0,0,0,-0.00399180524899122,-0.0144611801738678,-0.0260368796622359,-0.0558431959312748,-0.103020172679908,-0.0395783840097621,0.633824676582305,1.54664338782432,1.11385351250137,0.541109696384347,0.959037849836305,2.73386290638566,2.20502657747558,-3.06771290732947,-2.95816825501085,-0.924476562248677,1.53434627359795,0.135452639915503,-0.86756249038843,-1.18609301280255,-1.20602291776874,0.0496975488203672,-0.611085944731166,-0.624074463495706,-0.651181589133958,-0.640298811114783,-0.642617151256742,-0.588512975199079,-0.557640112123251,-0.532871134279779,-0.472197719556138,-0.431497417528223,-0.393211268278471,-0.328412634768867
140,0,0.110332158860826,0.315613801311823,1.17901665127083,0.141706304917459,0.123715745259094,0.0543229709723649,1.45450463299293,0.402075226730752,0.259755405883459,-10.42227045464,-0.148354962274678,1.2208503758965,0.0294563172405669,0.339105410516488,0.571142932593337,-0.109096936041687,0.0976422607725914,-0.0876291994774274,0.108071102234048,0.120188381305424,0.152510998147216,0.010440372442339,0.179978165298207,-0.0554886056574638,-0.0417628287430685,-0.0383647193822959,-0.0133850664419773,0.149299047120311,0.112185011630229,0.0657124872608657,-0.112931588927441,0.000509114966170642,0.0057337726559559,0.0259256143636302,0,0,0,0,-0.00371024113483495,-0.014048392051498,-0.0260744032648426,-0.0567883316801078,-0.108730793465763,-0.0531851396628255,0.653986054389438,1.5767961537592,1.09781345081991,0.646872809065694,0.984868381605949,2.72660095001569,2.10404244478058,2.85639710432144,-3.07756727752424,-0.935003862126469,1.39076244722304,0.15849560103787,-0.837439387160682,-1.17027272542656,-1.1668802429992,0.0545434061151815,-0.601244110905276,-0.599751565882112,-0.623727880364146,-0.617796857698189,-0.606070663534,-0.570534659968076,-0.551934866554918,-0.531428855467643,-0.466016071082623,-0.420923538634267,-0.383855146476786,-0.3237455633073
101,0,0.10743772609845,0.307334049186902,1.14808655384448,0.137988808805507,0.125608270130021,0.0515486020039001,1.95259543412771,0.478945117621166,0.247146641276638,-9.98955254126714,0.0965508729443946,0.885944097786058,-0.142683959426844,0.0201954826458032,0.253023671484818,-0.195334021827829,0.273465994415292,0.0646981392914023,0.0733756975261431,-0.00188994008258948,0.147764784407837,0.100923142658184,0.145673806343029,0.00786299616618562,-0.0129041174262394,-0.0371226294396985,0.0535806973730016,0.0856433329850616,0.0788380762352184,-0.00320340306374256,0.00443953793502789,0.113483030159395,-0.0585123680400614,0.0183825072856376,0,0,0,0,-0.00346407551249898,-0.0138892132299399,-0.0265734724967092,-0.0580336928463949,-0.113700216816874,-0.0642821193258129,0.66920692748598,1.61079366345431,1.09434560771852,0.751660297161336,1.03162167325327,2.70119024140938,2.04636198245743,2.44215029447979,3.07735681120073,-0.937698593307828,1.13653583943625,0.188862613407019,-0.833419611151649,-1.15244811347128,-1.13030064324786,0.0627435269468525,-0.584971494990988,-0.575117816201602,-0.598678078813167,-0.59147365116388,-0.569823039454552,-0.546908801600753,-0.54187069830188,-0.522551864631011,-0.454752597228144,-0.415554740136597,-0.37622891727922,-0.317492787470257
102.5,0,0.104543293336074,0.299054297061982,1.11715645641812,0.134271312693555,0.127500795000948,0.0518691246926074,1.05403521901311,0.431224736781659,0.260645152385244,-8.85127999588,0.258830507488737,0.717101220613512,-0.235215847053694,-0.20982279071698,0.122476518162886,-0.305969524041599,0.30510251330453,0.0904817201491217,-0.0185597469594876,-0.0710399697979235,0.0720410942837441,0.179345703006277,0.0439074640250135,-0.0208610866752786,-0.00055485187135171,-0.00183266982733028,0.0291729196601024,0.0342861324587914,0.0165024250917118,-0.0677659782758328,0.00753057900597559,0.146266648915782,-0.10455987018556,-0.0231666934066619,0,0,0,0,-0.00325420356220731,-0.0139900043264917,-0.0271827444018051,-0.0592336628286299,-0.118360595516251,-0.0756753443185772,0.661103813531561,1.63480077151534,1.09782120007394,0.843146274501119,1.0858705135885,2.68899040984753,2.00652291708147,2.12633317199811,2.93561589048908,-0.93674980715148,0.933007623846732,0.225252142629627,-0.851671039055756,-1.11605635433437,-1.10123889012803,0.0642428105264372,-0.578674637386078,-0.562305949427494,-0.581407475728569,-0.570677824118997,-0.547000769515053,-0.530476770660339,-0.53980281220799,-0.523284746384737,-0.453436788244286,-0.417567597872875,-0.371165045867017,-0.311367681639028
88,0,0.101648860573698,0.290774544937061,1.08622635899177,0.130553816581604,0.129393319871875,0.0238815397200044,1.2972526389867,0.339443117039297,0.282831750445027,-8.47859048130419,0.137503343754272,0.925821535415505,0.101322332745031,-0.269601040682404,0.203353259910098,-0.242523629799424,0.129499700654727,0.241365346687972,-0.180233253445617,-0.11558704357358,0.0357515095843389,0.0518335848350061,0.156376565303205,-0.00272777544223396,-0.0869735769878896,-0.149557223652735,0.0487600256187373,0.0928478922158258,-0.0655373420427068,-0.0161481160423066,-0.00253677781961958,0.0877181832501183,-0.0244010613717784,-0.0779337566850698,0,0,0,0,-0.00304433470827893,-0.0140921033587821,-0.0275877431009145,-0.0606610395468565,-0.126219418190419,-0.0983067420816544,0.619922843553132,1.65436058365377,1.102844186735,0.920947544661122,1.13737598320105,2.68821066173792,1.86841511915242,1.88156091189614,2.80134239939302,-0.922392030995701,0.845266555298387,0.253728303810064,-0.851155572684062,-1.08429526200429,-1.09694463840741,0.0593477156132873,-0.576462439485892,-0.550279789314367,-0.560390065558279,-0.54842451054013,-0.526852517744351,-0.514585447681957,-0.537904080522317,-0.52604278603859,-0.455455523702064,-0.413697886454137,-0.362697439140506,-0.302458415674203
96,0,0.0987544278113214,0.28249479281214,1.05529626156541,0.126836320469652,0.131285844742802,-0.0282143841561059,1.62218791113941,0.429607934619055,0.305653191488103,-8.38834720109121,0.931994872306707,0.804423729310866,0.260132144985159,-0.255484058917721,0.0552035321512153,-0.446729714443695,-0.175156145892349,0.174589944896849,0.0250056221603188,-0.0142974441984606,-0.060310549738184,-0.0524011163774022,0.148195463200427,-0.06431689825525,-0.189455324418889,-0.24232356587128,0.0607310562763376,0.140274629300117,0.0301850074794323,-0.0533755964439515,-0.0134938758715025,0.107681482896272,-0.0313421698640217,-0.118408024234932,0,0,0,0,-0.00283446896913218,-0.0138847050294653,-0.0272105051140903,-0.0612707807510273,-0.135225510094265,-0.126854674465023,0.56277149426709,1.69088275140476,1.0969752038461,0.9820827920891,1.2055769630476,2.68060022859862,1.75659211694178,1.6335717658944,2.68114166953537,-0.896691625155902,0.780064368954617,0.267022833001382,-0.848390612708908,-1.07700791386366,-1.10404098684684,0.047357918336915,-0.574921405798665,-0.543402558588921,-0.54977113679768,-0.531445818588033,-0.514390499698131,-0.503934991458094,-0.538909576082087,-0.531256494365366,-0.458721577176006,-0.407876111525592,-0.354377569919344,-0.296198178310384
92.5,0,0.0958599950489453,0.274215040687219,1.02436616413906,0.1231188243577,0.133178369613729,-0.10813184513219,1.92287606348922,0.474486995441871,0.311286000251865,-8.18091619220151,1.44293268198203,0.37233025998012,0.349223957623427,-0.309109953579733,-0.0987715065857581,-0.489925247033156,-0.239264597586807,0.144843266459365,0.190221668149119,-0.0323777063455632,-0.182005180016528,-0.119144414263498,0.112489830330289,-0.162330182993942,-0.221712599022431,-0.259460194886151,0.109799632206858,0.0918453151394892,0.067672650070887,-0.10542957520288,-0.0802734819742624,0.130174333735649,-0.103363520449403,-0.125414119554803,0,0,0,0,-0.0026246063631838,-0.0133586478852565,-0.0258556419770423,-0.0604226627516269,-0.142382624878238,-0.151823156256482,0.494263526717763,1.73446502777207,1.07262434256614,1.02572868145558,1.27419674452268,2.65901474699658,1.76891930712702,1.34786452368911,2.57312074027984,-0.877498389437043,0.7314460739101,0.270363841911226,-0.847671862136369,-1.06772289606878,-1.10927089129222,0.0359376192355334,-0.571551318549801,-0.538578625258353,-0.545754286007417,-0.521460835089924,-0.509528212415157,-0.496924105488176,-0.53974418985648,-0.536090758972368,-0.459394794267301,-0.403441987598316,-0.34836739699508,-0.29357018635161
109.5,0,0.0929655622865691,0.265935288562299,0.993436066712706,0.119401328245748,0.135070894484657,-0.204694993274888,1.84686701824567,0.503119014226103,0.30624376700226,-8.07811936758138,1.7003118368081,-0.0183762113929583,0.322060341342411,-0.357792475236831,-0.205041339043945,-0.405566089139253,-0.246889086678401,0.16168522939297,0.266119832222228,-0.114356808830937,-0.25812437711076,-0.164022160680507,0.138475713527366,-0.220559057495191,-0.208735799811407,-0.234934276919587,0.166278113551954,0.0587091980235248,0.030455003719429,-0.0971163870216385,-0.147183682244033,0.138029193854561,-0.154011664293652,-0.147803834336629,0,0,0,0,-0.00221374490606718,-0.0123318308759422,-0.0237269752509671,-0.0585531710039739,-0.148284436224841,-0.17111741713239,0.415750149943085,1.78223539734868,1.04743154213828,1.05764566060654,1.33017110975353,2.6323970616828,1.78177543176563,1.04250001903167,2.48953613462156,-0.878736936141758,0.69010648003815,0.27858558912247,-0.841419996223898,-1.04421326882818,-1.10369454750349,0.0287374588746577,-0.564946699151437,-0.533719263480582,-0.541693227552311,-0.516395728542895,-0.511002469647047,-0.491836741716298,-0.53633901414674,-0.540278389076578,-0.460134235767247,-0.401274717947661,-0.349528105963516,-0.290377157474214
154.5,0,0.0900711295241929,0.257655536437378,0.962505969286352,0.115683832133797,0.136963419355584,-0.256652047550737,1.84686701824567,0.453327851838317,0.374180804304103,-8.02572478864794,1.77034481236725,-0.0709258359917132,0.341851761912522,-0.222303064966932,-0.123772799378972,-0.265654952326468,-0.101053361941606,0.26725285027667,0.502703518089984,-0.110972598606995,-0.256251562019855,-0.186289916406877,0.283583116045113,-0.152119054356191,-0.152768245672769,-0.0693844927054765,0.19851894193336,0.101138344966678,-0.0471814108676769,-0.107633955168498,-0.0909344484312671,0.143876522603307,-0.0718120762749408,-0.0964490418755099,0,0,0,0,-0.00159676649984142,-0.0107912693727613,-0.0208041898794608,-0.0556360941813806,-0.153062776290212,-0.187600949830735,0.234443641312189,1.86518399039196,1.02113927473748,1.08284678200972,1.3877522808081,2.63055730524717,1.90333699804664,0.861626721691526,2.43168543949831,-0.908775340448599,0.611819617589297,0.287068013851646,-0.825769286252473,-1.01996554633169,-1.09930174950389,0.023436327578137,-0.555985498507616,-0.530492717737427,-0.535010871231177,-0.513438768021779,-0.518837929525989,-0.487874965111157,-0.531972104738142,-0.545515347011614,-0.466720961363999,-0.402268529572303,-0.352585649965332,-0.282697245646917
103,0,0.0871766967618168,0.249375784312457,0.931575871859998,0.111966336021845,0.138855944226511,-0.276652600336864,1.78639803639304,0.54300000825647,0.461383496708666,-7.5122017981659,1.86148769207095,-0.165672473306528,0.305459951196087,-0.1706811316163,-0.0178831409791459,-0.189135464182742,-0.062456665238916,0.344266349763905,0.432602054529104,-0.134573236132201,-0.21038912278375,-0.227193394629188,0.281945064321588,-0.127694048989104,-0.146654604984653,0.0329478305452055,0.0657399553568713,0.139351294255913,-0.035673760629123,-0.0742164210997902,-0.0533043848838038,0.0858258068192262,0.0446786954608278,-0.165772960465237,0,0,0,0,-0.000979731839236648,-0.00924161297710385,-0.0177530941116452,-0.0524694276309813,-0.157079455963858,-0.201121738162107,-0.170567300185498,1.99595629775089,0.998095822365369,1.11196705485324,1.45220291271989,2.65915044534593,2.1578855785081,0.851922842691748,2.39023755228568,-0.952000432534747,0.53110930550209,0.291741944872822,-0.806351465685795,-1.0147910433799,-1.10377707194668,0.0173114092169233,-0.553064283964297,-0.529319390547563,-0.528515202982582,-0.513092386076904,-0.526901281676865,-0.480640161244415,-0.524383723301363,-0.547863431154904,-0.474585964677631,-0.40418356699461,-0.353206033505934,-0.275174658292807
51,0,0.0842822639994406,0.241096032187536,0.900645774433644,0.108248839909893,0.140748469097438,-0.28622029519006,1.02258264322248,0.654676130107383,0.525426589919202,-7.34375076275669,2.29702762127861,-0.331520997364445,0.282217208513246,-0.0396547484936485,-0.132354694762968,-0.04735235974409,-0.201333509141503,0.258808610802968,0.339511959825652,-0.182586445694053,-0.0673440447117924,-0.255460818164351,0.332004350112002,-0.136944465704907,-0.114919918964087,0.0481548082945315,-0.0139258479730121,0.147823124181153,-0.0667854621503782,-0.0427975467620537,-0.00799795249783041,0.0310727150844501,0.0591975232809059,-0.141328377317854,0,0,0,0,-0.000490749338490439,-0.00798407551914018,-0.0150469552197475,-0.0489419416275728,-0.15811905111487,-0.208904054104417,-0.472404062223316,2.14954519421778,0.98630528218254,1.14040568266393,1.5066098179311,2.6919262253332,-3.00904943483966,0.887782503981207,2.36000339565801,-0.98674291121005,0.504941217558975,0.295175701386319,-0.785154162254429,-1.03041301750807,-1.11311304635714,0.00742782881154104,-0.558066525285381,-0.530931355754087,-0.526640139065077,-0.516004501405365,-0.531869643943886,-0.475227038014207,-0.514669433251741,-0.546538453620361,-0.476245387593634,-0.401322156107744,-0.351755682631062,-0.269526758780416
50.5,0,0.0813878312370645,0.232816280062616,0.86971567700729,0.104531343797942,0.142640993968365,-0.28322698200933,0.976057879863006,0.562699745090321,0.593378291764285,-7.72922587173627,2.34005236421602,-0.325626240732769,0.16005155253225,-0.0524834257487632,-0.134655780024598,-0.067934581110424,-0.0992487054791208,0.377613186912276,0.330512019231624,-0.162730411618078,-0.0635072048164855,-0.311878357867561,0.400216229535842,-0.222911953958989,-0.147781685793576,0.0934927278239015,0.0359692328336692,0.149041425461852,-0.133748283099535,-0.0421314480079733,0.0399280925972188,0.00621062962698675,0.11328208308524,-0.235650066984984,0,0,0,0,-0.00012267572461102,-0.00701063855949972,-0.0127910210748789,-0.0448058546672142,-0.155033831916227,-0.215406637562697,-0.545261058749245,2.31756102811805,0.965673794982975,1.15517303107664,1.54893130852503,2.73039137445169,-1.98732601710678,0.921512496805779,2.34012810350354,-1.0332620567425,0.496707729748284,0.287988849432258,-0.767467298006927,-1.06549084098705,-1.11318563686219,8.59289707104136e-05,-0.568809088464525,-0.534365376863359,-0.522775109343861,-0.52603709345522,-0.539583959182477,-0.479185012183541,-0.508314960537077,-0.543419163083938,-0.472984502580747,-0.394443067936944,-0.346399637233845,-0.260857820081011
98,0,0.0784933984746883,0.224536527937695,0.838785579580936,0.10081384768599,0.144533518839292,-0.306580880091485,1.706288314343,0.554413584947434,0.583362152108139,-7.9268496533349,2.53265253885837,-0.258205451337146,0.23566844716436,0.0661284902997304,-0.124530807941021,-0.0512262216540556,-0.0698131244459488,0.374277051874863,0.147841987254236,-0.231819130537711,-0.0834878761486069,-0.31777546494008,0.448516806832862,-0.257086948787784,-0.0554278230097587,0.00703814296968478,-0.0311132329458395,0.289571397014479,-0.279050027730706,0.104485959017593,-0.0722062052927342,0.0479651092763089,0.0974509308432982,-0.260276632251936,0,0,0,0,0.000304109855111889,-0.00593121653944147,-0.0103681508314743,-0.0397712922286941,-0.148925493911402,-0.222259635165366,-0.608904940715827,2.49436452022298,0.931024589225214,1.15447062192056,1.58191988161195,2.77924478298589,-1.8672308165115,0.952014135942862,2.3376940102181,-1.09164478961381,0.40479670676601,0.261741332534346,-0.750255310706486,-1.1060046791407,-1.10315255090802,-0.00134347815924553,-0.581373724498227,-0.537888846875937,-0.522830113730379,-0.542180895865013,-0.551604933516067,-0.492794235499393,-0.507903358254584,-0.542286956403821,-0.46620009573122,-0.390736519449813,-0.344506391237435,-0.250824540275216
166,0,0.0755989657123122,0.216256775812774,0.807855482154582,0.0970963515740383,0.14642604371022,-0.32882689414265,2.46291604776054,0.530173626257467,0.547316944150735,-8.33189013953716,2.71384709642099,-0.248492017093397,0.357968432583411,0.129641803334294,-0.234216817245888,-0.0931813064651642,-0.200734013155256,0.385311276930445,0.0491353617761968,-0.232865229392594,-0.266725648194746,-0.25949893487674,0.523010204693328,-0.113311258479311,-0.0198039443635191,-0.170383805868281,0.0706999149271272,0.244498287169861,-0.279896831961099,0.181818852717747,-0.160652754342914,0.197346530968911,0.00159527393172571,-0.256944204590635,0,0,0,0,0.000780162570174979,-0.00465049806407148,-0.00728528125925632,-0.0335418177885475,-0.141077763298501,-0.226044322447686,-0.646801659098646,2.64834267287067,0.896309744191106,1.14135366885353,1.61134260454352,2.8260706680188,-1.708485532327,0.967354224215169,2.35734450645308,-1.1473470206224,0.266276106401041,0.221591370148269,-0.7290282933631,-1.13235290595178,-1.10253568085727,-0.00330528579087103,-0.599990992885192,-0.549139312446851,-0.535229801509704,-0.561404235338686,-0.560166717979455,-0.505852082886329,-0.507760082821663,-0.536227982937459,-0.449797258891511,-0.390120855496404,-0.344930816573185,-0.241879682776164
186,0,0.072704532949936,0.207977023687853,0.776925384728228,0.0933788554620866,0.148318568581147,-0.328546789188964,2.46730486954981,0.585668214543003,0.56086026677437,-8.53626775887794,2.63647340808431,0.121186919844417,0.55649440473734,0.0267344191377944,-0.229199936508559,-0.132890552561562,-0.0989850326525573,0.269719385316588,-0.129963495808942,0.0139486747968526,-0.384468041381958,-0.236247834780643,0.436279087733935,-0.170788456533044,0.113956389167053,-0.266685850542462,0.101814753582854,0.271580605311602,-0.194620286548514,0.222916852594825,-0.205419945721657,0.111686308488953,0.00373115818139978,-0.200598274898911,0,0,0,0,0.00125624949669606,-0.00324796996510788,-0.00365865860305705,-0.0264853642862008,-0.132310771012846,-0.225290550908294,-0.666692238652006,2.77565451985692,0.885676495677908,1.12769082247928,1.64754530943072,2.8643444717521,-1.54835024685796,0.974802184615252,2.40152416048219,-1.20235831729165,0.212920646486203,0.177054642187864,-0.706730501098958,-1.13958636499507,-1.11412110676793,-0.00413318456969904,-0.627693864731365,-0.566309687189354,-0.545528014426421,-0.580709355117653,-0.563366360159834,-0.509698126806348,-0.505319867248524,-0.526777857698782,-0.428273104786748,-0.384991614984592,-0.343036053810891,-0.232612263906608
186,0,0.0698101001875599,0.199697271562933,0.745995287301874,0.0896613593501349,0.150211093452074,-0.330768063625237,2.46730486954981,0.574347246227028,0.59532252744602,-8.53659602931078,2.64959384105604,0.0903579714280716,0.496757892352523,0.0145802801684613,-0.173566078601795,-0.22096869587924,-0.225861403557096,0.140142533163122,-0.172325558492444,0.146532790027759,-0.361412931920283,-0.165547679376525,0.487473289465206,-0.115093731145733,0.00402430964307054,-0.318254518864517,0.0642958906162458,0.266317708463639,-0.0230537330534954,0.0890358776204928,-0.156933106102946,0.05317251434363,0.0458896147434151,-0.160405604424675,0,0,0,0,0.00173237042252152,-0.00184502637527898,-3.04498698569592e-05,-0.0194199244806729,-0.123256711002884,-0.223091827345559,-0.687114677649931,2.91543819616386,0.880240552317807,1.11652366624574,1.70115775568018,2.89803563509164,-1.39799072434901,0.990249861082868,2.4608982752601,-1.25225202081725,0.15063103210289,0.126493996514904,-0.68466878064846,-1.13794957592248,-1.13462677849688,-0.00506303909726282,-0.657424590783617,-0.582204260059783,-0.547718309620187,-0.58987887160667,-0.567689557470409,-0.51613028656648,-0.51044403735379,-0.524730718312308,-0.409785142688525,-0.373208890120549,-0.338330631588198,-0.22363681324324
163.5,0,0.0669156674251837,0.191417519438012,0.71506518987552,0.0859438632381832,0.152103618323001,-0.338097465871366,1.58904780944351,0.569417608917597,0.611207299982374,-8.88675212338298,2.4266230235271,0.129040293636016,0.494926162547668,-0.037735635987949,-0.249118740904263,-0.15373419388535,-0.184047563127246,-0.139800683604276,0.0479952367920718,0.0268883851092671,-0.307269236861942,-0.177123791550917,0.455179509060749,-0.0785625071971991,-0.0790258026043736,-0.158539108366267,-0.0106312536304021,0.283105963665882,0.00666461838734513,0.0413590307263887,-0.0655713702010224,-0.0133234150203866,0.0136029002904303,-0.0616469395888901,0,0,0,0,0.00220852513540564,-0.000441672635042608,0.00359925039906126,-0.0123461878684449,-0.114248568027428,-0.220930975366442,-0.707964498467728,3.07178194781137,0.876122117351505,1.11133045419669,1.76644178680344,2.92498111546614,-1.32759227849026,1.00925656796522,2.51314994396314,-1.28782481931597,-0.0177180665154715,0.073445961998611,-0.663580719851108,-1.11669934954869,-1.17674245854286,-0.00610778760532224,-0.684641299706519,-0.597889977477696,-0.553675914655035,-0.593392282029171,-0.572789262284921,-0.525851726315792,-0.522218361837537,-0.522900619194032,-0.394825812664139,-0.364538136969065,-0.329077949839765,-0.221704007487665
141,0,0.0640212346628075,0.183137767313091,0.684135092449166,0.0822263671262315,0.153996143193928,-0.346776240481457,0.685685985390389,0.632897321867124,0.593277569416534,-9.188538277049,2.36459720807151,0.317813190416268,0.570286193547816,-0.00468569325439186,-0.254570320673075,-0.0527806300920918,-0.138353195086021,-0.270511087473905,0.0921805714203918,-0.0173924937559258,-0.310023030643351,-0.249702251163808,0.406750916133663,-0.146346260086612,-0.112791337089486,-0.0230955695858773,-0.0539401912556814,0.338260957925793,-0.0213285256024833,0.0639628307695321,0.0315901422580981,-0.0603180967441629,0.00561037005161479,-0.0335860912455424,0,0,0,0,0.00268471342301147,0.000962085905558959,0.00723034742747775,-0.00526484888647972,-0.105012170374724,-0.21889619515198,-0.729851044472472,-3.05722024853783,0.862251530947142,1.09756482483091,1.82032437300044,2.94414951918937,-1.27893719868686,1.03327561003863,2.55562088661315,-1.30449090395137,-0.190324441768312,0.00953291104694021,-0.620646368787392,-1.08920848462184,-1.22905574739004,-0.0058313876477099,-0.70855716445122,-0.611089927604811,-0.566807052921449,-0.604397284765353,-0.578135055045835,-0.534277035388204,-0.535416952983403,-0.521709736716355,-0.380282554193376,-0.359191858855789,-0.321417748962931,-0.226206921303367
142,0,0.0611268019004314,0.17485801518817,0.653204995022813,0.0785088710142798,0.155888668064856,-0.362166191149917,0.899282023089366,0.514386771762551,0.571826650067085,-9.46910843898423,2.32469440795945,0.431020119098887,0.452585222635285,0.068893540835828,-0.248080199793681,-0.0742459303664408,-0.0971872379537621,-0.236833299662094,0.0947481836758182,0.0753837005233934,-0.2871439187147,-0.194953641434684,0.289717896777736,-0.198410844593881,-0.132581323630582,-0.00699776188942536,0.00784600744311622,0.211715631512082,-0.00730708061472672,0.0451706905367755,0.0381044645135469,-0.0585752692382527,-0.051501115590351,0.0366175676480845,0,0,0,0,0.00316093507291116,0.0023662438870151,0.0108627462188992,0.00191668079559985,-0.0953291588867904,-0.217869507790255,-0.758735746463404,-2.87919997777605,0.823200797339826,1.06829134498252,1.85911973371565,2.96056490656757,-1.2249435181761,1.04347972942521,2.58641629570635,-1.30912064662986,-0.271898316920057,-0.0511936850681183,-0.562841222071324,-1.07946946088897,-1.27570413756658,-0.00741269351638002,-0.730841063224511,-0.626315916878092,-0.58748470837264,-0.62360957815674,-0.5897803082187,-0.543952960294993,-0.550192567481793,-0.528901840913184,-0.364380618471148,-0.348513452681198,-0.316196936305122,-0.230195696503227
144,0,0.0582323691380552,0.16657826306325,0.622274897596459,0.0747913749023281,0.157781192935783,-0.388969941703781,0.911866325579022,0.427081465827685,0.572911954883036,-9.65938156268115,2.41573902256642,0.489000466902321,0.41118841310591,0.00164958196406041,-0.336754172189241,-0.151191746715794,-0.0946388347032631,-0.303992381941986,0.0369264272964685,0.0911290802045544,-0.250979935297496,-0.064913701586637,0.243276282560196,-0.19567365409089,-0.160464488609159,-0.0240281614602472,0.0990711627582822,0.142884884008857,0.0813388391098587,0.0317479660809621,0.013941003090002,-0.0396252235561375,-0.100204849494613,0.0797194051832652,0,0,0,0,0.00363718987258658,0.00377079594046423,0.0144963515713111,0.00922473224412887,-0.085387423094189,-0.215203478080646,-0.778221918131499,-2.70073280158585,0.789041572858475,1.04424982983205,1.89187446061275,2.97800746467476,-1.22290835907574,1.0200572741396,2.60664996330366,-1.30697085789722,-0.256565452549704,-0.0941199961346681,-0.541223378019119,-1.09546831266934,-1.33064375920586,-0.00347702267819199,-0.747148202758381,-0.641776000497775,-0.604724015473701,-0.639576918875198,-0.605164795065432,-0.549469231730995,-0.562418630127721,-0.54139141562413,-0.355782724325974,-0.342911786378596,-0.315655178586422,-0.236237094942671
127.5,0,0.0553379363756791,0.158298510938329,0.591344800170105,0.0710738787903764,0.15967371780671,-0.411909554438904,1.60572348488765,0.440553647780195,0.585991688928852,-10.1591452647665,2.32068371991734,0.564404404704625,0.448831044124078,0.0826617381552157,-0.214422762967369,-0.17916883129699,-0.159529465182007,-0.289991975540633,0.0314065795577292,0.0578902390586985,-0.138600028346735,0.0771361140591068,0.302457943634639,0.0448446824365358,-0.16412529479857,-0.0526666001052266,0.0895930565056135,0.0706028110961124,0.100349177369037,0.104955085535061,0.0504894042707243,-0.0175799192203136,-0.0383057251853293,0.0181798013651896,0,0,0,0,0.00411347760942972,0.00517573668781125,0.0181310680920094,0.0163958126684622,-0.0759967551549485,-0.211062973624011,-0.784940595222984,-2.58351359740862,0.790056952700995,1.03226700255536,1.93048089251619,2.99354363854967,-1.24659254986885,0.965208459253482,2.61999840919847,-1.29849337994999,-0.298574178742446,-0.141874763197383,-0.557294678965206,-1.12096515147995,-1.38914043929874,-0.0130710111243826,-0.793216717932707,-0.688850985532991,-0.647756988834196,-0.673949123857344,-0.645534617627333,-0.579387746177865,-0.596864561981963,-0.577607582988728,-0.374409343326742,-0.36299576400699,-0.335874312517303,-0.255566474859386
110,0,0.0524435036133029,0.150018758813408,0.560414702743751,0.0673563826784247,0.161566242677637,-0.416054142376824,1.9457316172784,0.446827146227225,0.596946160187333,-10.5769068103563,2.01577880974601,0.554611284050383,0.390185097121795,0.12420781978448,-0.0410182272404327,-0.0753958127736185,-0.15978045520463,-0.0441884633288811,0.179026361430177,0.054521008745609,-0.046066636899938,0.0778372004015128,0.261397253003794,0.171828353784055,-0.0355885075342881,-0.0901430331447524,0.009042916696493,-0.0181705138542917,0.026766113841524,0.062793880741003,0.0159581986880889,0.0465062120621307,0.0157143914310253,-0.0496298376038822,0,0,0,0,0.00458979807074357,0.00658106074184674,0.0217668002125106,0.0232410687972539,-0.0689663921990398,-0.211840932488127,-0.786165875743464,-2.51158178575042,0.8468100483241,1.02563685307757,1.96833535312898,2.99941063539544,-1.26021835329147,0.902830413217801,2.62674564914897,-1.28600284841162,-0.36769239034618,-0.180860449961033,-0.581553088529418,-1.11469851601894,-1.44714186401885,-0.0217904500500287,-0.830582336602022,-0.730740261134873,-0.68151495565403,-0.69569598425356,-0.679426910975819,-0.604298867995342,-0.626867551136141,-0.608038950318379,-0.396337396749257,-0.382164227401845,-0.354607657709346,-0.279252131346964
110,0,0.0495490708509268,0.141739006688487,0.529484605317397,0.063638886566473,0.163458767548564,-0.410427466588507,1.08328676308458,0.518193659983462,0.57336405794486,-10.6431338412376,1.85773437743222,0.581654210238055,0.324889102494362,0.0655533459892725,-0.0132356617122921,-0.0350080769431642,-0.0724698645754885,0.0562474334099311,0.23401228467808,0.112655811130502,-0.0958855429865441,-0.0170420193117022,0.246772028721964,0.0552771871496895,0.00890324793282585,-0.075443327988849,-0.0150639525099684,-0.0133056282125196,0.0290601515700908,0.0249558449327064,-0.0349580834103213,0.0524298882703506,0.0313446946004202,-0.089340264891003,0,0,0,0,0.00506615104374242,0.00798676270636522,0.0254034522035276,0.030190026404813,-0.0625122943694377,-0.213491465448868,-0.773256045052338,-2.42173317361895,0.916574124817018,1.00197686559162,1.99081811810979,2.99659659610434,-1.25144323642479,0.861992857572256,2.63126414087652,-1.27356349800308,-0.358797482151918,-0.18767633509877,-0.624822404284901,-1.10041014707072,-1.51425690435142,-0.0104080848740141,-0.823495307808529,-0.729567807287992,-0.671312867919845,-0.677106591185165,-0.678512331644707,-0.594358514791412,-0.622486600391381,-0.610598192681812,-0.403620372969918,-0.380390309020123,-0.357070792058816,-0.299302048509597
110,0,0.0466546380885506,0.133459254563566,0.498554507891043,0.0599213904545213,0.165351292419491,-0.435045291226665,1.1092851738966,0.503068878318893,0.483645617155028,-10.7725793260338,1.69487633409043,0.380406823088577,0.518139971742242,0.239502937249427,0.00452454295587821,-0.10414525456784,0.0428582582827353,0.116852598827037,0.133277975527812,0.0629232297821315,0.0830663177144032,-0.0608960903068932,0.179600374748513,0.0643358655046737,0.000396685635535667,-0.077407642289204,0.00368060352237651,0.0716318127684662,0.148661452705719,0.0273998838163523,0.0230888852571693,0.0504765438146485,0.0297449184822116,-0.0919297853418779,0,0,0,0,0.0055425363155525,0.00939283717628456,0.02904092819001,0.0373638865757833,-0.0540915252691946,-0.209579925335957,-0.749643761703083,-2.27805417753348,0.951658616019097,0.943633117492582,2.00241632919753,2.99265726048012,-1.2307661798005,0.839452219145639,2.62938856693714,-1.26337919059804,-0.360100358744725,-0.183244161496985,-0.748285136088541,-1.10111830151195,-1.57027692588804,0.0277796938798677,-0.757219089840623,-0.671436925567115,-0.613676959858374,-0.605329314853288,-0.627514038680157,-0.542133942763884,-0.572083590054569,-0.575511565222476,-0.386191111484383,-0.361240675537367,-0.346585673301564,-0.312222206500478
98,0,0.0437602053261745,0.125179502438646,0.467624410464689,0.0562038943425697,0.167243817290419,-0.457928313487856,1.06875567942243,0.414786711905807,0.333775665730608,-10.8297032724954,1.42391511605019,0.0840459388319059,0.701088089877519,0.340378473121865,0.0480923867317475,-0.173165159576335,0.144605895472369,0.180914222244837,0.0255882695478632,-0.0817762092104653,0.196029985424518,-0.0916786021966127,0.114733071224377,0.14663641365045,0.0450364037861085,-0.148072895463716,0.000862038170612108,0.133982849956569,0.238124313969748,-0.0471588368444279,-0.0154216082799758,0.0339334314474565,-0.029191340531444,-0.0660836950377561,0,0,0,0,0.00601895367321253,0.0107992787377661,0.0326791321662433,0.0444829656009147,-0.0442062667671857,-0.200258916704452,-0.715373933777797,-2.08202677214805,0.985978416494915,0.866754781346039,2.00136449875551,2.99130641512868,-1.20389369359989,0.817576654621058,2.63264073875382,-1.25253657443948,-0.395255418741771,-0.207091348128517,-0.875201543198019,-1.11890612041058,-1.6106705821992,0.0705198414223015,-0.675254661015522,-0.606150288208012,-0.554481973425568,-0.53402909791016,-0.568183468754795,-0.483776634081337,-0.512605591087684,-0.527665688458625,-0.361137124217881,-0.345488946281003,-0.340151174556501,-0.322330203261531
115,0,0.0408657725637983,0.116899750313725,0.436694313038335,0.052486398230618,0.169136342161346,-0.455553137187783,0.715203221074597,0.41353510798773,0.172435206680682,-11.0423520276551,1.45909294256253,0.348313837264383,0.501240324563025,0.169605947786974,0.0570884645671272,-0.101065977466028,0.156937274333559,-0.012466584439948,-0.0610788288697508,-0.0170518607563425,0.191823240060194,-0.0413814915714492,0.11509656644264,0.0607705908895409,0.0498883882629648,-0.154228576680791,0.0475955392139985,0.0805379321929517,0.160846124171361,-0.0344613447741714,0.0257527481412779,0.0778863107834226,-0.114544499139338,-0.0493009670834993,0,0,0,0,0.00649540290367422,0.0122060819683347,0.0361221909586332,0.050991921071868,-0.0348095483165627,-0.189714372978075,-0.668707865754519,-1.79663849401423,1.06238826193036,0.801995364167548,1.99533998531,2.99648486553351,-1.17816119014317,0.785005395703704,2.65190155469799,-1.23573517284358,-0.385104846977915,-0.313207555482588,-0.952845888240445,-1.13804636606874,-1.65053424569014,0.0846065340048966,-0.645695795492736,-0.596608428728027,-0.543879675566719,-0.519437431286159,-0.554881918154838,-0.471203980686903,-0.495736618141231,-0.51522525611155,-0.361042627452709,-0.35006874040869,-0.350917547934743,-0.333023532395115
144,0,0.0379713398014222,0.108619998188804,0.405764215611981,0.0487689021186663,0.171028867032273,-0.402390341299404,0.869323996609743,0.447514606401969,0.10373279720281,-11.1937424908108,1.60008748226456,0.675755398786935,0.36158030475051,0.190978437524959,0.15662266045676,0.00622362538964279,0.130827518408913,-0.137931170712002,-0.00395746632122879,0.159001883633137,0.179689883316091,0.0390974507622047,0.0724762337078806,-0.00688831056919214,0.00816929712236429,-0.122021167880248,0.0992198716152998,0.0734382645765905,0.120019884583908,0.0160150779061528,0.0633291097484876,0.0685102527200455,-0.119668918081024,-0.0466204431932137,0,0,0,0,0.00697188379380302,0.0136132414370003,0.0393650010757352,0.056883892371933,-0.0266875372380727,-0.180632876136521,-0.616165117363394,-1.34111882941356,1.1804258252571,0.759767844289199,1.99627252921939,3.01129088030443,-1.15806661577724,0.725168591916939,2.6503343801532,-1.21602949136212,-0.239352831675094,-0.424293944425244,-1.04447142766397,-1.12924250091781,-1.6716292723054,0.0940710780430294,-0.62192131162055,-0.59329404490011,-0.535669179738791,-0.505702159248122,-0.54331000614762,-0.46833112132066,-0.486685104467304,-0.508966275412657,-0.36469949982757,-0.356420590316402,-0.35963017805817,-0.335679790935576
111.5,0,0.035076907039046,0.100340246063883,0.374834118185627,0.0450514060067146,0.1729213919032,-0.317968783073422,1.43540218865619,0.473302929007673,0.104465564925573,-11.4704014255584,1.467975038277,0.678166363092509,0.378028533709646,0.264849768103788,0.282981896880333,0.0808639884207583,0.20675747420462,-0.0153476199917458,0.116102097799325,0.179546672206615,0.144323213958279,0.0969648272564772,0.0441063387216526,-0.0120485460648146,0.0212933992475973,-0.0648692763447297,0.106111376190365,0.0948304533712176,0.151117578212506,0.0564272432786554,0.0476626745086096,0.065108958108628,-0.0208439909875803,-0.0567375213668757,0,0,0,0,0.00744839613037844,0.0150207517043787,0.042608161385731,0.0625990068228374,-0.0193441338701718,-0.173663051615983,-0.571490401528693,-0.8555083113609,1.29505913144522,0.722794724613542,1.9953834044455,3.03176101161022,-1.1434604258538,0.63687246199348,2.48574281568879,-1.19166657242297,-0.00821095465055433,-0.473910869153388,-1.13392722833429,-1.09807746758741,-1.66629821086722,0.0996470114555601,-0.604089587308068,-0.594015130545814,-0.530052277831847,-0.490565656634373,-0.532197079253408,-0.469469451665198,-0.475081342012012,-0.496544265802573,-0.373255162522583,-0.370444408539117,-0.366771060592277,-0.336719184492046
94.5,0,0.0321824742766699,0.0920604939389627,0.343904020759273,0.0413339098947629,0.174813916774127,-0.278205684176771,1.74480604685425,0.434146332426505,0.0987050570086369,-11.3832034994326,1.3353645538574,0.633587561532671,0.39137153506067,0.255175306990823,0.35596945368076,0.122485044830629,0.266052353422459,0.0340184213693982,0.0373860476940127,0.0128922088757278,0.0857406083019705,0.0975612098589496,0.0713246238366056,-0.0243290582179272,-0.0244341742944757,-0.100947416525748,0.129565352857322,-0.00585903165471951,0.160765392873761,0.0371141312339556,0.0050113418863785,0.0293150536240045,0.0222517797291402,-0.092430565937308,0,0,0,0,0.00792493970009482,0.0164286073228138,0.0451138527894068,0.0668679837902399,-0.0139522658316068,-0.167683835931918,-0.531281819400464,-0.454411614972393,1.37230671941883,0.678139512632132,1.99147909674761,3.05306197870612,-1.12664642133351,0.538205581295062,1.02999771858056,-1.16849915295973,0.280589648379468,-0.509106462321311,-1.22086026863269,-1.08287733428154,-1.63606645029885,0.100910485214247,-0.592052531148755,-0.596176801205696,-0.52809368412308,-0.479592541502651,-0.521864793003322,-0.47283049996028,-0.462651760779991,-0.48094028404724,-0.38277973039028,-0.38262611429764,-0.368742408243129,-0.337016719033947
110,0,0.0292880415142937,0.083780741814042,0.312973923332919,0.0376164137828112,0.176706441645054,-0.268910249719443,1.1776297171437,0.430477771987434,0.0981424445851724,-11.1884500797893,1.41025175118922,0.653267683588146,0.395774780220296,0.270967184412171,0.406990519219917,0.111883006607746,0.17537957507119,-0.0106520522254295,0.0165664623539236,0.0193320159434447,-0.0194508602277091,-0.029147462159077,0.0842227663317028,-0.0269245992424677,-0.0774283229534819,-0.106600998334516,0.138505049621466,0.0106519565624064,0.158652351574591,-0.0337028580613628,-0.0446226452848361,-0.0747479445053203,-0.0240742893808492,-0.0230866204262622,0,0,0,0,0.00840151428956163,0.0178368028364996,0.0468628028780032,0.0699620372375012,-0.00808183795102765,-0.156512213481447,-0.483325901458115,-0.132584978816013,1.44315886189329,0.638447603667048,1.99378709572695,3.08344024886586,-1.10276804648374,0.454918481089099,-0.327161259555782,-1.14349278091218,1.49291767161976,-0.529602243179593,-1.2695136850179,-1.10394198186037,-1.60100535315397,0.0989214001284296,-0.582652985726074,-0.598224970307257,-0.530674827317618,-0.47668620340909,-0.513281879607308,-0.473325984671417,-0.451850636757084,-0.468062801705585,-0.388585721691737,-0.385257960282225,-0.366108914171242,-0.339178433496915
110,0,0.0263936087519176,0.0755009896891212,0.282043825906565,0.0338989176708595,0.178598966515982,-0.310015464850689,1.40972539142104,0.494633651194543,0.0963997014135057,-11.2370926571021,1.35383334720535,0.60119107871457,0.387162506669086,0.224549625599018,0.292014147375871,0.102832101436867,0.155638300293163,0.0118337909074577,0.0918636792319228,0.0794274476216131,-0.0393166217949646,-0.0911166856869285,0.109424606934669,0.0383619093921941,-0.0442383789393453,-0.0545357393216501,0.0549709115594971,0.0556405307145986,0.159240617734307,-0.0109815558908162,0.00600395378380713,-0.0824780104692946,-0.0721740959535548,0.0358630270337698,0,0,0,0,0.00887811968530435,0.0190899654619673,0.0481024009616317,0.0724420083978674,-0.00111663188518628,-0.142351309926577,-0.43189142667607,0.0800384535755096,1.51715240400442,0.597752439898131,2.00093238944944,3.13249812814073,-1.06845119343492,0.395880737046168,-0.37618201365871,-1.10294793302284,2.56536839966429,-0.529676726059721,-1.26582779263829,-1.1579284940276,-1.57003777276081,0.0987649560572436,-0.574948889919838,-0.60228470305163,-0.535479682866012,-0.479305535258115,-0.503883441009128,-0.468121839587755,-0.438220352322595,-0.456932739242165,-0.394439233180487,-0.386297543716756,-0.364945680611288,-0.340720326994906
80,0,0.0234991759895414,0.0672212375642004,0.251113728480211,0.0301814215589078,0.180491491386909,-0.34973351813766,1.62580913915326,0.563262662784813,0.0924291995434174,-10.22633990313,1.61984001158717,0.545269020717294,0.264954136438357,0.203680860495309,-0.0526784582959836,-0.112493859405848,0.183224210256624,-0.0281017310323945,0.211442024205853,-0.0472900358383143,-0.101935818155045,-0.281623212121523,0.173450063886728,0.0411385564346255,-0.00412393089805597,-0.0578480461206534,0.0710839069824689,0.0860661414269491,0.0340505177549353,-0.0453452148923779,0.134958967082508,-0.0229522500559813,-0.0716595488117309,-0.0950230628018172,0,0,0,0,0.00935475567376486,0.019861677100362,0.0481360365320732,0.0734128107672017,0.00528951873070039,-0.129140319422335,-0.383318251533121,0.211240758923711,1.57907821976945,0.566088055326481,2.01728226331687,-3.07390730249336,-1.03655354600979,0.362381333045813,-0.41383290566949,-1.04159970026118,2.38152430150701,-0.51657363338496,-1.24184096090694,-1.21903571005683,-1.5315439400044,0.102194578103328,-0.568487212151939,-0.607532015633069,-0.54195131849823,-0.488872162153886,-0.492197469335138,-0.458876671360197,-0.42767136283722,-0.445965130296628,-0.397233944046876,-0.389192272284629,-0.364552999380983,-0.337079879453634
109,0,0.0206047432271653,0.0589414854392797,0.220183631053857,0.0264639254469561,0.182384016257836,-0.340418088557741,1.48430823826259,0.490187792546131,0.0975613016977358,-9.73126545415703,2.14261099074193,0.671262970465513,0.180971513808282,0.0495921631031618,-0.264356151642187,-0.26470098632135,0.108987794095953,-0.118032511647167,0.275310128003858,-0.130600732961173,-0.195856274025757,-0.324524918276452,0.144266220222626,-0.0330071656499814,-0.0405504917463259,0.0176151765143381,0.198544020656154,0.102593866264616,-0.0245837260206265,-0.130399725114325,0.148614076477854,0.0227307070889777,-0.0244986056998131,-0.134262374920274,0,0,0,0,0.00942848195910243,0.0191020539098573,0.0454311706825535,0.0709706393109431,0.00987407359024539,-0.118095292550906,-0.339842655941964,0.299497449219513,1.62355054473896,0.562143508848034,2.03641510886564,-2.9633087325519,-1.01921783269004,0.368637146033061,-0.411011678434722,-0.964387335630305,2.16129217850111,-0.515657527365693,-1.226231480272,-1.3005504138172,-1.51141090934893,0.101940216506047,-0.567348515068906,-0.618134715629067,-0.549596402222784,-0.505321646446614,-0.485290238654851,-0.45405529464551,-0.428090334491997,-0.438133939527487,-0.393309461855722,-0.387367261981261,-0.358949373513977,-0.328515190913818
145,0,0.0177103104647891,0.0506617333143589,0.189253533627503,0.0227464293350044,0.184276541128763,-0.337988567907508,1.38358019252828,0.480497307277719,0.100862038630177,-10.5314100184033,1.95609001331019,0.800525639281875,0.250743759131666,-0.0127865758170023,-0.154707101031199,-0.122959578310937,0.0898968415220488,-0.127237161968998,0.187820976715533,-0.123866960009193,-0.195686773296107,-0.178783823543894,0.11225400548109,-0.00234134323051492,-0.00658306474742975,0.0785276887258798,0.166226706420738,0.0486807809350811,0.0299248133900229,-0.11464674641757,0.0910319633187297,-0.0187376227861816,0.0149294830394057,-0.0979169065663137,0,0,0,0,0.00908910457106603,0.0168711718758308,0.0400139095839007,0.0650281240683279,0.0118533249362053,-0.110009916235221,-0.298534717483591,0.39086718207133,1.65324688539919,0.570352581919059,2.04098278966704,-2.82699930143907,-0.994651524968323,0.36874627884152,-0.392568008542967,-0.870850893291553,2.06170536085243,-0.550612960268323,-1.23960294289918,-1.43953921262915,-1.52472011262468,0.0952313833665859,-0.573950646656757,-0.634112400309034,-0.558378968627284,-0.521394528397274,-0.485377555037695,-0.454735342994725,-0.431224324807774,-0.433598345992109,-0.39122325088333,-0.382957646573512,-0.348275969284571,-0.318356889739553
122,0,0.0148158777024129,0.0423819811894381,0.158323436201149,0.0190289332230527,0.18616906599969,-0.352023507249413,1.73127401817592,0.559973655583057,0.0957099740225238,-10.6130238197435,1.71534723556642,0.894236553755494,0.413167516308266,0.32109807232635,0.0853951492247555,0.0377291759518942,0.120168529179212,-0.0681729762154995,0.194817330614903,-0.140878073609283,-0.103933544544977,-0.227854216456521,0.124290543774487,-0.0250610890252771,0.0866037029773952,0.0160787040290218,0.0693508756552319,0.0240127573647259,0.0152145139940359,-0.0831503793494256,0.0648821957035177,-0.0649515541047459,0.097699507070792,-0.136695610838936,0,0,0,0,0.00874977197455321,0.0142143121494009,0.0333695993024451,0.0574654154101467,0.0120405125711863,-0.106090525753118,-0.262578183852444,0.469804986494558,1.68739157082039,0.583100967766077,2.04613756302564,-2.65766572923529,-0.958487179143657,0.318218829847702,-0.382544139857173,-0.768941806722605,1.95951299038819,-0.6248359273603,-1.29268208552805,-1.59621229980384,-1.55774985463712,0.0839903563964052,-0.585750869374424,-0.646653018018995,-0.572112289431176,-0.537504242630298,-0.488014060679992,-0.452050399384008,-0.42819512132611,-0.427737145480276,-0.389653984037554,-0.376698559346312,-0.337985594409278,-0.311634508349008
121,0,0.0119214449400368,0.0341022290645174,0.127393338774795,0.015311437111101,0.188061590870617,-0.361002852727838,1.73487874584216,0.448175116467351,0.0861002766518894,-10.0142547226281,2.20059564880141,0.945557377522944,0.407603905871289,0.279357536681537,0.0277997504389804,-0.0573526071525176,0.0738315356500352,-0.0255324804276272,0.237865028911565,-0.0723756028821445,-0.143274578286848,-0.305233442553663,0.279012851712608,0.030850652030522,-0.0153096465656518,-0.108585095809447,-0.00408795001568108,0.0285405575279353,0.15009832861976,-0.132557501891932,-0.0483908819083397,0.0735501356099574,0.0483810426068353,-0.0864320420715459,0,0,0,0,0.00847458670025572,0.0113456922760115,0.025771687264367,0.0481838291545313,0.00939497427631372,-0.107280803623121,-0.236301179455039,0.525580844085037,1.73300829909002,0.59907726839379,2.071186757435,-2.38217412735015,-0.924415988864356,0.240209966215045,-0.361448303555801,-0.675639235301057,1.95310369388694,-0.720655477844281,-1.35558924609083,-1.7250098124106,-1.60001331432053,0.0725177612462031,-0.60140793434678,-0.657325543721483,-0.592760934765009,-0.557957933403628,-0.492914752057989,-0.448372827367419,-0.422815382147285,-0.423060606234235,-0.384339520997306,-0.364963137977511,-0.325438238357368,-0.306951304796932
119.5,0,0.00902701217766063,0.0258224769395966,0.0964632413484414,0.0115939409991493,0.189954115741545,-0.361002852727838,1.28135878484334,0.344750699796058,0.0776795056232818,-9.50229495238082,2.22343738353507,0.640954753773739,0.239909489246701,0.0425905359188795,-0.0633537298841495,-0.218123075849082,0.0710959258586665,-0.0639355919529325,0.207996026306868,-0.0166204786258124,-0.121168369358377,-0.353386892450665,0.369247657516804,0.14711467712406,-0.118810709200453,-0.123704751136981,0.00343871644376966,-0.0314157075390857,0.239365194695342,-0.16814541287411,-0.037246297760716,0.0804136405793201,-0.00326212984164929,-0.044402553929878,0,0,0,0,0.00825995969167059,0.00834620649258202,0.0172638801048481,0.0368860941340314,0.00368307088061327,-0.109761099618807,-0.210952850453311,0.582292373356742,1.77652242644076,0.629107773382488,2.11949986680162,-2.06355070682318,-0.893813214490033,0.22134882415119,-0.315758281933828,-0.578468607783481,1.97144015295914,-0.772518276926707,-1.36418384708661,-1.83309169961024,-1.65709592830677,0.0628445044515738,-0.620458094237619,-0.671650286512495,-0.617412685555792,-0.58546635954155,-0.50114028608434,-0.445272720090905,-0.416280621433972,-0.421216258127219,-0.375467739838623,-0.348620736174059,-0.306593552522447,-0.299785255766846
105.5,0,0.00613257941528447,0.0175427248146758,0.0655331439220874,0.00787644488719764,0.191846640612472,-0.370335308970572,1.39779135851229,0.435506982967854,0.0836879713829685,-9.24211221865199,2.12953247577615,0.461428888543327,0.228566182145791,0.170707706910815,0.0649148576072335,-0.148431037017035,0.036149773277626,-0.0619729214450332,0.170499657588815,-0.00995168644956018,0.0206425150085691,-0.376027146253071,0.244446719540021,0.124184788949144,-0.108375916148853,-0.0441114329302355,0.0611001380263462,-0.0931569812526455,0.169889660646671,-0.120814986810892,0.0109385468728725,-0.0149477427433239,0.0658664530284563,-0.0465086450670446,0,0,0,0,0.00794724897728989,0.00497635263574215,0.00738536636001102,0.023036784484563,-0.00545516978784229,-0.113484556551809,-0.185062238879976,0.647668587351135,1.82923839314895,0.690992414893861,2.21000387519355,-1.54338087492922,-0.867703975011702,0.27253315982885,-0.241815974052202,-0.460589643629977,1.94515645324606,-0.649380722498138,-1.33969524310013,-1.92373685878134,-1.71598123139022,0.0513189228332902,-0.642483800396996,-0.690865301543592,-0.64565532668326,-0.61368677948822,-0.509590926843201,-0.439265010320366,-0.406443844707091,-0.421921302139916,-0.369343666220182,-0.331333617314535,-0.285661567126227,-0.286916124768275
142,0,0.00323814665290832,0.00926297268975511,0.0346030464957335,0.00415894877524596,0.193739165483399,-0.420280394481794,1.3118705975453,0.556140007371887,0.0995196100667447,-9.56477494227296,2.43184590298123,0.684247009780824,0.233407038568122,0.112402393583744,-0.0382197876222237,-0.135302288554852,-0.0912993361110579,-0.103456308879363,0.181461741140881,0.0711471466536994,-0.0785455259142885,-0.433261725590519,0.238890930360609,0.160477581357513,-0.109058265215548,-0.0295152529764613,0.0304612798048242,-0.0198765381777399,0.263572739878877,-0.115298311683127,-0.0664371609420889,0.0347580397929194,0.061969520589299,-0.0368447002118494,0,0,0,0,0.00753944724194712,0.00133427023381641,-0.00366563548346678,0.00691431423199422,-0.0179539312421902,-0.121029302334414,-0.168002791318519,0.705583258489444,1.89328434555839,0.778415845021121,2.32376123173311,-0.978097713363032,-0.835232157707333,0.333000677637261,-0.146748238965016,-0.319523437393647,1.8859767442227,0.439604195565741,-1.30546308310692,-2.02530876228381,-1.7785089799809,0.0393557292538292,-0.671091575619457,-0.717365454791884,-0.679432791842375,-0.639795323574984,-0.516490767798832,-0.432571728777894,-0.396471198441517,-0.421152949203962,-0.367484689522065,-0.317666211478959,-0.268180512138469,-0.268190603828479
192.5,1,0.000343713890532166,0.000983220564834333,0.0036729490693795,0.00044145266329426,0.195631690354326,-0.419016386134085,1.24526083407434,0.610066096635207,0.100554508368174,-9.68737622370483,2.38877833856737,0.674983032127163,0.119771375521027,0.104034632678855,-0.0279718330027013,-0.102993023280256,-0.0420853378607009,-0.231629531215621,0.225583506283616,0.00503131329239907,-0.0985448462869109,-0.44807122787184,0.251810452125861,0.196104913379647,-0.114876132157979,-0.013372496991278,0.0380802369266868,-0.0224004141915048,0.280548725257674,-0.15777344709817,0.0120707783787445,-0.0350103125326758,0.0867507120600322,-0.0300877889485401,0,0,0,0,0.00713168596713056,-0.00230903770451757,-0.0153035225749762,-0.0106646214788654,-0.0328663169893663,-0.132055449835717,-0.160776365863222,0.743819773695454,1.94735174838348,0.885781220336778,2.42122700379501,-0.688974394300107,-0.792599762998921,0.372888936172921,-0.0510855822283318,-0.152091752733487,1.83418760537445,1.48952431679993,-1.24882920713297,-2.1699528776347,-1.84707734693992,0.0219935818781318,-0.71371446492295,-0.748957535048219,-0.722181398218381,-0.675567683068118,-0.529499672227488,-0.434444215312529,-0.395306849131236,-0.422709142222494,-0.362122294150932,-0.303168609346252,-0.247046444031927,-0.244882119228804
193,1,0.109369303090772,0.267633719111667,-6.03161520742364,0.427505323832617,0.138982826875816,-0.380862052524486,0.906284733620716,0.43338815415591,0.0966649185939783,-9.34464427268088,2.59579763235016,0.536662109827954,0.0133752921120373,0.246886995772141,0.085442359114504,-0.0545049788188362,0.0447737099632321,-0.195094979034496,0.211363834330004,-0.0859804680498825,-0.0269908997035062,-0.418486321096708,0.25133617955686,0.236004040897335,-0.153146865555426,-0.0465831400651253,0.0388399426808415,-0.097829303194785,0.215458708015608,-0.153082898545573,0.0586524126395263,-0.0849564763020525,0.0678472104938735,0.0196163291351385,0,0,0,0,0.00698132180150616,-0.00539449638597602,-0.0264575497725683,-0.0282490371074306,-0.0494732484387686,-0.145523395019274,-0.157422748426428,0.77482051055895,1.99380562743676,1.00166154452749,2.49313965934571,-0.467507087670803,-0.752107721601438,0.407653159540904,0.0496996564166547,0.024218752386675,1.80769223217222,1.56643171595473,-1.15013874709597,-2.38363288791615,-1.89661010062815,-0.0665154061411395,-0.889778709305595,-0.900630168355755,-0.881914480299509,-0.81500981799298,-0.63812166070202,-0.525293230782466,-0.461201408337029,-0.473538432398756,-0.379500848376127,-0.293306578748381,-0.214087383371272,-0.196545216176312
193.5,1,0.0988593400309985,0.241915163521357,-5.45200053283638,0.386423731152005,0.133078510604091,-0.384584356531084,1.6169230681312,0.404756789255109,0.0968255776475661,-8.92937538003908,2.70326303733475,0.225416486877243,0.0822076036031126,0.147451038403046,0.00145198962657862,-0.112609301047736,-0.00607002400203035,-0.0794531249482576,0.192984161754047,-0.11854436366865,0.0484802909737286,-0.515321220528461,0.231057941278914,0.338428043730804,-0.18067763585679,-0.105635242926424,0.0567143925202387,-0.109815880139525,0.260787558617234,-0.14845465493386,0.0424070269716168,-0.0552334639564709,0.0262297097295855,0.0311390257561281,0,0,0,0,0.00724674247370722,-0.00754121639514204,-0.0363474748101055,-0.0448185350383977,-0.0675051802366729,-0.160810463564784,-0.15249584176492,0.810464033974728,2.02982888284326,1.10870407536909,2.50647571650461,-0.281641966698421,-0.688202178280066,0.486479244639908,0.182237401341522,0.188973990340275,1.78874565470013,1.53587885403419,-1.00857174979926,-2.74007405588116,-1.9484226410394,-0.158063901626032,-1.072512917462,-1.05354797872612,-1.04351246411424,-0.951969619753755,-0.752103660107536,-0.625276917706426,-0.525486098915247,-0.524072900040826,-0.401011103555129,-0.285720833129727,-0.191454440222384,-0.153217585466915
156,0,0.0883493769712246,0.216196607931046,-4.87238585824913,0.345342138471393,0.127174194332366,-0.389875902692699,1.43200070544846,0.50683330722882,0.0905773366785037,-8.38776941098792,2.55345604384263,-0.0648435689295889,0.0758068350658602,0.108036763864075,0.0594245410233814,-0.0191287492450378,0.024936227572678,0.00616989498906342,0.175681963343238,-0.234211872605219,0.0800113992499284,-0.551273940484579,0.169752296018878,0.370514906489217,-0.169764055101696,-0.125578142019784,0.15008509129722,-0.0675893947055379,0.155306458390523,-0.209738871475591,0.110167514849855,-0.0104459157574633,-0.0104318807180938,0.0140445305652139,0,0,0,0,0.0076679262620099,-0.00931391051470478,-0.045743520104511,-0.0611905911571122,-0.0867295321327113,-0.176228165028632,-0.143403845824245,0.856433586039825,2.06602945783963,1.21542204196099,2.48040809976479,-0.161420209419525,-0.600122458724806,0.572460528932373,0.324964326451919,0.345215102729927,1.81344499027948,1.43441078549813,-0.842093328124578,3.13485225333292,-2.00306534705465,-0.176273842914978,-1.1144558784497,-1.06413863774206,-1.06913293152465,-0.965728845720313,-0.756645567633001,-0.634555661894247,-0.515662058668104,-0.516398186575423,-0.392925295665057,-0.265084745186336,-0.182807074509797,-0.135490378522636
156,0,0.0778394139114507,0.190478052340736,-4.29277118366187,0.304260545790781,0.121269878060642,-0.390577487193993,0.76410857601813,0.493662323882624,0.114813188367922,-8.17625267127565,2.29837334842133,-0.0849892044977979,-0.0177028631039747,0.141120656146594,0.231218148321603,0.00623636040935802,0.174865846388973,0.0214690758882294,0.160452957127172,-0.294768126204864,0.0399925767882901,-0.448747163519725,0.159070539461209,0.296310946827194,-0.133643403353136,-0.142783578918536,0.171809267075239,-0.0257215079683916,0.0554059114981017,-0.220333684073946,0.129224561948988,0.0336047334334812,-0.00733110710149231,-0.00829501639744228,0,0,0,0,0.00808916133803632,-0.0110894371667917,-0.0552248015437935,-0.0779341632772086,-0.106341074414481,-0.188987302260377,-0.126413782757984,0.913072810739329,2.11089020283233,1.31371911516092,2.50619061489753,-0.0611603358919936,-0.464853228987611,0.638112905310253,0.455462232231459,0.481729592521701,1.85602967692296,1.34663882203668,-0.658881871728294,2.82500183275998,-2.03003793096102,-0.175744317430221,-1.12752956082068,-1.04719003668586,-1.0566434463416,-0.945664246542424,-0.733858865627688,-0.627874237993822,-0.493022546495344,-0.491697300324645,-0.376962106860241,-0.240018007484956,-0.173328728334781,-0.120954771913982
194,0,0.0673294508516767,0.164759496750426,-3.71315650907461,0.263178953110169,0.115365561788917,-0.3839292451772,1.14599872801911,0.448412108493452,0.190342399331616,-7.8372989616834,2.21400631157334,-0.262557925259376,-0.0103810016076771,0.152550552801767,0.276437947647716,-0.0971575091431751,0.160154813015691,-0.0331705664527109,0.134025058722598,-0.269138684677811,-0.0506535501504807,-0.40194114914783,0.238455236942435,0.360299060043806,-0.12064461273505,-0.143120929450816,0.044382805884457,-0.0186725814950651,0.0978774218180667,-0.153562611720547,0.0852051075579645,-0.0173531520296619,0.0464098608989269,0.00255069706678066,0,0,0,0,0.00851044756164076,-0.0128677919243613,-0.0647907564443173,-0.0950523286287301,-0.126442055744763,-0.201162349788729,-0.108249893592252,0.968726675740998,2.15172599546429,1.38965109999048,2.60269136244222,0.026996332196976,-0.274795801603242,0.647213705266892,0.585294079118558,0.587013712915313,1.86344612814459,1.31989995946131,-0.393817446445334,2.61439650324493,-2.02993250812418,-0.165103319772954,-1.12257289773632,-1.01690390703153,-1.02059373222212,-0.905371256972699,-0.702706351485315,-0.616103471620026,-0.469232250258231,-0.459941812579405,-0.360254669940484,-0.218865388842522,-0.166351702842264,-0.116034457929754
173,0,0.0568194877919028,0.139040941160115,-3.13354183448736,0.222097360429558,0.109461245517193,-0.378011506306568,1.81389085744944,0.486004993997841,0.328281058764344,-7.978868002728,2.27650429371865,-0.205345920576009,0.0823913506979157,0.177521211147082,0.267257120032501,-0.0680287422307651,0.029217675505069,0.0108213690522072,0.075451396405814,-0.22969817380838,-0.112886540997339,-0.402413727850189,0.281705175171372,0.39555011123582,-0.148351112702604,-0.156773992533834,-0.00687054208320981,0.0808091481686734,0.071531254521457,-0.118015191064679,0.0158332998624331,-0.00406334158523458,0.0501646709387804,-0.00215770232806057,0,0,0,0,0.00912586707074241,-0.0141643478481792,-0.0737400816588276,-0.111729081628808,-0.146537564278905,-0.214472828584894,-0.0976463271420389,1.0140090058229,2.18425098786027,1.4394674501793,2.67347057300946,0.112684860424465,-0.087795491619874,0.65457033490323,0.733122487438978,0.656885528349057,1.87543393023027,1.32187196143409,0.143157712526206,2.47307080403229,-2.01736876188642,-0.151590707870676,-1.10147392984843,-0.971693391962053,-0.971496391253705,-0.855548506425497,-0.667541495638421,-0.601718593535579,-0.454640882742697,-0.433657505244541,-0.348664089070694,-0.204505986325839,-0.165630460601488,-0.121321637100612
152,0,0.0463095247321289,0.113322385569805,-2.5539271599001,0.181015767748946,0.103556929245468,-0.350605157762922,2.49650100645111,0.667361507010057,0.418790342089895,-7.67274195643446,2.27564061629882,-0.202984336009182,0.202882966224885,0.208383902020256,0.259418882893418,-0.0807281006079572,0.0431099504344064,0.0198910710240548,0.0555639545567027,-0.270982435969528,0.0646284205446407,-0.416357318775431,0.335629755494307,0.330429678377077,-0.29036911996563,-0.172207351530226,0.0959856406076841,0.135705996431239,0.00717620758472386,-0.164320318610434,0.0593051427711384,0.0927299671519434,-0.0784412019710136,-0.00761586992123199,0,0,0,0,0.00994039275746689,-0.0149952172087847,-0.0821301278061243,-0.128085636980322,-0.166327037379504,-0.228481299087809,-0.0929225396388889,1.05542776621421,2.21719476777326,1.47436043729814,2.76239653835372,0.192541230193364,0.0409566345358819,0.719374644147626,0.903591781485344,0.702545905438377,1.91653313191009,1.33151631983055,0.678993776282434,2.44386933461781,-2.0004603833097,-0.128611938750558,-1.06134048708553,-0.910701510836379,-0.907260713046975,-0.80129291595626,-0.633818481179195,-0.592712338062481,-0.449349164411393,-0.419468431718831,-0.346786625488024,-0.202383338959105,-0.178375835349171,-0.147871364160691
152.5,0,0.035799561672355,0.0876038299794947,-1.97431248531284,0.139934175068334,0.0976526129737436,-0.320995455279143,2.49650100645111,0.540978099138433,0.445845544920886,-7.68771654574208,2.28844297713958,-0.29320071673104,0.258450628379981,0.234834379659336,0.202019795001266,-0.127889704985093,0.0459941694427107,0.033921897332387,0.0592595224491762,-0.378563256500247,0.141981691433284,-0.296606344805507,0.323059861853412,0.274302869576053,-0.328832107815236,-0.0999565600842388,0.0765283627669757,0.127473569316037,-0.0141650655005179,-0.138743551632063,0.0702002692093327,0.0615832202987478,-0.0790011074726173,0.0229771964635095,0,0,0,0,0.0107550893547654,-0.0158575892335404,-0.0906839787721981,-0.144981563593187,-0.186761850238527,-0.244027248155753,-0.0922221091233766,1.10341754892889,2.26421530995291,1.52353670299438,2.95245261807117,0.232268503758077,0.0694710213051263,0.765885689031316,1.05944034282189,0.736700112030204,1.98395905082151,1.35195000091292,0.939466564955422,2.5248441980306,-1.97567586402002,-0.101218650329529,-1.00690085585136,-0.837040690299665,-0.827710415223193,-0.74220135832475,-0.602990488435651,-0.590556764535434,-0.448147553486868,-0.41231863843002,-0.349085677414792,-0.20524706081778,-0.195128394187243,-0.186375871530061
173.5,0,0.025289598612581,0.0618852743891843,-1.39469781072559,0.0988525823877222,0.091748296702019,-0.321094375535373,1.85591719730757,0.309852564588655,0.535732585631899,-7.90568113224026,2.15128775112216,-0.498692530810225,0.332310256272263,0.176922300269425,0.102616027879012,-0.137907957209816,0.038477578605371,0.181040139647527,0.0892087671951192,-0.369303161456923,0.0722621682137222,-0.279090217489015,0.334396589367799,0.0798028136536947,-0.178516571311172,-0.0388987608366604,0.0235736799740502,0.139507797568351,-0.0679433815393227,-0.1171389249849,0.130634063957621,-3.99442278912251e-06,-0.066148749424729,0.011834272796119,0,0,0,0,0.0115699558346199,-0.0167021648857373,-0.0992792709633145,-0.162208617031306,-0.208595880097603,-0.260766844313432,-0.0890439364885101,1.15782652279868,2.31063368452216,1.59178868402621,3.12535835724254,0.280673024646051,0.0813440151642677,0.799403211083607,1.19532015512318,0.773609180257426,2.04444839828701,1.3720405802189,1.11280069509247,2.62912247222583,-1.9575715341384,-0.0899166611993932,-0.963545300983226,-0.776865713559229,-0.758458317749809,-0.687462699800545,-0.579214924385341,-0.591602054443719,-0.449998371321924,-0.407921192227963,-0.349576770442233,-0.203174828420255,-0.207304637681671,-0.216082928966148
194,0,0.0147796355528071,0.036166718798874,-0.81508313613833,0.0577709897071104,0.0858439804302945,-0.327256108245896,1.44472612999105,0.290731323335821,0.592152317020536,-7.98810695601485,2.40062889864271,-0.570877346420808,0.602351401654042,0.14665962026024,-0.163297812007029,0.0131980313156434,-0.110847961023394,0.314590332918084,0.057127880558033,-0.520741273919459,0.112698585885764,-0.322575134143492,0.440218675799606,0.138622562590477,-0.347106061874039,0.101004525915639,-0.0307035565443839,0.0900613030119314,-0.00527781380050452,-0.13598543739528,0.141787794651349,-0.0203110325431762,-0.0244806888923583,-0.0419368599925009,0,0,0,0,0.0123849911676811,-0.0175284049327829,-0.107914511722309,-0.179768074055938,-0.232438283379572,-0.280232584413099,-0.0863421624586254,1.21217524534456,2.36023062863478,1.66659737960983,-3.05124024072169,0.395355935497571,0.206587143923364,0.84721918099289,1.34297851446027,0.821316895808095,2.09335283687476,1.40203986266052,1.25668049091014,2.78012650038988,-1.95211481887911,-0.0935660301839183,-0.943211387974068,-0.745528594602673,-0.715444971257648,-0.648855148325595,-0.565590153562399,-0.592860360353007,-0.455916457039836,-0.404581384806434,-0.349677550809324,-0.196675319840834,-0.215670200788291,-0.2322368719228
194,1,0.00426967249303316,0.0104481632085636,-0.235468461551073,0.0166893970264985,0.0799396641585699,-0.321016651538632,2.06958334836255,0.402458170455414,0.578322372753124,-7.91428897621661,2.39974322695394,-0.477887858103531,0.715961128448934,0.241754708745425,-0.214503567789162,0.181973373793442,-0.289534641862063,0.29615204231839,0.0156561784633483,-0.492435024268713,0.303839552023996,-0.362080332401269,0.418437610517294,-0.00696369222085898,-0.239178393679561,0.175926635620388,-0.161926708851385,0.179094197135758,-0.0553707519214023,-0.113471539480003,0.171302541582182,-0.11869743999407,0.0568351488546953,-0.0410989074663771,0,0,0,0,0.0132001943232755,-0.0183565382269597,-0.116534902047725,-0.197412632856312,-0.257274525712696,-0.301501606126515,-0.0861772245749837,1.26909166170738,2.41702438847266,1.74198012099788,-2.96481120580424,0.566644835340162,0.463052659511358,0.895324647719479,1.49016113146817,0.881229075868689,2.16085939380536,1.45581997547382,1.37889750849248,2.92950566891817,-1.93517642917681,-0.101892681109307,-0.928881129171034,-0.724805908283538,-0.682685053729788,-0.62095282138664,-0.554626960295131,-0.592860266571308,-0.469145743579552,-0.403505395959523,-0.349841281871107,-0.190944907346056,-0.216248466357011,-0.23960863863912
194,1,0,0,0,0,0.0713957292099202,-0.322964470993449,1.5871666477439,0.346355018478181,0.565431624579613,-8.52859672266122,2.21948452058004,-0.272399844448233,0.730730982417646,0.209472170024514,-0.211057446223024,0.235201241501545,-0.342535280718495,0.350803280028637,-0.0702549258461376,-0.40067650099542,0.210292868085287,-0.396183281389439,0.435252148245389,-0.102077749068355,-0.0580038120465458,0.111203848936053,-0.164676151360188,0.171105500929683,-0.0742916860954064,0.00533545083506451,0.172082190101849,-0.156494445290345,0.0958298163967726,-0.0694858568588891,0,0,0,0,0.0140155642694133,-0.0191865701432215,-0.125137143629961,-0.215015983069298,-0.28219138772285,-0.322570610522048,-0.0845257204005945,1.32994544948076,2.47368505248807,1.81671520117746,-2.9081302549591,0.793874752215943,0.944084899078197,0.942368032943162,1.61779247253028,0.954477704766688,2.24444214601071,1.53473027525798,1.5291204683187,2.99540505970134,-1.92691269335526,-0.113865430285491,-0.917721428756084,-0.71196663984906,-0.654092338099829,-0.597875011902883,-0.54618265233902,-0.591384402825156,-0.482952570050705,-0.401859659824,-0.344621160092412,-0.189920546371386,-0.210000620483177,-0.244580528726643
194,1,0,0,0,0,0.0610920484766537,-0.321487085038831,0.998630073972188,0.312168778474661,0.565072663039951,-8.77226761533368,2.34382754654489,-0.486644004803976,0.703636774371963,0.145621597396884,-0.40933621300022,0.235930477346523,-0.480093107009222,0.459029575971073,-0.150469846949998,-0.525541613913939,0.205889083899165,-0.517218074526144,0.525634977072557,-0.0876636868813045,-0.215143232061883,0.0959732322044099,-0.0690846625133961,0.232291050223732,-0.102550555139655,0.0805738526860895,0.198270685832889,-0.0789080231973556,0.11743474357235,-0.109332334549064,0,0,0,0,0.0146952415272095,-0.020400144896028,-0.134490644782095,-0.233880758352445,-0.307735305857453,-0.343978330359791,-0.0773174419562528,1.39327551708103,2.52935821437429,1.88950512372645,-2.8916482974614,1.09208072912935,1.60540518025135,0.993917720154089,1.72450237793453,1.04905451299253,2.30661828422902,1.60793146718671,1.67984639774722,2.9898231919942,-1.95277436368566,-0.130500197288914,-0.906954612409165,-0.698634419586099,-0.631320854773115,-0.578270048390434,-0.539510357176518,-0.58823865635056,-0.491209226894038,-0.400185365002765,-0.337346146706244,-0.194010335048402,-0.206248531894787,-0.252569794912543
192,0,0,0,0,0,0.0507883677433872,-0.30841051504058,1.89223784190736,0.502284189294613,0.576640177696205,-9.02601370305744,2.48742910562316,-0.267583640476446,0.716251080755011,0.156901292806594,-0.449508326810949,0.13763719868687,-0.489620743340078,0.465714256413574,-0.156555956424964,-0.374324758495055,0.0936447462522853,-0.539234867204613,0.555072694995655,-0.0574231668891197,-0.317988244002084,0.0670676492961698,-0.0806177042058994,0.220609353745029,-0.092281569778181,0.139021015267211,0.141960338797949,-0.018634723607842,0.133953100220172,-0.142295148236213,0,0,0,0,0.0152357733147852,-0.0220080849558493,-0.144241908904807,-0.253482690741782,-0.333738587036879,-0.367562610570488,-0.0625707102622517,1.46271501813799,2.57849571672197,1.95812157638328,-2.89697273196541,1.39110477762983,2.15159328042965,1.08051274381646,1.81025572976458,1.16526206765949,2.34811010764547,1.70802292889741,1.76441716476382,2.94597520510641,-1.99899787883924,-0.153158530933611,-0.89425913231389,-0.6771882989337,-0.615641493657586,-0.563823663934689,-0.532502707305088,-0.585001380867248,-0.493349882971043,-0.403380007640277,-0.331962804260097,-0.198994046833583,-0.21057348014086,-0.261330098260317
189.5,0,0,0,0,0,0.0404846870101207,-0.305260854680369,1.77631344537693,0.550340109847496,0.583220230508953,-9.24853252671797,2.5220466615183,-0.0885564098390616,0.7529148975866,0.193365985950645,-0.460559178024114,0.0416925574208978,-0.409334321927327,0.229301382058924,-0.0893364708052748,-0.23432096008811,0.0106729833640011,-0.488515917398975,0.474219233056287,-0.0231671475053487,-0.406005390596464,0.086717386291241,-0.111074774787495,0.185553549855621,0.0391402912320871,0.124302116980448,0.116713332195147,-0.0690224883654346,0.167102148652211,-0.121315895586409,0,0,0,0,0.0157764442742901,-0.0236202812789107,-0.153709868160765,-0.272861944309716,-0.361480725651214,-0.396833298290968,-0.0424385307377104,1.53876299409721,2.62927476954351,2.02522050166427,-2.90905536399157,1.66218934300174,2.4923297545841,1.2275573635639,1.88644406763053,1.29423420414582,2.38903253945502,1.8365060655903,1.83141704633618,2.92101826978731,-2.05761608952477,-0.182291394046925,-0.883902614200212,-0.654413890587735,-0.604230582272251,-0.552150831525389,-0.523860984755686,-0.579570092039983,-0.48814807496532,-0.40759524277312,-0.325319209906747,-0.204794762891488,-0.219439454983117,-0.267622903730326
128.5,0,0,0,0,0,0.0301810062768541,-0.304698925480139,1.07838862402752,0.568568795294744,0.507816325950585,-9.40091493428055,2.54719223970486,0.0957010192603158,0.773731430354619,0.191333601796458,-0.493620188660332,-0.00618088323165482,-0.278574114103095,0.0348346309601086,-0.032047438576344,-0.14047938109922,-0.0369483622405407,-0.389011179906781,0.428033770176749,-0.0107502983893706,-0.489391217402655,0.118102418645816,-0.0392972433521952,0.21652222733856,0.14104505444518,-0.0226340696833596,0.119931761688634,-0.0692436725360962,0.200581371020442,-0.0938482757537535,0,0,0,0,0.0163172541432552,-0.0252367423731398,-0.163283453175876,-0.292753315575999,-0.392168294715036,-0.432835999110855,-0.0255594907329977,1.61930740997199,2.68192004623496,2.0840552287184,-2.9246220286917,1.92493477446498,2.71439152070391,1.35559689954967,1.95600767991469,1.46326635169295,2.4356540832219,1.92564705406249,1.90552866053193,2.90817049700381,-2.14306091019574,-0.224496054344269,-0.881170123263704,-0.633487869615243,-0.597018574036978,-0.540242872068356,-0.506005046649762,-0.566525406921919,-0.479811532478531,-0.409233880380273,-0.319637791713534,-0.215388837822759,-0.226606759022732,-0.268877440486064
68.5,1,0,0,0,0,0.0198773255435876,-0.304084107881158,1.07314209254012,0.657001510455224,0.443860622319378,-9.4139155885982,2.57883642687828,0.160038305529151,0.797047258331226,0.177293949458915,-0.516091008021873,-0.0355132287772851,-0.241269023279618,0.0498326352650194,0.00342233662166178,-0.109884306013548,-0.0915928578162243,-0.392272578649135,0.49693682162406,-0.0208750809790278,-0.508937219977415,0.062819631353504,0.00232682009598706,0.215175764909343,0.157537686041495,-0.0605676938825009,0.13946729515465,-0.0326070706179749,0.152283720578703,-0.196572134722608,0,0,0,0,0.0168582026587517,-0.0261934749014726,-0.171258537348247,-0.310376915679042,-0.422052823319465,-0.470905435152215,-0.0451463546189794,1.69376969083649,2.73265436406515,2.12539981473157,-2.94146516136973,2.12635532223026,2.83476394043565,1.41608864821666,2.01099758269664,1.65091229343426,2.47170292864799,1.97587811066449,1.9652824603278,2.90234099472683,-2.2420730295588,-0.259221637253114,-0.860956517279967,-0.586565632160875,-0.568632791737558,-0.504258929174621,-0.454879900516688,-0.519093926178721,-0.445275649382575,-0.386038340515117,-0.300600743419778,-0.217493622419309,-0.221310264847759,-0.260260056955164
69.5,1,0.0403046616495175,0.115752551020408,-1.39727877860769,0.129885449504609,0.0390231431895406,-0.333099139785457,1.01741728326902,0.67451048499986,0.451864912428564,-9.29134637797987,2.60400060661395,0.100378001202647,0.766145888493039,0.137507779560742,-0.460590405832104,-0.0439079487256497,-0.264689727297092,0.207904475023211,-0.0505333169038996,-0.0430303163685916,-0.120056755501365,-0.481664835020531,0.629958632284216,-0.054432562902099,-0.436834166966321,0.0210408406856384,-0.0192356592316452,0.222136917878561,0.101784523458837,0.0708665224832406,0.0601780412449454,-0.0178812046283943,0.0968158073250808,-0.251863222026788,0,0,0,0,0.0176012210927879,-0.0254320256811799,-0.175275803946207,-0.322040345827728,-0.447018545931735,-0.506096101902854,-0.144346463529396,1.75154778735553,2.77370999482629,2.15814556853947,-2.94950186639657,2.24718237346109,2.88466102302499,1.45073961965666,2.05264474109668,1.78685772606458,2.50035465993666,1.99671930819004,2.01362111909275,2.91101049997302,-2.32084009001543,-0.278429222095433,-0.833091216079451,-0.531812346025793,-0.533996683803284,-0.467847820675655,-0.398645554553162,-0.464430608963236,-0.404313480038902,-0.355989931372808,-0.286150373465729,-0.225269926375155,-0.213248860657382,-0.25449033548004
71,1,0.102373048664265,0.321337884184145,-3.45238546416701,0.338477932707601,0.0738938904278239,-0.361883673030585,1.00333896565399,0.66744796558407,0.459971235305912,-9.25271663294608,2.61499629412929,0.110788724707805,0.713936326574664,0.115288088784445,-0.395694122931059,-0.0470258180287084,-0.291234079134494,0.357044117343998,-0.14341783767128,0.0208934933870625,-0.091331415598679,-0.515871352790414,0.751139832788469,-0.219339366379971,-0.354714241945317,0.0205282255346386,-0.0179518185178339,0.248572152842609,-0.0186329833852404,0.123386464768977,0.0484715699706588,0.00624697819959489,0.100534749611305,-0.276772055912058,0,0,0,0,0.0185515152570024,-0.0231092181482681,-0.175471725213651,-0.327621734320241,-0.465150109114665,-0.534319072842829,-0.376020742030865,1.79326797693353,2.79978016768125,2.18507032038652,-2.95111820783877,2.3447039998759,2.93846997718476,1.47361151503602,2.08122445107221,1.88155045355607,2.52840568236227,1.99254919160288,2.05065428331115,2.95831811895527,-2.35656931815743,-0.294581158082858,-0.825002806463885,-0.500829503212603,-0.518021238390282,-0.455502055896209,-0.364558044298268,-0.435901689436722,-0.388974070724423,-0.34913224329673,-0.296043855599187,-0.256101719596157,-0.218777029569907,-0.264681146783675
72,1,0.100902145100887,0.499304731126061,-2.75689110345303,0.390880765225514,0.0668147891658972,-0.394378677657267,0.980428739603424,0.70143681319925,0.472105678870265,-9.18878800165213,2.53756518644365,0.302298965803702,0.608919802089898,0.163644188378875,-0.419132837358154,-0.102565709529202,-0.312722173057935,0.303197489281036,-0.0926675879026251,0.0262758615041663,-0.117465443063237,-0.516859115895752,0.765312044559339,-0.258010443750733,-0.278665831928496,-0.0718490982802102,-0.0196765770666331,0.219902211841984,-0.0380313579364702,0.140366731486686,0.0417685410581503,0.0409548845018143,0.0697262696726224,-0.272050270417118,0,0,0,0,0.0195021367886998,-0.0199064386000918,-0.172740059797317,-0.327912301531777,-0.474619490690808,-0.549345984769884,-0.994472475354189,1.8262648050624,2.81620548759154,2.20575018726419,-2.94644745165411,2.43217165791737,2.98140703990792,1.49595830258679,2.10311806848415,1.96305980393132,2.55349709809462,1.99156940059372,2.07595062453718,3.00514779223385,-2.34988659699968,-0.300692165688103,-0.822536320921891,-0.477314795811799,-0.503398627861645,-0.445409675663857,-0.338464868324435,-0.412061728402214,-0.377489087737986,-0.344660840566643,-0.306420466713463,-0.289454364261221,-0.234664471871964,-0.282837542614031
73.5,1,0.102552051615775,0.534838005421573,-1.91810354917718,0.382782468082,0.070707360067488,-0.416083937972454,0.921631558788433,0.757753045911142,0.481146583218142,-9.2749133637952,2.2691292129394,0.64982596193646,0.547902957075005,0.13902645402694,-0.354401304494929,-0.205090406708188,-0.294947432883513,0.171206190191582,-0.0187665312159463,0.0537594186640645,-0.257732230090514,-0.401726072354421,0.647256514523513,-0.172371927994428,-0.176934019574764,-0.159187190136661,0.0487364711499898,0.149260770688586,-0.0319671141247231,0.14185779014608,-0.00019821348699887,0.108677896459496,0.00954064668278722,-0.257868880197231,0,0,0,0,0.0204530841380701,-0.0159526090168489,-0.167197476635414,-0.322933578517904,-0.474765938781944,-0.548338743636947,-1.62674443643084,1.85047649749713,2.82096451194242,2.22013952352366,-2.93730807714752,2.49906833495551,3.00591027140686,1.51347603436007,2.12184892448335,2.02726096738945,2.57746065928378,2.01096729885835,2.0997150851145,3.01841232667401,-2.33329220271641,-0.298554006324475,-0.818333973567122,-0.454961956454987,-0.490487683005222,-0.439110863628596,-0.321335897001149,-0.395811916756586,-0.371861597998679,-0.34308382787159,-0.31775122225303,-0.319177562667139,-0.257453611115012,-0.300880207098923
75.5,1,0.10894407049376,0.526918454273086,-1.35636413747799,0.333992408495992,0.0809464363912456,-0.413112569759221,0.887990645058097,0.774357326129446,0.507377355256174,-9.52880016581155,1.63365535726027,1.05045979142225,0.601227505518765,-0.000503098649441217,0.00994832052203572,-0.254299251902888,-0.255482720486311,0.137902467917393,0.0144679425190963,0.0153312898480059,-0.307760297645296,-0.301832136344062,0.38869944731245,-0.145260742214159,-0.234222305621691,-0.163527782403785,0.0617921877995959,0.0889960594398994,0.036691736279775,0.150279684336018,0.0115500789737084,0.0558697945145915,-0.0101875235340786,-0.235250652440639,0,0,0,0,0.0214043557518834,-0.0114312329376727,-0.159032791365222,-0.312834852437117,-0.46602864547078,-0.533671397076557,-1.85684719178413,1.86583370551029,2.81913806649495,2.23112981487317,-2.92502419636621,2.54710017510362,3.0424508434164,1.51493273802616,2.13813174893156,2.07823423659862,2.60774196780873,2.04130635169017,2.12485178852984,3.04792839132643,-2.29202189255595,-0.282467263792706,-0.803929179156999,-0.438669627222172,-0.476345768380279,-0.434204976351764,-0.309858877236776,-0.389460974000961,-0.377234989000355,-0.350951779554951,-0.332152507824788,-0.342949432155196,-0.278561263541822,-0.314955752927273
78,1,0.123164474367315,0.542261047769968,-1.52370633890253,0.246167621116035,0.0961315083943204,-0.416687090382327,0.858752200477414,0.748853831277391,0.545297777114709,-9.28458011570828,0.926664431750473,1.44585388864738,0.776193497550754,-0.197537102967269,0.411067197216867,-0.316390944783316,-0.286439957855688,0.163263020575091,0.112440754531137,-0.0214158446669354,-0.229878054804843,-0.164104559824726,0.150610942166929,-0.0713630691000679,-0.243936855292892,-0.136349517178906,0.100267714078442,0.0347772142953232,0.113066198271147,0.140867726557381,-0.0577070323806419,0.0621896193191512,-0.0287468931061165,-0.137319572333395,0,0,0,0,0.0223559500735027,-0.00659720548490768,-0.148580761524279,-0.297997567430362,-0.448627310026172,-0.505169505781825,-1.88725461165514,1.87372102873608,2.81459564056684,2.23979122109234,-2.90442894011486,2.57974555274785,3.08396117071516,1.50461302691688,2.15455972635727,2.12240939773181,2.64520291871797,2.07439113772645,2.14596139919061,3.08061385484497,-2.2266558044655,-0.247486820485591,-0.781060182698916,-0.435106905999826,-0.464888173021693,-0.433444044054127,-0.305863138696882,-0.389303260164942,-0.386570833285088,-0.359443465198891,-0.343699113823027,-0.361860114164255,-0.292911953755472,-0.329841212772562
81,1,0.116335716620119,0.491945022049793,-3.27946323526331,0.190522841192822,0.0947008973428603,-0.412787996514894,0.868089534196307,0.683115525196893,0.601990666985094,-8.75973722748804,0.235864762780163,1.41454554174683,0.775411709729847,-0.246497556306471,0.502371758017796,-0.317535997888709,-0.250504615460369,0.283432052273211,0.13452159238976,-0.0390034858073496,-0.126644261569096,-0.100875455025923,0.0986186562295794,-0.03960399594353,-0.162852550263373,-0.0780948050868429,0.103430249580406,0.0542160022644653,0.0553081825927439,0.105956685420479,-0.0716712852175273,0.0315430042897682,-0.0800958501488827,-0.0933507951766269,0,0,0,0,0.0233078655428974,-0.0016368931081662,-0.136566677896368,-0.279782973636085,-0.424724877734546,-0.464247700085098,-0.426666839014863,1.87646836268862,2.80549670518492,2.24603071625231,-2.87550368092639,2.60242704651901,3.1241001975978,1.48871688677306,2.16751869266431,2.16265385367395,2.69145318885451,2.10124913124922,2.1666518439347,3.09272085170115,-2.16787693203021,-0.19857966090107,-0.753847330125866,-0.442211869443484,-0.459748122292254,-0.440230713933496,-0.310228386964118,-0.393872641079374,-0.395725409817541,-0.363314559149688,-0.351304580283323,-0.376527685888275,-0.302358021264692,-0.347186233097108
66.5,1,0.111167588624265,0.463654117391776,-3.73527004344294,0.168780952425873,0.0942463631801154,-0.416355757425451,0.900556940651956,0.57892002534963,0.593982593411575,-8.31846224814549,-0.596735652500464,1.12616069930507,0.335800889259005,-0.289318159376988,0.382097060399908,-0.398664671305529,-0.224016885323084,0.106269032835971,-0.0938885321102649,-0.190995074995766,-0.190184824667625,0.0132568411115273,0.233981622634494,-0.00686179308232832,0.0502422183749046,-0.014946380678048,0.058672475236825,0.178366169493502,-0.116240183297443,-0.046951255306606,0.0444924770079489,0.0960230103207293,-0.0787938580523954,-0.154352474605583,0,0,0,0,0.0242601005966555,0.0033311177056278,-0.123712477313837,-0.259765724080333,-0.397568272871797,-0.415544846023428,1.0495443491047,1.87732537773102,2.79196490822272,2.25245972531658,-2.8383288460102,2.61627577542249,-3.12082308330054,1.47638749277765,2.17515307907849,2.20239799755144,2.75116977080962,2.14437353015116,2.18998986436791,3.10544103382372,-2.09461346796663,-0.140503190237609,-0.724669202642794,-0.457789710763075,-0.457496402625096,-0.450114533158427,-0.326614766639447,-0.403355575335828,-0.404723219378089,-0.366318044205019,-0.354948107165341,-0.3820658681749,-0.31012826288759,-0.362233873190201
51.5,0,0.106875403735297,0.445752414017576,-3.59105112284669,0.16226431333607,0.0942688409449387,-0.333379778417883,0.940194564173807,0.534374198756247,0.464697524223074,-8.23798387907798,-0.89085922393597,1.05851892767964,0.449695334624322,-0.381141443725202,0.316836182174457,-0.294246367749404,-0.161484665943472,0.197479766916626,-0.0819162756161042,-0.151302538144975,0.0245843549815116,0.123247157534189,0.193049646064375,-0.0965434961063596,-0.0455874305367949,-0.0767707216796442,0.0988371569256881,0.0990403198200216,-0.166150578917318,0.0260746398109507,0.0182611174814202,0.0688245764905193,-0.0410394677279054,-0.106412451550466,0,0,0,0,0.024694906906437,0.00715213483411827,-0.112144381720228,-0.240889819087348,-0.368611424327202,-0.362516618616841,1.07912588360094,1.87293926260855,2.77443134579702,2.25877813594058,-2.80340232283241,2.62474826000482,-3.09216445376959,1.46974432216752,2.17675047980574,2.23896625058016,2.81614963488412,2.20635008924889,2.2178738629111,3.11408791961328,-2.0304807223143,-0.0818888925235743,-0.693414600640178,-0.475657820762253,-0.462383157921398,-0.464254455681443,-0.353372195746366,-0.418873606563712,-0.416577761558199,-0.372236716000991,-0.354720443697018,-0.382111071363736,-0.317476603435871,-0.369560997180524
89,0,0.102583218846329,0.427850710643376,-3.44683220225044,0.155747674246268,0.094291318709762,-0.212991361470045,0.820118109601961,0.551307645850121,0.370327255297442,-8.65275237568875,-0.965113013459441,0.930862473566048,0.281591867503836,-0.407405369939117,0.40812615716329,-0.173708037732257,-0.0107333574122589,0.35629682623869,-0.0252487851496091,-0.138546807767762,-0.0570677817507889,0.0843624049009073,0.372455549510525,-0.102353098270677,-0.106899339783279,-0.0701614229882999,0.163284673344624,0.239510986580451,-0.138486170776816,0.00376018969946638,-0.000444504513624793,0.0327427276879151,-0.0550926870062231,-0.141937877276611,0,0,0,0,0.0242939290478273,0.00903632689460749,-0.103555138452641,-0.225715114433586,-0.339638927103002,-0.310733799264783,1.10124368758605,1.86598720059387,2.76255278407661,2.26801071418815,-2.76767609095141,2.63921874501334,-3.06590558589648,1.4668325485884,2.18164097325078,2.27599612275314,2.88016779236491,2.27051805284513,2.24847241972073,3.12975371528137,-1.97327737667015,-0.0320596276052294,-0.667833324977138,-0.491806906605412,-0.473364748465495,-0.478427632763872,-0.379422037166378,-0.435321875968265,-0.431041446279923,-0.379439748580255,-0.351407192830308,-0.380630459715005,-0.327401077391015,-0.371351192033209
126.5,0,0.0982910339573614,0.409949007269176,-3.30261328165418,0.149231035156466,0.0943137964745853,-0.168242121737365,1.03854164893599,0.567871904374465,0.348198132755426,-8.57802117704067,-1.04328788878961,0.882967600116333,0.24021815838493,-0.353687745473376,0.472425403843877,-0.0869983044375482,0.0274154135880063,0.439545961925604,0.0795237069908782,-0.0709494907368911,-0.146384059351355,-0.00201955085490127,0.445073092425353,-0.0486029289152166,-0.0764442886579832,-0.067502908196483,0.235824192261995,0.307378770165454,-0.0281064359620664,0.0360871181692972,0.0269841947938308,0.0337399903494867,-0.0496647731365233,-0.160700093323039,0,0,0,0,0.0235801560380423,0.010143871771093,-0.0964938486016103,-0.213100500728812,-0.313627832396494,-0.267086331526732,1.11626816854525,1.85845087672233,2.74874518526335,2.27599422585863,-2.72602143137815,2.65440040874615,-3.02673077051196,1.45741937227077,2.18806155808961,2.31907910017806,2.94341550836233,2.35442995977348,2.27703439794699,-3.12009853156905,-1.91325138276858,0.0067931343391182,-0.645921789594623,-0.504541756936325,-0.486526542836657,-0.490308670153896,-0.402792798606281,-0.448860449754035,-0.440501662014164,-0.385185127681004,-0.349000494457573,-0.378352207142753,-0.336271252382765,-0.368866740424163
132.5,0,0.0939988490683937,0.392047303894977,-3.15839436105793,0.142714396066664,0.0943362742394086,-0.103537937632896,1.28488194967652,0.505008364440025,0.311795127184762,-8.49311468553944,-0.983445299228579,0.860500317660327,0.304312850798685,-0.295952400125408,0.429680240634987,-0.136307686044183,-0.0852147933726194,0.482433858427388,0.120014104053318,0.0148045819456189,-0.0256283667916386,-0.0935369599252135,0.363126150295563,0.00637203987703863,-0.141898459114761,-0.223496102038838,0.0965210900976997,0.16999735852904,-0.0285625883674746,0.016428135178481,-0.00313010950704353,0.0760081839606117,0.00435189944166637,-0.0975115410067949,0,0,0,0,0.0228664221643776,0.0112501422967199,-0.089666314908656,-0.201335371082612,-0.291147876410395,-0.235347720361773,1.11476823954175,1.84804754282083,2.72675746743884,2.27716449915356,-2.69505827069733,2.66773176059367,-2.96816811937321,1.43893058861021,2.19412864372575,2.36971445634931,3.00946143684819,2.45275479496952,2.30227545514364,-3.07716037463184,-1.92075732851498,0.0372346674862052,-0.621443769829029,-0.513144772957918,-0.499999958192797,-0.500187239074211,-0.419404278901059,-0.463222649425284,-0.446315059060831,-0.390614389451581,-0.351436061008714,-0.37901923084632,-0.339757634026715,-0.362863015327829
95.5,0,0.0897066641794259,0.374145600520777,-3.01417544046168,0.136197756976862,0.0943587520042319,-0.026479795393297,0.772806580792705,0.504030026157889,0.277652282357398,-8.83816536711288,-0.478049015917071,0.812066033571471,0.266383822698051,-0.228506561005718,0.393342355705132,-0.287115020596052,-0.255826881948719,0.418402128801885,-0.00475278536798055,-0.0924087868384676,-0.0813133291843739,-0.10382360678702,0.35518707788076,-0.117535123730359,-0.227835047492885,-0.206478478158682,0.0209236565755425,0.153274076359591,0.137243949306204,0.0598537812126782,0.0298582089229757,0.188335922937225,0.0342481606387417,-0.105261723808333,0,0,0,0,0.0221527281507286,0.012355137966531,-0.0828934732113674,-0.189827114115223,-0.270370768036276,-0.207504633520372,1.0986713646648,1.83617891586404,2.71098928521214,2.27664291315992,-2.67349253339457,2.67513361571699,-2.91273008393746,1.42511771558261,2.20236895492218,2.43131076107154,3.0625242018114,2.53376731131571,2.3236292161854,-2.98936648463151,-2.03428613639567,0.0640316925190703,-0.599024379400265,-0.522555883211702,-0.5141232834198,-0.505525202103554,-0.43027441587025,-0.478847011887214,-0.448934406752596,-0.393651847656567,-0.353549730931552,-0.376338858997982,-0.339093563701346,-0.358283480001024
60,0,0.0854144792904582,0.356243897146577,-2.86995651986542,0.12968111788706,0.0943812297690553,0.0186869296618811,0.770555257115354,0.511290310987049,0.255567933365843,-8.76154400317102,0.393530584808613,1.03205793405406,0.131321740964808,-0.188451388649807,0.526193874288957,-0.444570049149078,-0.360202254344775,0.276660193540159,-0.0267070139940505,0.00190113461568296,-0.0262328204636014,-0.0687203010726459,0.22167026020722,0.018994340204919,-0.0686926510113975,-0.208645575522841,0.0689277974681783,0.0626949761362586,0.0901528652419781,-0.0811055249007437,-0.031635835679521,0.0176798823461667,0.0300888337480878,-0.0413859115753249,0,0,0,0,0.0210494631782359,0.0124633855457609,-0.0776495635426894,-0.18024803107992,-0.252917976746577,-0.183787587392472,1.06563260938579,1.81973558582738,2.70041909683933,2.28454905359569,-2.65180628871814,2.6709284017129,-2.87720823082496,1.41240490443185,2.21329388731808,2.50176190112733,3.10789421123193,2.60666714185281,2.34892657312619,-2.88925500277444,-2.161606797876,0.0858589076389684,-0.585278973509083,-0.533815830566158,-0.533970529789203,-0.512429410520477,-0.444052057966621,-0.496357132855505,-0.44383513917312,-0.388451776487901,-0.35383051441188,-0.368239603449695,-0.334214108491086,-0.353811316496487
93.5,0,0.0811222944014904,0.338342193772377,-2.72573759926917,0.123164478797258,0.0944037075338786,0.0231908404832278,1.39355440077326,0.485250542186943,0.247590443956079,-9.63212534309026,0.15541910319562,0.912548936122249,0.380602249713969,-0.181276218957281,0.3570814208115,-0.327698742905925,-0.199242661077313,0.130872056882374,-0.0960086993827019,0.0244570247055369,-0.0192582009508282,-0.116444541942696,0.151626685489486,0.0898772898773553,0.00270833490797309,-0.186320603278281,0.0142385842416857,0.116768918251353,0.00658222257942832,0.0236753426441709,-0.0367882414909317,0.0269819232951226,-0.0374537716633242,0.01636882392361,0,0,0,0,0.0195469095967769,0.0116099737385514,-0.0738149839669788,-0.172390555879707,-0.238826335929139,-0.164898255273122,1.00550569338501,1.78994384106475,2.67904881024662,2.30250857376957,-2.63155656060481,2.65895783746993,-2.84962854868684,1.395359536242,2.22210625717045,2.58191199699323,-3.12221909776992,2.66086986985479,2.37560637886993,-2.82729960435415,-2.27361708723144,0.09872305370219,-0.583363655800848,-0.54626829549269,-0.55414358503697,-0.521431362041227,-0.461439671440903,-0.515294006967758,-0.437329760135116,-0.377358277592691,-0.352912406670835,-0.356975216646924,-0.326783680555724,-0.346883966359894
93,0,0.0768301095125227,0.320440490398177,-2.58151867867292,0.116647839707456,0.0944261852987019,0.00326297780474191,2.06366256172956,0.513789144685856,0.263612026090289,-10.2587516732147,-0.0749915479346462,0.668859275169232,0.370368746150759,-0.345532447574005,0.320597457395132,-0.151158338145608,0.00495410761768421,0.228337857883212,-0.161415231351586,-0.00372644171073611,0.0860789194305794,-0.133385773666622,0.0313909955433786,0.00877542828245244,0.0802645053362349,-0.14465362202838,-0.0031302912098657,0.180435205687792,0.174557158090894,0.134546818925935,-0.0502802682330007,0.0243821939823208,-0.0330239341634118,-0.0616161395874217,0,0,0,0,0.018044695076433,0.0108186993340969,-0.0698709525572981,-0.164492974138508,-0.225678631170977,-0.14647635590989,0.926922342972608,1.75046946091364,2.65658883553649,2.31656540635023,-2.62550810620566,2.6426953098513,-2.82307666904979,1.38903769581793,2.22699146782677,2.68296381231214,-3.08690815273008,2.86998987905178,2.40245241270217,-2.79485117285703,-2.46520143737114,0.104396546495515,-0.590801720782985,-0.558606396285514,-0.571022743948031,-0.532113989023616,-0.481404290699243,-0.533447703336281,-0.432110668814379,-0.368022226188447,-0.350171562190462,-0.342913339600799,-0.3186345143693,-0.336415790876762
124.5,0,0.0725379246235549,0.302538787023977,-2.43729975807667,0.110131200617654,0.0944486630635252,-0.0178242654559643,1.69927090944234,0.462507278243922,0.295184950635333,-10.2589215231854,0.114289854580614,0.33210079096933,0.574680709265947,-0.0448473143083231,0.433165663802894,0.00758930516025546,-0.0414279313111537,0.231474945087954,-0.00901343626043654,0.137924178616905,0.183742421370858,-0.15497210443643,-0.0282495130052236,0.124815049264249,0.198104109982187,-0.194545865371882,-0.0239093398676699,0.145703838129112,0.193756944633843,0.213927839344204,-0.0449766674835477,-0.0493773284612019,0.000815218475034245,-0.0075462219423536,0,0,0,0,0.0165428262800545,0.0099894473120301,-0.0660721479467479,-0.156939434670603,-0.213226637913136,-0.131558881352935,0.844141775347873,1.711674935425,2.65533184508053,2.32949092417407,-2.62297516783302,2.6220611232376,-2.80602067504772,1.40055576392696,2.23720245590131,2.80278470339911,-3.05607844738849,-2.60683033070704,2.43353510158278,-2.80284172589259,-2.65663761920194,0.105468027596149,-0.602975560633876,-0.56904030514481,-0.592264282142039,-0.547678970339334,-0.499866024437077,-0.553630920892504,-0.42860447968242,-0.357410573692219,-0.349870480664087,-0.329570155227821,-0.308758344283211,-0.322762072372087
182.5,0,0.0682457397345872,0.284637083649778,-2.29308083748041,0.103614561527852,0.0944711408283485,-0.0724554612463582,1.25928157019859,0.482868933021997,0.265042793841924,-10.0449542409139,0.230137943638942,0.554664412049246,0.460093547307168,0.0535657609934496,0.65293732044544,-0.00110370766382615,0.0664203671288966,0.421275639950218,0.0809790011016176,0.0818642288870336,-0.00377797663610476,-0.161236348508726,-0.0198003558032813,0.157590665276922,0.182022420271684,-0.263917048495245,-0.121275351319307,0.0989866021907087,0.101881769333259,0.111952779295659,-0.0943296024123963,-0.0956154636751911,-0.0586372580365648,0.0705516108301276,0,0,0,0,0.0150413098611863,0.00912129923072579,-0.0624191799349452,-0.149755201939846,-0.201503056719352,-0.119089125381492,0.769742221538556,1.66812672561649,2.65068811298778,2.3456638629928,-2.6138527697267,2.59298188360242,-2.80172768863924,1.41919848927861,2.26009422254344,2.9234750089524,-3.00976003491475,-1.72990522319066,2.46224559542871,-2.84196578368446,-2.8022395822312,0.10391178154216,-0.618888592698143,-0.583204955999269,-0.611542437421771,-0.55754999938791,-0.506784040910286,-0.566248172365376,-0.428183056054572,-0.345195132917039,-0.354330982140041,-0.31536479338556,-0.29607037872701,-0.30922539904159
140.5,0,0.0639535548456194,0.266735380275578,-2.14886191688416,0.0970979224380502,0.0944936185931718,-0.137840798127873,1.44016243013009,0.559642619771725,0.145942574356244,-10.3362251411326,0.362386710589469,0.837713421463383,0.347864313541651,0.0455572776399127,0.646847066200424,0.224043364856472,0.199922134839965,0.362894650821356,0.0617699316003657,0.070647630188552,-0.0569501525447983,-0.266740963314943,0.0859321051538791,0.164786732913747,-0.0334962680255481,-0.237357545877435,0.00338127773869036,0.120614808210119,0.0275534954638008,0.0952948257944614,-0.0700958866168122,-0.0686478211711427,-0.0562414044515884,0.0440187827063152,0,0,0,0,0.0131889768906566,0.00747856600377422,-0.0596028603646312,-0.143196390040594,-0.190217899617198,-0.10669649803414,0.704702946736872,1.61510554090663,2.64330097776011,2.36376244891239,-2.60145020132304,2.55051347071321,-2.8998729091178,1.43673970748733,2.29398128636955,3.03355878791974,-2.97245695014879,-1.41989978036843,2.48854876253521,-2.89734982759486,-2.93972587018316,0.102476091823876,-0.633107906937364,-0.599908993238021,-0.619817101037315,-0.559912705968531,-0.504610043102863,-0.568532783611121,-0.430725860526875,-0.338989313629744,-0.364046950465226,-0.302202488921838,-0.276769974243113,-0.295199123582064
76.5,0,0.0596613699566517,0.248833676901378,-2.00464299628791,0.0905812833482482,0.0945160963579951,-0.137394861137158,1.75140317597438,0.566643999672396,0.078933804329438,-10.1389539286167,0.819670233115438,0.976235148298299,0.141179663580588,-0.0908129465657879,0.533203199269337,0.151159484418457,0.107347756381283,0.155269133230903,-0.00028721864253114,0.103452309772734,0.0468559863428876,-0.198079829792256,-0.0694512818880275,0.0268926526970728,0.0252361798686262,-0.0293177527523386,-0.0401432940170425,0.0614435045434009,0.0566491221816189,0.0291652055472313,-0.164731649963213,0.0425859752414013,0.0708652540371405,-0.0165575971327321,0,0,0,0,0.0109766480611548,0.0050405591368495,-0.0578242833459294,-0.137889180543962,-0.180800217632382,-0.0979616921318161,0.634928222343452,1.5494599271184,2.6388989047361,2.38347014233955,-2.57125835745966,2.481405969001,-2.99340181516665,1.44610603138831,2.32697908521712,3.13593520556528,-2.95471243543205,-1.36240064914563,2.51765329677377,-2.94137343830163,-3.05268446149656,0.100966503269286,-0.64643051355207,-0.616227526067407,-0.622818863968112,-0.560766754377358,-0.503259654592921,-0.572962737759842,-0.433755601137086,-0.336449790388854,-0.37405977587035,-0.289214351676887,-0.256311738921552,-0.281243871664321
111,0,0.0553691850676839,0.230931973527178,-1.86042407569166,0.0840646442584462,0.0945385741228184,-0.109516566508796,1.79133043636511,0.489168275133315,0.0901898074700786,-9.11666737391682,2.23535786702913,1.09100988577809,-0.0899956221897382,-0.321399959676343,0.243246611060141,0.0761627104150908,-0.101437135675654,0.0387211045703481,0.0562902749729342,0.0325290020074067,-0.0741585605832578,-0.201877838455941,-0.0108556560795965,0.00854447141723459,0.104376025991912,-0.0134698478787217,-0.00809975942064667,-0.0208342889600941,0.0432841796093058,0.0475817667539817,-0.116149101367309,-0.0295481233960797,0.145532135397812,-0.0397582517781356,0,0,0,0,0.00903637422588173,0.00336425655975173,-0.0549983579487101,-0.131684002435342,-0.17391481940142,-0.096149558887544,0.547802523655744,1.46768035355537,2.61811614217355,2.40149870692932,-2.52042936376447,2.35135879243274,-2.96526151876685,1.4528687165087,2.36019833182931,-3.0460493864547,-2.9605955132874,-1.3561550260856,2.55300468049795,-2.94981351046675,-3.1354949662967,0.0974646395321858,-0.666992876660266,-0.638597134071901,-0.631429049632234,-0.56646977442818,-0.51121854644761,-0.579993889150335,-0.435740570161142,-0.334026346198305,-0.376752538625588,-0.267766036900223,-0.238390040245039,-0.265263241266049
168.5,0,0.0510770001787162,0.213030270152978,-1.7162051550954,0.0775480051686441,0.0945610518876417,-0.20467732088241,1.21524806285296,0.433502159980626,0.0937425825491863,-9.18778539332216,2.19647020278274,0.705031574492456,-0.263457177223215,-0.46274095157156,0.227711457693259,-0.086045868585809,-0.229155147467302,0.237589746673465,0.195085921197017,0.305583213230966,-0.0677484239449933,-0.448559198942094,-0.0573390463826624,-0.0361276645404955,0.142536500101385,0.0495422912549124,-0.0150766635940308,-0.128764212329869,0.0944463249714202,0.0736143005057285,-0.0549043108623608,-0.0538168214750063,0.0715705778572859,-0.0371319706546229,0,0,0,0,0.00737517671162998,0.0024692708798495,-0.0509026907921384,-0.123885863004152,-0.167751290328252,-0.0967115346454579,0.45852076474441,1.37524566493018,2.5975845066828,2.43046459302239,-2.45801056057458,2.0856395696164,-2.920542103562,1.4589171333588,2.39956311270802,-2.92840161815183,-2.97061343881584,-1.35211099802006,2.59343461849748,-2.93832631664537,3.07894034042151,0.0903728677354497,-0.690699588803862,-0.66706885353991,-0.646940155920127,-0.585078606420408,-0.530377185311543,-0.589801214536764,-0.442591417066811,-0.332495480098424,-0.373156785804856,-0.247504355857452,-0.221234440891043,-0.242945152157717
169,0,0.0467848152897484,0.195128566778778,-1.57198623449915,0.0710313660788421,0.094583529652465,-0.34885857644887,0.694182857321003,0.328904232036108,0.0919612942367877,-9.54921722065864,1.7541374602954,0.899548052933878,-0.0788326672478757,-0.0745530547742707,0.189138583513584,-0.122846865814029,-0.132467240823044,0.19211138128383,0.272156330902369,0.247740704197967,0.0655494739255366,-0.431431945137132,-0.105860547593278,0.0433519698466163,0.133762621851706,0.0278898051260997,-0.0582098985251094,-0.021541548170773,-0.0169233459140804,0.0478058330307707,0.0232838656414069,-0.014536497850971,-0.0210597422502976,-0.0545252263839888,0,0,0,0,0.00571401376345809,0.00157502432608573,-0.0468422728694389,-0.116133161329601,-0.161238880075496,-0.0963231688822665,0.378508305189868,1.26579728996993,2.57111585152513,2.45554136616556,-2.38788396074137,1.81113741303595,-2.87778170674967,1.45824564215147,2.44317387119675,-2.79338966647082,-2.919225925878,-1.33562060147308,2.6347886282437,-2.92812704621146,2.98122966326867,0.0828955067147824,-0.704402786485342,-0.688344066331787,-0.655661569574729,-0.603740559543716,-0.543817494741908,-0.595160008071807,-0.453471114546979,-0.332816758207774,-0.368325544322667,-0.236027009896588,-0.213083959549369,-0.22035511900207
179.5,0,0.0424926304007807,0.177226863404578,-1.4277673139029,0.0645147269890401,0.0946060074172883,-0.402228809125398,0.920336570082405,0.241566355291436,0.0930606098363323,-9.68731753857294,1.32724743874741,0.737433148023322,-0.349010497224259,-0.176325792074165,0.0822159037142475,0.177299534681962,-0.0664566187224677,0.333624578749665,0.068441458750629,-0.0205021884291765,0.110843467659636,-0.382049727172966,0.216320140675085,-0.114037772852379,0.0887006585888215,0.0606690410132598,-0.019936749975085,0.262074598486723,-0.092142694502913,-0.191009079429851,0.0531272459868766,0.119538996434585,-0.0953192727494249,-0.0187731492406987,0,0,0,0,0.00405289454776449,0.000681517411669038,-0.0428167832532636,-0.108419982299377,-0.154369721268006,-0.0946903206443061,0.309731902236947,1.13552720862187,2.5245769769629,2.48928046192276,-2.3196860912378,1.6148406828257,-2.83251022741181,1.46185174291118,2.49032980375905,-2.63623239703487,-2.82842944009071,-1.31541122910397,2.68486262425384,-2.92628479116045,2.89034850068205,0.0767487154031899,-0.705111123307462,-0.70103716866282,-0.66050502410551,-0.614410801720691,-0.548177456784975,-0.591027000616213,-0.459136835551687,-0.336489178352647,-0.367548165129314,-0.230376653727931,-0.211734109997936,-0.204811501209554
190,0,0.038200445511813,0.159325160030379,-1.28354839330665,0.057998087899238,0.0946284851821116,-0.392298959705379,1.34450985821786,0.401439971264843,0.0869720500649936,-8.82596406321621,2.45766318144822,0.872412564214299,0.0251687301546201,-0.0768557738905942,0.238120199883321,0.122863859831789,-0.228178246835921,-0.0406323255287413,0.2064932469244,0.00652163082620581,0.159354396206906,-0.422291477664716,0.106725102496672,-0.110132859673654,-0.0154889648159241,0.23150954918756,-0.102406718841139,0.00766224237463891,-0.0300781161243468,0.0319393279360635,-0.00712487995830255,-0.0387409025610342,0.0644850896836463,-0.01360057190252,0,0,0,0,0.00239182822949973,-0.000540328628543554,-0.0395763714347154,-0.101852509018384,-0.148535723079242,-0.0943076672692468,0.253115583298356,0.999827076138042,2.46367417399182,2.56129377593615,-2.27369448081316,1.44789181495716,-2.76795383584419,1.48447019391807,2.55868491831581,-2.45907338183169,-2.72201432834519,-1.3169458354562,2.72994887805161,-2.93881062887524,2.83106910290772,0.0693187026472642,-0.701365159667589,-0.715188449945578,-0.66803425083364,-0.621923618417846,-0.555236926696528,-0.587177464901538,-0.459730858730054,-0.339020870319865,-0.365737228329617,-0.231123605597315,-0.213693536364564,-0.196296652378102
182.5,0,0.0339082606228452,0.141423456656179,-1.13932947271039,0.051481448809436,0.094650962946935,-0.392845637166567,0.728741606896315,0.544241867930427,0.154442011339005,-8.94817659344248,2.63227369964194,0.410970701978178,-0.222654242237007,-0.61804479952778,0.119205880451649,0.101228835601397,-0.329863454310876,0.0598205878294525,0.435420889409151,0.0557468158625536,0.219889311551587,-0.682550770497094,0.0792544154053594,0.074754641624304,-0.0702493552858631,0.267473924377828,-0.287886669219032,0.222284296022975,-0.177088916788548,0.116188407864446,-0.0106348260067778,-0.0123059834140765,-0.0291237906119491,0.0380376957045316,0,0,0,0,0.000730823971863114,-0.00239591239587503,-0.0378589429385819,-0.0973816748408339,-0.144438274137859,-0.0965316642088836,0.204852494702727,0.872315728015232,2.40822026773683,2.63653354544809,-2.25001751009782,1.32198324348025,2.11450094945461,1.53220717783074,2.64007444387742,-2.30460316613315,-2.67787921723678,-1.34240749177144,2.74448837441971,-2.95274540591708,2.7722151685594,0.0580905888623675,-0.701767431038456,-0.732758564774436,-0.670817472295223,-0.624995234917882,-0.568210848736204,-0.583400946299848,-0.460042714554738,-0.346396254615813,-0.358294810744176,-0.233918675785163,-0.216786852543041,-0.189036790286633
159.5,0,0.0296160757338775,0.123521753281979,-0.995110552114142,0.044964809719634,0.0946734407117583,-0.398588243112777,0.883662495829119,0.484448223036957,0.328119308189371,-8.477506812456,2.5279935452925,0.232285276121223,0.0366521146127738,-0.521319707303172,0.230341654627198,0.39413399577451,-0.367418470242787,-0.103419674029485,0.285624038925643,-0.0994299366117039,0.387112157930123,-0.694798878082442,0.239106427746208,0.0421665083126915,-0.175486005689268,0.348884731978697,-0.344316710731568,0.17293249187028,-0.0424355882255073,0.0685461039165538,-0.081659922849321,0.0562883723817091,-0.0995323231184427,0.153470461028393,0,0,0,0,-0.000930109064000084,-0.00480001344923238,-0.0375635272363149,-0.094917922537637,-0.142070385034966,-0.101291420780368,0.156599412434356,0.743146221511879,2.39339587652427,2.72267671216532,-2.26703051461151,1.2122861245868,0.6373742931084,1.58577953181459,2.72792344812732,-2.18690997921555,-2.7728383172258,-1.43736762204439,2.74020716016107,-2.96639385969697,2.72641968698096,0.0423184224123028,-0.706291751241562,-0.744366284615632,-0.670750463508274,-0.630051091133719,-0.589045065147784,-0.584060599841879,-0.459586848189448,-0.358786390067994,-0.351218352960364,-0.238733306738131,-0.219005538577246,-0.179715356574776
166.5,0,0.0253238908449097,0.105620049907779,-0.85089163151789,0.038448170629832,0.0946959184765816,-0.387989783529483,1.63782302423233,0.412597571102741,0.440525473581389,-8.99784642648681,2.61995745733286,0.487622032685828,0.207395565025848,-0.294302489831476,-0.0197122633246012,0.444454051952218,-0.560156102857718,-0.046773738302975,0.333486812910421,-0.139655250333962,0.320944901011729,-0.634335356895702,0.160437539674867,-0.0535193689052699,-0.283036340290783,0.205979930407644,-0.260100487008438,0.204364043991011,0.106932902397711,-0.0341437999421396,-0.0269423446113289,-0.0784661039557779,0.0216836942867572,0.0283771798293586,0,0,0,0,-0.00259096171930259,-0.00763741023622135,-0.0385656139764782,-0.0943757358352859,-0.14152653909249,-0.110131777072811,0.0983601008063806,0.594571049767121,2.38794753029574,2.86495265324434,-2.48966697157107,1.14469628921025,0.648981689965931,1.62990493683666,2.81578162036804,-2.10642334286952,-2.8912807886919,-1.61514347547423,2.72975704978865,-2.98198467330233,2.70416466118875,0.0210182664097174,-0.715276766218725,-0.753889105745497,-0.677781089647687,-0.640991598467755,-0.613606148516621,-0.591192083913777,-0.455366711988717,-0.36701158554357,-0.344588745260156,-0.246401388445476,-0.229215680174958,-0.17173858768487
190,0,0.021031705955942,0.0877183465335793,-0.706672710921637,0.0319315315400299,0.0947183962414049,-0.391034186635403,1.27396342956744,0.525863533270672,0.403048313637226,-8.92341902222328,2.5641212470879,0.507960356369943,0.0805604762026268,-0.22152281647744,-0.0283110415821106,0.343525620355847,-0.657411090383937,0.141416936132885,0.43294179121063,-0.221478084809014,0.266868151703022,-0.503419256086522,0.185510791632895,-0.0777747408387509,-0.157456007751036,0.156233791829795,-0.368096199389782,0.357523607905389,0.11423709948658,-0.108949691018159,-0.0282748146820137,-0.0820448008511637,0.0629816021804097,-0.114704755529874,0,0,0,0,-0.00425172483791721,-0.0108437532872067,-0.0408192627131893,-0.0960400820410866,-0.143634287271727,-0.124299601902166,0.0324465608821365,0.435457864005294,2.39033866902243,3.02819402025702,3.12996112108708,1.11930575870033,0.701722646010136,1.68068738036128,2.89619989134235,-2.05630802575499,-3.01636106128301,-1.87217352331889,2.71886035124485,-2.99102169522803,2.69121062521172,-0.0268991852652094,-0.77111884455558,-0.811705895351215,-0.734295781127126,-0.692756358069486,-0.670194806532953,-0.631464296056933,-0.488446137275881,-0.408676393743313,-0.364644467029602,-0.278363468489785,-0.262087455106556,-0.176463543088191
191.5,0,0.0167395210669742,0.0698166431593794,-0.562453790325385,0.0254148924502279,0.0947408740062282,-0.397844755481667,0.935453786291779,0.537295240227799,0.390806564834319,-9.02188531038111,2.52538918748308,0.495872262505017,0.0198006048009597,-0.148305913302791,0.146195610182555,0.340715729867449,-0.559707065723651,0.281141760953658,0.233257396634365,-0.00742054805918416,0.251073582455811,-0.668974566370118,0.328733660056086,-0.19861106681048,-0.209816423083304,0.111635235452382,-0.40020206820815,0.437462616137871,0.0745726186214298,0.0570061295141297,-0.0671776834303921,-0.0436603638814119,0.00252219067538452,-0.195559188531666,0,0,0,0,-0.00591238926667954,-0.0143277004435752,-0.0442354405009297,-0.099807718312734,-0.148344408232766,-0.141652507657787,-0.0288408975031249,0.298968386386823,2.40898007234407,3.09323333423265,2.52912221684988,1.11932130306332,0.809819743977135,1.73985915733752,2.96982953830634,-2.01436500577002,3.10795716032294,-2.1523887101978,2.70955137273417,-2.99091580035718,2.69012129178831,-0.0699727303941334,-0.815455305222509,-0.854455117885267,-0.7777711764382,-0.735151792438236,-0.711229007319109,-0.663279101744024,-0.523841844063694,-0.451620060896646,-0.388050894859505,-0.317649873412426,-0.301648465897047,-0.191798470696604
137.5,0,0.0124473361780065,0.0519149397851796,-0.418234869729132,0.0188982533604259,0.0947633517710515,-0.400929632974712,1.0011134084578,0.546002438324529,0.50569571998162,-8.81651451627572,2.76928199982533,0.585285003149667,-0.0182172355208155,-0.178807412271257,-0.00210173509505111,0.156986784658085,-0.671113060284043,0.19486702428503,-0.00988890817152001,0.15851699930453,0.179719521987552,-0.634700048546412,0.430219758406752,-0.143088616876984,-0.0965172415490323,-0.0294616463459578,-0.408062158682557,0.447413245302855,-0.038801111710843,0.0742816047867078,-0.0657054663890558,0.0701558065805418,0.00493962665668165,-0.089226727809381,0,0,0,0,-0.00757294585568984,-0.0179625741917911,-0.0486225712142955,-0.104893309075888,-0.154272833284863,-0.159782003758167,-0.0836664853095801,0.188967215821434,2.43286992376685,3.10362768995633,2.34965564408061,1.13992734897484,0.960654078384699,1.80758572689026,3.02671741330864,-1.99116731632856,2.97015506996748,-2.38151312505693,2.70042460761001,-2.97701504259736,2.70090028228092,-0.0887752976428844,-0.807326384984209,-0.834686949672078,-0.76441665076024,-0.721829934773946,-0.698437710133467,-0.652956143880908,-0.518285105960953,-0.460447200721647,-0.389463656533466,-0.338720221831989,-0.329045997811694,-0.203443131595095
86,0,0.00815515128903872,0.0340132364109797,-0.27401594913288,0.0123816142706239,0.0947858295358748,-0.412796464976551,1.17741071676445,0.627745347544313,0.577171098295526,-9.19839380570329,2.47330328908404,0.806053051961286,0.0164204239880711,-0.167300281712331,0.119703859413399,-0.0761505356205497,-0.533295156994903,0.0827423840086689,0.0317833346395569,0.382922941394623,0.148491327174424,-0.464816775678845,0.415998633013497,-0.0713968898091646,-0.148823437856011,-0.140763321167481,-0.339842767237581,0.274618045094483,0.0610991968029896,0.0644981441115546,-0.00295836018779973,0.10430592767398,-0.0186879677081088,-0.0130881845727946,0,0,0,0,-0.00923338545861612,-0.0216558027401583,-0.0533529728029119,-0.110026737260874,-0.159547001776891,-0.175704261542553,-0.131431241990202,0.0886203483818315,2.46856968878299,-3.10711684375479,2.26216995925845,1.15876375653477,1.11368501180549,1.8748962871475,3.07257333423372,-2.01162235303514,2.86058551828228,-2.56683092924247,2.69634278465955,-2.96833146459933,2.70374304647232,-0.10819125898797,-0.802181456253757,-0.817038531037519,-0.753923793293238,-0.706599799343572,-0.688844733148728,-0.648142630704907,-0.511815040292758,-0.469007810778563,-0.393470090237894,-0.359825942101167,-0.349447764622324,-0.212537655769039
89.5,1,0.00386296640007097,0.0161115330367798,-0.129797028536627,0.00586497518082182,0.0948083073006981,-0.428174385456345,1.39349536107249,0.552736898378187,0.575932719450041,-9.13595088318176,1.56500440604097,0.898485485655852,0.183270288857078,-0.0815027027404032,0.211064650626548,-0.159344165227671,-0.341355096015236,0.126867200718612,0.0794905450471093,0.180761414730548,-0.051439531072337,-0.330086166637743,0.328475734374972,-0.160846344943727,0.0167328280435729,-0.0511878739443781,-0.190377735211941,0.347298013566322,-0.0442523993344039,0.101389942219803,-0.088969034061962,-0.0737249473395267,-0.0437274159958278,0.0367395727662846,0,0,0,0,-0.0108936989329952,-0.0253485695089791,-0.0579724922187315,-0.1142058098051,-0.162538428132384,-0.186434896646936,-0.171583029072929,-0.0171088943133313,2.51541143008936,-2.91920180862336,2.18970988714297,1.16816111100272,1.23276472798826,1.92679808590024,3.11247152467933,-2.04655942890524,2.74371635841106,-2.69837982918957,2.70556670633902,-2.97611700967003,2.69885042574359,-0.119810892775931,-0.800215374992274,-0.803901850099287,-0.742553204436413,-0.693387634307402,-0.684104359616227,-0.645820931421361,-0.509225679403987,-0.474916389540541,-0.397096302389839,-0.3832692936173,-0.368400989628101,-0.220331676060026
90,1,0.000308495452092036,0.00250231333654811,0,0.0279745356334761,0.0953305086476481,-0.434770351427346,1.04853917274081,0.522254759555595,0.574373440409549,-8.61442099032538,0.530885628898392,1.2378932413936,0.869574074046464,-0.189958025965378,0.348693484003541,-0.109906687459607,-0.200037561878423,0.478053256628596,0.213788499547068,-0.124937015146393,-0.134191741711875,-0.229760250719072,0.264628958393273,-0.150586484641789,-0.111001255326772,-0.155831267863846,-0.014438387896623,0.0446216734335955,0.0912443850030455,0.00859508575017897,0.0807604738092987,-0.0579261790014805,-0.0446407189952064,0.0511450278836942,0,0,0,0,-0.0124068148576647,-0.0288176277348319,-0.0622530562276081,-0.117218385886001,-0.163028456335207,-0.190757840267479,-0.199700209000932,-0.109003932339008,2.5583638901049,-2.69346747823168,2.13605854912152,1.16294192708765,1.29935460370198,1.97129587177303,-3.13173290472375,-2.08346982027206,2.6277180216823,-2.80508434186324,2.73318500059369,-2.98665782175532,2.70505965198163,-0.125840719889241,-0.801857693064759,-0.793502803856146,-0.732648537611728,-0.683611346924933,-0.675878794470132,-0.638865817554908,-0.509124420474981,-0.480369315968648,-0.402526930539896,-0.404421484659222,-0.388531295978757,-0.229729237056566
87.5,0,0.0033934499730124,0.0275254467020292,0,0.307719891968237,0.100056267185428,-0.404262518819535,0.938044931204648,0.473878275566743,0.54184284666313,-8.36083982453491,-0.342189737668912,1.25578622528744,0.668214311372391,-0.281832581090861,0.658348937405379,-0.179402549078084,-0.0438438991115838,0.465060342421188,0.252895403545634,0.134911184551222,-0.0968658933640281,-0.0516482641410588,0.358286394113978,-0.142132966130588,-0.144213615831523,-0.309124727803922,-0.0155055822359389,0.132780105966485,-0.0934707621771283,0.00746668496090739,0.0175514990479678,0.0466270211775472,0.0410946943618464,0.014758626958075,0,0,0,0,-0.0138228999380883,-0.0322813732518714,-0.0663583363480552,-0.119282835816512,-0.161603851331899,-0.187411739210064,-0.20336452297372,-0.159681114790326,2.56915111571461,-2.54571266773708,2.09431897698412,1.13613827595439,1.32372132568603,2.00699646942414,-3.09516797613918,-2.13996236050924,2.51183263358307,-2.90773150860154,2.78835130334297,-3.0014954341144,2.72594620559566,-0.0845120240520168,-0.717611494744353,-0.706859349916521,-0.651337588888474,-0.602392713102442,-0.596686871471849,-0.569510582388653,-0.456295502112773,-0.438359089478172,-0.376382855332736,-0.397721348302056,-0.391634772065791,-0.238035396987255
114.5,1,0.00647840449393276,0.0525485800675103,0,0.587465248302999,0.104782025723208,-0.329754360329055,1.78645837724287,0.392837635486841,0.462588844755798,-8.2588581948652,-0.679972274161982,1.08966232752249,0.205472084548801,-0.404234851925411,0.577972259035725,-0.149772791848721,0.0714028243897366,0.458048717399774,0.243531284185117,0.114271852409945,-0.0652986947421993,-0.051967799683834,0.179673700284244,-0.0883305600225793,-0.171278321075159,-0.147701935716177,0.0401847344924645,0.0611325751656305,-0.102939600564623,-0.0700257437538999,-0.0266602217980882,0.138182923907304,-0.0327650398134623,-0.0599178223548635,0,0,0,0,-0.0152943812112491,-0.0359789835630654,-0.0703212223299518,-0.120153576094817,-0.157614084417609,-0.175331728470391,-0.179581825299332,-0.16912903332885,2.56985792731458,-2.44161610650074,2.07550452532011,1.09795726900861,1.33703642122958,2.03220439999021,-3.06008743974127,-2.20259941693486,2.38252160257554,-3.02472444640972,2.87266620855562,-3.02251134592928,2.75033024577372,-0.0310999519225342,-0.616658608611181,-0.611120595488025,-0.557496550905353,-0.509242186349351,-0.50321727538907,-0.488565700999072,-0.398552809569272,-0.392779088753598,-0.348829531523962,-0.390427925036167,-0.392708144220514,-0.250697464962263
144,1,0.00956335901485313,0.0775717134329914,0,0.86721060463776,0.109507784260988,-0.2208372596577,1.80509784697346,0.545384935679715,0.399986769921431,-8.33434367329485,-0.907051049230999,1.01754640861704,0.0838314211031019,-0.498736238325952,0.487264925284848,-0.299981463967231,-0.18073073651449,0.106542367116656,-0.0494548785647083,-0.0790234597698657,-0.00258739623540376,0.0941856915902895,0.382147487959854,0.0409992425612806,0.0446896503242803,-0.113003725339208,-0.022619711141519,0.0476031074138661,-0.0252456187442381,-0.0190991396973569,-0.00422586662032988,0.167966704344058,0.00324006295498613,0.0263900906569076,0,0,0,0,-0.0167662810366632,-0.0396854830048282,-0.0739743090343976,-0.12009096622359,-0.151498960747605,-0.156320852963437,-0.132860455174992,-0.135693903884444,2.54046890603053,-2.3447483642615,2.0773415157958,1.0659481999462,1.36182748815602,2.06203037983445,-3.02760136221923,-2.24312491643335,2.26979521842573,3.1319303357732,2.9382748215305,-3.04330314799721,2.76406414611882,-0.0139602453846596,-0.596117564337569,-0.59242250947821,-0.532936329098218,-0.48712138427999,-0.473900302917784,-0.464324944479845,-0.392655940437499,-0.392245263782319,-0.357268169120061,-0.407372449291291,-0.405696104299875,-0.271414212923522
129.5,1,0.0105724619225607,0.0857568962186123,0,0.958716605968008,0.110249414683868,-0.131355417191128,1.68192545258395,0.542223358178764,0.362110695803548,-8.42295068007686,-0.970520225572896,0.832084809348707,0.0577193692495782,-0.378618585073419,0.42725855408771,-0.299935772994259,-0.100444846940365,0.186717809688319,-3.28338927732064e-05,-0.0374265457665759,-0.0054129670870242,0.0830237438431706,0.415343616353007,-0.172523663194398,-0.106038826703055,-0.162133970827321,0.0763562357618549,0.144077890322764,-0.00419134880746823,-0.0149213626679892,0.07304837276274,0.123999205436716,0.0714024911465527,-0.172700492951979,0,0,0,0,-0.0178904042303444,-0.0427237561530104,-0.0768767306553729,-0.119271326643339,-0.145375591080056,-0.138698184736544,-0.0892589858464543,-0.0909413120221627,2.46139036658842,-2.26202429454242,2.08146078627117,1.03699045969906,1.38942386880798,2.10787012924503,-2.99971151770301,-2.28083511778146,2.18652134823331,3.02085440339183,2.97782079526438,-3.06205017680973,2.76981196711057,0.00292426577725716,-0.587588514943081,-0.580833021189177,-0.515590574295811,-0.474537178315772,-0.45970509610189,-0.448024117694505,-0.386089821190789,-0.385307834540006,-0.365509831631783,-0.421729006343223,-0.413118993731038,-0.28682965750875
111.5,0,0.0104011786188335,0.0843675580862736,0,0.943184542687845,0.108786236344133,-0.0917155840101153,2.3733286120616,0.383171839721295,0.308828683459312,-8.62170110778299,-1.01678139655417,0.605315311303211,0.168410629224467,-0.279218343322241,0.535223398320687,-0.121136452000428,-0.0242848115457316,0.292529199742496,0.206801148705954,0.0323839104323203,-0.0377472174126075,0.0104410468006007,0.368054065269154,-0.0872053293242419,-0.149502381156594,-0.204761601065746,0.0236414865740289,0.109047573742594,-0.0192374090118774,-0.028126585654067,0.0803104174848912,0.162226787101686,0.0462955747525282,-0.208347933890044,0,0,0,0,-0.0180563223639952,-0.0438484015555144,-0.0775944216986799,-0.116538909390902,-0.138395249280911,-0.121624783852936,-0.0533094415251263,-0.0447503048051718,2.35085288912308,-2.19324543387286,2.09024520965789,1.01968995886599,1.41705608251697,2.16259439728023,-2.9807408512032,-2.42936988435226,2.11646633289826,2.93506374764426,3.03202916062723,-3.08154640419631,2.77670536079989,0.0225469876246575,-0.579192937660958,-0.575736589727365,-0.503803317423097,-0.465085453312406,-0.45478619359158,-0.436885690528232,-0.38241267479011,-0.377192804936576,-0.373543248960018,-0.433514901878038,-0.415113704085546,-0.29558819023039
108,0,0.0102298953151063,0.0829782199539347,0,0.927652479407683,0.107323058004398,-0.0550118638652797,2.49650100645111,0.456328683484588,0.282828900856854,-8.96666069525152,-0.593627424247576,0.560919099851569,0.280016953495197,-0.284488882842664,0.535875200905844,-0.0466212545936626,0.0727870730056934,0.309055894893482,0.0957836978189853,-0.025227416062095,0.0148867809451946,-0.0327018344068293,0.320021802003798,-0.00665897845906057,-0.155588267785142,-0.186000773647257,0.150420312746399,0.195659999376321,-0.023592228450338,-0.0493956330882745,0.0107019255866032,0.205147860991938,0.0289693648182423,-0.147081103993816,0,0,0,0,-0.0174036971124154,-0.0432657006594703,-0.0762424380827994,-0.111858376091606,-0.129000305717456,-0.10003024786305,-0.0140961050588739,0.0088159837077475,2.23576216178721,-2.12971198363928,2.09788541800915,1.02499976002901,1.46076846396801,2.21757604845583,-2.97145514701977,-2.62103654207321,2.01919872167558,2.85338362999946,3.09767884524237,-3.10073612057329,2.78309169391442,0.0466931688276906,-0.569432415531851,-0.577880778804681,-0.495440911836079,-0.457800862471541,-0.451279836535566,-0.428734055931606,-0.383592596427723,-0.371965253317414,-0.383354242958926,-0.440130517775617,-0.412355543791029,-0.304062188383072
108,0,0.0100586120113791,0.0815888818215959,0,0.912120416127521,0.105859879664664,-0.0109212270245075,1.88083641744174,0.477430064330578,0.274365103308193,-8.9862384085074,-0.0487030746507823,0.602201589716863,0.280413008324201,-0.249187523290063,0.492580398404764,-0.0722427398014994,0.0173678170529416,0.353560594973136,0.0616337049345033,-0.145850126407508,-0.0713894878248634,-0.185071434079835,0.206558070043068,-0.0596149374361059,-0.194949013901024,-0.124150918946078,0.13796011431423,0.14946497915997,0.0490033164808193,-0.094503245227401,-0.0561083748778742,0.148926549242446,0.0500477690816962,-0.183811458113481,0,0,0,0,-0.0165434749142633,-0.0422149616846579,-0.07422754813699,-0.106260501414473,-0.118340890940478,-0.0770466031304235,0.0250633941504024,0.0691684800924381,2.11047328316895,-2.10069229758012,2.10198430918854,1.05217494907615,1.52094029196648,2.26463016303424,-2.96762323751966,-2.80233732230123,1.8819386016567,2.77596805461557,-3.11030300431968,-3.11430875654494,2.78642791842068,0.0700104117241845,-0.56380146251589,-0.5813114499952,-0.494806264103153,-0.455338414625958,-0.446771858201285,-0.418584794204705,-0.380692070001636,-0.367263475307509,-0.391849226013226,-0.439254172069796,-0.407092755233407,-0.312159839726737
108,0,0.00988732870765193,0.0801995436892572,0,0.896588352847359,0.104396701324929,0.0316549917991337,1.36518179027988,0.437161319129963,0.27279080487268,-8.78976328351454,0.924043915955971,1.12754610000784,0.403235838874787,-0.168081567744568,0.622444690716608,-0.214864930103266,-0.15274292654464,0.0822445201602328,-0.00573872085725912,-0.0413441680321513,-0.0762486036353488,-0.0120866007165029,0.131626591547557,0.0597233396009427,-0.0726712460170117,-0.126140819383534,-0.0301373638496199,0.101478428282402,0.115490879090989,-0.144899756762105,-0.0443425274342055,0.118404814555541,0.0430038288847781,-0.173394168204941,0,0,0,0,-0.0156820860311564,-0.0411355534978532,-0.0721271209166816,-0.100590667458467,-0.108972350504843,-0.0575164652658878,0.0592574362033567,0.145609402961221,1.96468315583197,-2.11239410642067,2.08988720661456,1.08956083058667,1.59499166751898,2.29756905112997,-2.96824965061517,-3.04279873773168,1.74161520400079,2.69456621204201,-3.02245292720365,-3.13864347812844,2.78791453948609,0.0874846447692637,-0.555001376317555,-0.581814075201861,-0.501973815574328,-0.459037340498383,-0.442156818807953,-0.409096821083198,-0.375155748350085,-0.363034145135918,-0.396288997058969,-0.430034462336308,-0.403628262045913,-0.318403339844274
81,0,0.00971604540392474,0.0788102055569184,0,0.881056289567197,0.102933522985194,-0.00863269697478227,1.98084637928925,0.380675889439846,0.281609864141506,-8.9520081574443,1.2765737474374,1.43618368841191,0.294483984670783,-0.424701292050254,0.247835403116046,-0.628179548547746,-0.337737929238089,0.147324568084402,0.0963713314429733,0.0897752124419833,-0.126330566281432,0.0873787177660939,0.114482468245342,0.113205060271337,-0.0237593289392433,-0.32347998622063,0.0137402176430702,0.170970355986649,0.104860686784343,-0.166078958354014,-0.0164927301392445,0.096475479066545,-0.0190385912853311,-0.0542005990375475,0,0,0,0,-0.0148195293688814,-0.0400266992126035,-0.0699380060337115,-0.0948196407576066,-0.100166004979105,-0.0394004811012395,0.0909068816242824,0.217131855961484,1.85283308511936,-2.1597666863386,2.06587969526475,1.12634606922071,1.67102111539714,2.30868232540847,-2.96803508336997,3.05504123182097,1.61406566476811,2.6074974476334,-2.92710711949931,3.10968962538001,2.79528951084819,0.10266251881799,-0.542097447161639,-0.582451556959481,-0.509360684622058,-0.464600889308453,-0.443111176737323,-0.404029735864835,-0.371793110087644,-0.358551728930118,-0.395747537670208,-0.418453408510093,-0.4017463226706,-0.31970685064527
66.5,0,0.00954476210019755,0.0774208674245796,0,0.865524226287035,0.101470344645459,-0.136601629603376,2.49650100645111,0.330211042360294,0.289179768210832,-9.88371696430658,0.795707801687476,1.21480470603123,0.464980048655703,-0.238368468417377,0.341900388468524,-0.492004930125886,-0.352495696433008,0.0227037404739041,-0.0404083840687305,0.112425292023573,0.00390617499974599,0.117788219403234,0.212597715509906,0.0483072910311862,-0.0615076661125214,-0.302563304059686,-0.0778206476684033,0.00505884593635757,0.0640531353258387,-0.00290260215491885,0.0553817200960251,0.0483470968864853,0.0264064842004525,-0.0419016597738238,0,0,0,0,-0.0132461222710277,-0.0372610142219912,-0.0660546339561472,-0.0879277096299979,-0.0907630296062679,-0.0202623431448458,0.137040921038437,0.297919882855152,1.7816674749874,-2.24296490855338,2.0492528261295,1.1624143923153,1.74238942057119,2.29848795979359,-2.963650041361,2.95427648271756,1.50689807684898,2.53987685751621,-2.84694488296824,3.08054087114525,2.81256969750502,0.113292728219278,-0.538898850572837,-0.587377380138484,-0.516667032682254,-0.474811251281126,-0.454271601792679,-0.404838017878366,-0.372667808650311,-0.354788624127331,-0.389112833947523,-0.403165116819442,-0.395973472821541,-0.314666896600526
130,0,0.00937347879647036,0.0760315292922408,0,0.849992163006873,0.100007166305725,-0.22277073657769,1.87029855047674,0.412504936204226,0.322284210292631,-9.71317908952055,0.795038601771386,0.628530380571172,0.167729226074896,-0.230605679214166,0.306488331544989,-0.30998885653784,-0.0252823285951513,0.0679332743933907,-0.0170276783300442,0.0616502470681373,0.0112353929754244,-0.0643807701325132,0.171643229053985,-0.0109583306836522,-0.0398638385902224,-0.0990890531095373,0.0211067456392414,-0.0032077877027869,0.0719401127299709,-0.072315467457744,0.0212310279542216,-0.0195939574542075,0.0701446129944667,-0.0323856914452734,0,0,0,0,-0.0109436641347653,-0.0327939210865405,-0.0600271002463438,-0.0791365128970282,-0.0797523048803856,0.000519308129253554,0.197054174549089,0.403443265798404,1.73284439097341,-2.37564783883323,2.04790185797254,1.19737067218928,1.79761645482778,2.27489906510207,-2.96128153333121,2.90113710524988,1.38446311290389,2.49785557437818,-2.80413085727169,3.01984852985051,2.8376635380271,0.118612408013904,-0.544263450627249,-0.593742870000152,-0.526503365695348,-0.492488229601871,-0.473436134461345,-0.413248988219326,-0.376929078046158,-0.346525667219401,-0.378644566507279,-0.383444295034848,-0.391123103406175,-0.311009097278543
186.5,0,0.00920219549274317,0.074642191159902,0,0.834460099726711,0.0985439879659898,-0.283164176002592,1.17922496054878,0.520300055874754,0.37441566402814,-8.94633953383223,1.53279287467604,0.57935028889433,0.317535288466139,0.157510472651936,0.394889989514361,-0.0779002525482688,-0.0527048597789213,-0.0975896672471803,0.0715110163355295,-0.0669218195035313,-0.133108864418995,-0.183928654138791,0.245917876181496,0.185307073981354,-0.146652206318649,-0.138991467625086,0.0629785984932688,0.0968097174260786,0.00337224116163158,-0.0696739443331163,0.0030948041827651,-0.020079141485558,0.0356817255110098,0.0318628877068509,0,0,0,0,-0.00877656128485258,-0.0287066673168092,-0.0541930982883914,-0.0702055300632979,-0.0667189307442492,0.0257533407633059,0.263643693369736,0.515906630187963,1.72227582578575,-2.53013598807059,2.06283848226114,1.24342540421638,1.83628629576534,2.24408632026441,-2.96532353384484,2.87995066786567,1.28710074679691,2.47942565759368,-2.781086176085,2.91315239118811,2.86112508145802,0.122130857319843,-0.545351988433366,-0.595685644803447,-0.538500363022271,-0.511420301967751,-0.495601213779499,-0.426150143234295,-0.384544160087704,-0.335865162955544,-0.369808931115183,-0.365236486173128,-0.386292222483498,-0.309314949905826
147.5,0,0.00903091218901599,0.0732528530275632,0,0.818928036446548,0.097080809626255,-0.337993801405147,1.04422633473681,0.503281276068721,0.40925036373854,-9.55590681522659,1.31738793663796,0.783944035997177,0.353268854669815,0.0854736376678557,0.354419773236277,0.0462908539933339,0.00248127032494274,-0.183291352780741,-0.107412758947161,0.0732352021392103,-0.106551085859398,-0.10695439505912,0.149576033165401,0.130020659134206,-0.00178739757520536,-0.246075349615515,-0.000916689088581635,0.0840517747478235,0.128786012415413,-0.0986327377749696,-0.0120817407249792,0.0379762671820968,-0.0715731202057229,0.0188667187129837,0,0,0,0,-0.00674835428950423,-0.0250099525267986,-0.0489851646651453,-0.0620356737646227,-0.0532572889957629,0.0529178416169336,0.332004551248956,0.623929224643111,1.72106070030107,-2.68604966154601,2.0776040284382,1.28853342363401,1.87432382657952,2.21496546190482,-2.97681298618497,2.84837378532537,1.28164698793681,2.47742502390734,-2.7476609328489,2.79954034634046,2.881519084517,0.123306057245489,-0.54257961895367,-0.596919961401065,-0.55349507230787,-0.52896566584127,-0.511312473147879,-0.439685457687861,-0.395606090198085,-0.331227551530247,-0.364212110883888,-0.350096967447047,-0.379684109873426,-0.307827634675901
144.5,0,0.0088596288852888,0.0718635148952244,0,0.803395973166386,0.0956176312865202,-0.328043511375641,0.6397011250899,0.501486815453212,0.331658075119485,-9.75420687132652,0.783909330876487,0.282783477582587,0.35188422032284,0.0990003121894783,0.270355625597288,-0.0426165951075612,0.0417132168661973,0.0525107855587824,0.0230622927980335,-0.0616412020589715,0.000943344857811307,0.00785638329808949,0.0163818752857664,0.137380179681142,-0.093791052898616,-0.122492297261834,0.016169300086548,0.121532192711757,0.00324647218459703,-0.126875879809827,0.00440920395452586,0.167169132714693,-0.105674996032644,-0.050606653350891,0,0,0,0,-0.00471865892906976,-0.0213000575658514,-0.043732392248446,-0.0540532864276946,-0.0410340807657505,0.0767900443701161,0.393458797046889,0.729426221468084,1.70691430605505,-2.82455355488853,2.08072272879653,1.31911741629437,1.91884565891284,2.192825208792,-2.99414598116674,2.81659498929834,1.2982558729868,2.48225213325944,-2.70047369616676,2.69971996880203,2.91054315882188,0.119704617758926,-0.543878113521602,-0.598390265704697,-0.57465554529621,-0.547283894516786,-0.521786944216211,-0.451002290010751,-0.401928821735767,-0.328258569160004,-0.355554644591697,-0.336237403992114,-0.374187119447581,-0.304518592266158
187,0,0.00868834558156161,0.0704741767628856,0,0.787863909886224,0.0941544529467854,-0.313739246997743,0.702100708042185,0.452516215782169,0.166305870896095,-9.63721815693422,0.630713760321781,0.116706618070735,0.34028704957533,-0.0560951579849725,-0.0627960354959029,-0.121701375933307,0.0755960334587989,0.171167937470037,0.039635918735393,0.110743291597047,0.0589188612274459,-0.0703675827650787,0.212342783682634,0.0572689087544481,-0.116507815591492,-0.189291105495818,0.0661998036322323,0.124559170832054,-0.0337034093798916,-0.052644107220238,-0.0359686886261734,0.0812013422292946,0.0206907236270271,-0.106265120723416,0,0,0,0,-0.00268749030619754,-0.0175770144866026,-0.0384344931066755,-0.046268870481455,-0.0301212438337783,0.0968267832278969,0.444612387125833,0.832944097254143,1.7017422246988,-2.92830566782823,2.07543409076596,1.33812288365361,1.96010028793217,2.16499126637363,-3.01225457094284,2.79771216783578,1.28517001857987,2.48030434062002,-2.65664939462615,2.6373416462161,2.95389083319318,0.111311053682107,-0.547390729745142,-0.5967612548061,-0.601101914852424,-0.572047889007423,-0.537307303970599,-0.463014371371023,-0.405510043985653,-0.322707788535316,-0.340619642123287,-0.322168196392765,-0.369005909287381,-0.299484168787758
188,0,0.00851706227783442,0.0690848386305468,0,0.772331846606062,0.0926912746070507,-0.322423858371219,1.13273038286818,0.465045160267028,0.0998649790955298,-9.66332243330338,0.537489188920315,-0.0589998579609998,0.14137955809621,-0.0198966791208672,0.212087058411436,-0.0340089522449605,0.0627723527821489,0.149802746299022,0.187974743064362,0.174103380547437,0.125729643329183,-0.0504738419290795,0.216395075955653,0.156274303848375,0.020755318521986,-0.15925569408232,0.0726970635243832,0.141171129586743,-0.0169907851516494,-0.0632474699184284,0.0125997458764156,0.0197849919117983,-0.0430867244941973,-0.0236256826404958,0,0,0,0,-0.000654863594092832,-0.0138408570271999,-0.0330911844733831,-0.0383900551735405,-0.0188121924977074,0.117970962615241,0.495247672303701,0.933360623946335,1.7162280522315,-3.05568452073942,2.04756179328148,1.35011829656627,1.98295889829621,2.13197193666218,-3.03218253090603,2.78685108917247,1.24506283445612,2.46362868089953,-2.64538800669978,2.60249265154929,2.99988192332072,0.100764560509587,-0.550212449276622,-0.593850920869577,-0.62224277229894,-0.596509067142323,-0.556783670089706,-0.48134778502744,-0.416157894976333,-0.319140419352577,-0.324984002756308,-0.313130243415656,-0.367491828861135,-0.297823057508429
189,0,0.00834577897410723,0.067695500498208,0,0.7567997833259,0.0912280962673159,-0.328166765442562,1.00577056992368,0.532418490115862,0.111385004846464,-9.38492990285955,0.778338770119716,-0.0561529528256065,0.096862344273824,-0.0351232681787841,0.191940389655103,0.015092429881615,0.0258037513776742,0.166839045044204,0.239867631046095,0.142043130648868,0.0253326888065462,0.000509639348790438,0.227171858913533,0.0627645707243382,-0.0426116497824979,-0.0605164302186433,0.00406437837491069,0.164094292642544,0.0268303232893152,-0.048817894481275,-0.0291113270927568,0.0400381341003159,-0.0186306141668463,-0.0446861605954784,0,0,0,0,0.00137920596405444,-0.0100916206283305,-0.0277021890867245,-0.0304161019810876,-0.00709661374438927,0.140381204812703,0.548384098586816,1.03254374622933,1.7386887068238,3.12126675788258,2.01023458110367,1.35812851431302,1.99233271124377,2.09602833475465,-3.05235556289871,2.78279874042382,1.20070904624478,2.42909336500073,-2.63212467795907,2.61254331064594,3.04094103435114,0.0890285941289212,-0.554710011900541,-0.589474770359555,-0.631095005608267,-0.60943397233132,-0.572124922219402,-0.497357682039294,-0.430661464458633,-0.324113027402526,-0.313724676942746,-0.311177748243541,-0.364777884566808,-0.299623270976122
181.5,0,0.00817449567038005,0.0663061623658692,0,0.741267720045738,0.0897649179275811,-0.294980623304195,0.785919095889973,0.560853574972667,0.109029913848384,-9.38154656858536,0.717720824467856,0.00156890501380537,0.2405502500871,0.0876267038420827,0.185876765294503,0.0652866734292139,-0.109864212707771,0.0765174910951195,0.220544476886513,0.160180115275332,0.116107401387734,0.0846075145095961,0.258305233784115,0.103412787921601,-0.0510352419795238,-0.151276873093812,-0.0145974723032284,0.00239597359881802,-0.0341320266523475,0.0989784975263984,0.088890039456593,0.123852604478137,-0.00349590715953701,-0.0726333674017417,0,0,0,0,0.00341470305564923,-0.00632934244996717,-0.0225121011036579,-0.0229334117966825,0.00375074752023612,0.162069583865265,0.606759243482436,1.12853907513858,1.75226084450162,2.97052743874804,1.97142444433975,1.37334855413821,2.00929103341403,2.06082020940183,-3.07276865700486,2.78574121450666,1.16146688658939,2.3850992724402,-2.58663666845516,2.63829196251481,3.07948635370535,0.0760315860714083,-0.563624096228249,-0.583235825405875,-0.632116623547715,-0.615346233682845,-0.58000696211734,-0.509999389504851,-0.445026045087615,-0.336668873704182,-0.308890488575457,-0.310546912000486,-0.360758247541857,-0.305768482030016
133,0,0.00800321236665286,0.0649168242335304,0,0.725735656765576,0.0883017395878463,-0.216915056138131,1.06570351718579,0.523048753951127,0.092571509122461,-9.36987282195905,0.713846065277023,0.125898484106515,0.264696609734179,0.05271690993821,0.115619964613152,0.013066681222379,-0.0786198427118996,0.139237086503512,0.231015823875005,0.176270551114061,0.25409655983448,0.100240528329915,0.160870566617634,0.0964756022894901,-0.087175607813872,-0.144570471594436,-0.00646870254384994,0.0295117926888929,0.0042542607353589,0.0734256801293285,0.0200355694839663,0.0583940047268249,-0.0369744933691333,-0.0010076824295135,0,0,0,0,0.00545161229928068,-0.00255406138781436,-0.0175286353907969,-0.0159603101525538,0.0141872743248564,0.186169410961698,0.68058264699845,1.23305905953062,1.76409164982235,2.72999147944072,1.93081766213722,1.39645659860758,2.0335017208756,2.02979056068392,-3.09476230589004,2.79161881613363,1.13720915723879,2.32875688956923,-2.55690055309812,2.66548731501797,3.10389773537027,0.0691552567351749,-0.562219602429585,-0.565909104115072,-0.62385630060138,-0.609475088401691,-0.576764809557394,-0.515812241221388,-0.450623076508226,-0.345741232825821,-0.309379315692001,-0.309642848551427,-0.362026203150888,-0.315323617698877
92.5,0,0.00783192906292567,0.0635274861011916,0,0.710203593485414,0.0868385612481116,-0.175136678319618,1.94953647979601,0.471775435508326,0.0791056602671627,-9.31645645328677,0.727692920202373,0.0414265605126218,0.216098144531896,-0.0159724985815967,0.075428565006046,-0.0216169891844652,-0.00847884948872885,0.238824992664914,0.283245735559409,0.205055615689577,0.237690783359229,0.029292981261506,0.118707662308054,-0.0243008508229523,-0.0544308660233218,0.0183825125282018,-0.0191326057246271,0.118823335134965,-0.015820525907575,-0.0827210011412324,-0.0347105499486713,0.0724051363304523,-0.0665765857408161,-0.0178362844570046,0,0,0,0,0.00748991824531725,0.00123418191055284,-0.0124687866956787,-0.00813248333937123,0.02669948258778,0.214377136694222,0.757190193838733,1.33054734777851,1.7832905331397,2.51170198270274,1.88876964247665,1.41294305729193,2.04335985356782,1.99732815280406,-3.12656064701537,2.79733444548373,1.12810387582676,2.24706019792822,-2.57068422979368,2.68399140026662,3.12418861877341,0.0717638215988022,-0.544510647122558,-0.537625576260378,-0.608611703023729,-0.589969769866909,-0.561649426571429,-0.503296419742736,-0.438898298846606,-0.348812461083612,-0.308440279612773,-0.305017013194262,-0.363148746585343,-0.322392448866548
92,0,0.00766064575919848,0.0621381479688528,0,0.694671530205251,0.0853753829083768,-0.173176015166978,2.49551337027873,0.458223582145531,0.0772246215608048,-9.39685247404413,0.755801914386948,-0.123730339402631,0.050168232833943,-0.0558520701608098,0.0802119761209913,-0.0114761765731242,-0.065018151382086,0.205889433445214,0.268128121966577,0.0842929570478184,0.11393810714333,-0.015069822208276,0.15876991623466,0.0633422355656308,-0.033443146466792,0.00648319489084504,0.0544249778885034,0.205621401761656,0.113403718896324,-0.039664847942171,-0.0799372753963859,0.0585110051353251,-0.0612233595857285,-0.0915590347861526,0,0,0,0,0.00952960537651077,0.00503534502987832,-0.00734189564096119,0.000461334022815705,0.0405329595857812,0.242815524151249,0.820515251196375,1.40130543093674,1.7982513755897,2.28446857624509,1.85140041443065,1.41711413799329,2.04526768731978,1.97351144396542,3.11380620042064,2.80173256860473,1.12744849158014,2.17090973949415,-2.62029236236642,2.61142223874341,3.13658541730327,0.0751962964483548,-0.52909715762182,-0.510059417653192,-0.587278160569638,-0.566317339792063,-0.540150974148024,-0.479841411546496,-0.418009537174929,-0.352396417759638,-0.305019150128023,-0.299994766169068,-0.363598096053375,-0.327643142919815
92,0,0.00748936245547129,0.060748809836514,0,0.679139466925089,0.083912204568642,-0.17006464602724,2.15666558755449,0.524059468470493,0.0785935756441597,-9.37710642011238,0.817977479338145,-0.155817605018587,-0.0361556824795933,-0.112578626326868,0.0434246977346058,-0.0227054794992733,-0.149205567914718,0.151099216762836,0.269558113521304,0.00552614494169234,0.0903647220356786,0.00933056608498042,0.170423510369139,0.0618354048989925,-0.029334423336483,-0.110155595741863,0.0110021573196191,0.226879864342534,0.14467445186413,0.0339338521485517,-0.0772716843052769,0.0538805028847014,-0.07768519048643,-0.164061113754826,0,0,0,0,0.0115706581086077,0.00884938377175455,-0.00202733899433338,0.00888747171426837,0.0534430291282673,0.268118708901146,0.869033749567514,1.45024933156291,1.80911116198251,2.06567487786429,1.82275769656341,1.41630857120451,2.04437817357353,1.94479563208555,3.06730121921241,2.80802906877619,1.12246417705708,2.11141660848148,-2.67748842867566,2.67541629810012,3.09935893632077,0.0752880720567444,-0.51929179614549,-0.480111729590818,-0.559451017028166,-0.545893333079533,-0.520308368818644,-0.455857306102775,-0.399403381150414,-0.358995718044458,-0.305451029967605,-0.300047135388591,-0.364465976472029,-0.334686245665119
91.5,0,0.00731807915174411,0.0593594717041752,0,0.663607403644927,0.0824490262289072,-0.168436341382472,1.39921692444184,0.591725676848317,0.0788122856927028,-9.06364939527975,0.955362520079791,-0.127691757393028,-0.0920095475262001,-0.0567697994443202,0.0316984161910162,-0.0258610529755858,-0.26382632527517,0.0980648779409929,0.191272647010444,-0.0806384664041876,0.0329124442985535,-0.14324148138052,0.102561950117029,-0.00677897952364985,0.0571845446596808,-0.0690640800541894,-0.0880710743475901,0.192717693431088,-0.0093280621354385,0.0201525520537699,-0.00744937220636104,0.104855664171962,-0.0544101728938957,-0.166619920948662,0,0,0,0,0.0136130607909699,0.012676252139512,0.00324606554752383,0.0164661629368322,0.0641221027216796,0.288241283873165,0.907016236076029,1.48870214352837,1.81966369003227,1.92479364415617,1.79050991437637,1.41520159910861,2.03050637195068,1.91282675814141,3.02072372594086,2.81365698102893,1.11720195886596,2.0726493260391,-2.75647985782935,2.80937646576004,3.03698580667276,0.0725943434667695,-0.512879389648724,-0.451301377723178,-0.530233484076701,-0.53159484383194,-0.50257789761427,-0.437388986490806,-0.389629117415346,-0.373114521973738,-0.312505381294329,-0.302130975957614,-0.361974602195864,-0.344519682126216
73,0,0.00714679584801692,0.0579701335718364,0,0.648075340364765,0.0809858478891725,-0.179044107586119,1.73801913527708,0.493828071008609,0.0761062636660761,-9.07511483000752,1.06958533169046,-0.336635614142418,-0.114753589208399,-0.0680734059524059,0.232307022250495,0.232708148875898,-0.0379441668337209,0.135975015486167,0.0916391887170007,0.0859637460140415,0.170336547614056,-0.163574553934551,0.0473955715635679,-0.0508583612457054,0.111448661306258,-0.169535706917825,-0.0844576210267044,0.124421944128624,-0.0232016874039559,-0.00627923544082874,-0.0477688689078719,0.141460508907989,-0.00458025515717377,-0.127505938646902,0,0,0,0,0.0156567977072012,0.0165159023234765,0.00814901020041264,0.0224041461404316,0.0711898257490274,0.301458176078109,0.93524046198679,1.51951520403839,1.8229149133046,1.83797578725763,1.76236105874099,1.40646308569419,2.01124182377482,1.88786307157895,2.975754415682,2.81329274107226,1.11943697213937,2.05903210177357,-2.86104845912231,2.66637220151249,2.97420778686997,0.0696528870080833,-0.506927868844666,-0.427218076596228,-0.503585797652065,-0.518543374440473,-0.481673710688994,-0.424371800562769,-0.384156412714962,-0.389186953678357,-0.322867224999076,-0.308230005331782,-0.36220399371008,-0.358548690689986
55,0,0.00697551254428973,0.0565807954394976,0,0.632543277084603,0.0795226695494377,-0.192031387818328,1.81046127512431,0.470736458644125,0.0722374218744587,-9.59267441224946,1.53772832626451,0.0731019899729861,0.1211108928712,-0.00108396420514746,0.201906362869313,0.184211332736313,-0.0891802946305595,0.0832794981672643,0.0134593934250244,0.0209066398451402,0.0921077715306439,-0.150178295862984,0.0879467890451541,-0.143229288888097,0.0951475223104551,-0.0949348351338097,0.0384519243234243,0.146072884752526,-0.000290033498844975,0.0365840161642852,-0.0173204102090123,0.191987643405527,-0.0604863597676121,-0.118494492998546,0,0,0,0,0.017923400944637,0.0210725286929103,0.0140773627845339,0.0287423758768834,0.0751850828833374,0.30559550221763,0.949618284606126,1.53764466134192,1.82174249873646,1.7653524983869,1.73324773733051,1.4011611531702,1.99120233721388,1.86598734917181,2.92658581951747,2.81017518426904,1.11856559128258,2.04704215703011,-2.99324410190697,2.38775760289598,2.90815431398791,0.0669229830968011,-0.501256100052041,-0.407653576251969,-0.485392431654186,-0.508054299014666,-0.462287843889407,-0.408772132644815,-0.376961773016459,-0.402081996218194,-0.336740682276694,-0.315021317495076,-0.364913236596499,-0.372130511438777
96,0,0.00680422924056254,0.0551914573071588,0,0.617011213804441,0.0780594912097029,-0.19941544401897,0.974585427981197,0.532213150078395,0.076763317283854,-9.68950285312447,2.23641592114352,0.337435174693373,-0.0209844646484064,0.00358027893653553,0.15454246145091,0.0831886939232683,-0.140972188640972,-0.0301149078395563,0.00962037132902463,-0.0417625140885297,0.00998993625147242,-0.136933936433951,0.0521510133991661,-0.189810134338579,-0.0414840614850153,0.0194456794304711,0.131507047614189,0.0944417497966051,-0.00487381903839431,0.0733926922047292,0.0485145339119231,0.176053596821731,-0.0679232786297338,-0.0874071372267331,0,0,0,0,0.0208317093959054,0.02757889788184,0.0229562307537084,0.0378632683636157,0.077502930374626,0.299948305626792,0.952322528389078,1.54419082576181,1.82589028560918,1.71668924809581,1.69030997064683,1.4070160383277,1.96332724902591,1.84532841911952,2.86858417505944,2.80300245094583,1.11110937693255,2.03763065113532,3.10802473677916,2.23049543821058,2.85345575852814,0.0671573927317499,-0.499028679236213,-0.394341157447057,-0.472324531022217,-0.50000255508695,-0.44929228896835,-0.39533673377638,-0.37029452051538,-0.412011570379816,-0.354305141217965,-0.320445692342784,-0.372295083772442,-0.385044215439238
150.5,0,0.00663294593683535,0.05380211917482,0,0.601479150524278,0.0765963128699682,-0.244267001300966,0.90131540739816,0.567508101048927,0.0853240962191905,-9.67603621610284,2.70382168794283,0.374167162767253,-0.17674865664366,0.0296927204633254,0.110905987128952,0.0805968833621999,-0.149072813055571,-0.127684168894929,0.0822106003129973,-0.0673611976204331,-0.0464788393375963,-0.0779507334096734,0.0110033112295093,-0.217409276561918,-0.141987449996448,0.110352509228344,0.140904091229078,0.052611026151512,0.00511295573951874,0.083691890632466,0.106112643226003,0.169908719462259,-0.078550631021737,-0.0452492156242215,0,0,0,0,0.024164834317635,0.0353381937857949,0.0334505259053867,0.0479444496598928,0.078141069755019,0.287279070307488,0.949847846822236,1.54932246977783,1.83683690622018,1.68927893414387,1.63206357654652,1.41091550294737,1.93029423067669,1.82656720498044,2.80349065914918,2.79470780059958,1.10769309363543,2.01129007866497,2.909705557081,2.28048941229244,2.8030110152535,0.0678789116394129,-0.496955347313587,-0.387026699800124,-0.464361370968854,-0.4944658318134,-0.442162608924683,-0.384111358190292,-0.364844529085342,-0.415049601907201,-0.368537530092416,-0.329869650872077,-0.382772082986488,-0.396249811254361
107,0,0.00646166263310817,0.0524127810424812,0,0.585947087244116,0.0751331345302334,-0.350985865831037,0.937534773750359,0.574620399834612,0.0833216510713264,-9.70776741393532,2.67122966429411,0.558743680365227,0.0586743813527255,0.0581892216735356,0.0504181077548719,0.172678081124416,-0.144199102955021,-0.23738645427317,-0.00319906694746828,-0.091464430015307,-0.0511066849843913,-0.0528894785700188,0.0739639198362244,-0.229953301646541,-0.0923512876404372,0.052439835407608,0.147241314858859,0.0312015861815589,-0.013176244176429,-0.0191791373864783,0.0483440158827784,0.157084517785073,-0.0138088119243953,-0.0403595356858829,0,0,0,0,0.0274988407869598,0.0430985922732855,0.0437639120797631,0.0574768877314422,0.0777669656790911,0.271764480619971,0.945510297670213,1.55944835062076,1.8556934236158,1.67032988402517,1.56735823818204,1.41117945078971,1.89439545798063,1.80715962312115,2.7354329266173,2.78786643866027,1.10017818027711,1.96694755598673,2.76895791094367,2.48682052001393,2.80811042851539,0.0646843528175553,-0.495662741628031,-0.383307850450223,-0.458171029771369,-0.491747122564858,-0.433955721206004,-0.371481815332924,-0.361633462289422,-0.414845389715164,-0.37632775377509,-0.340377310765221,-0.387668545275219,-0.401525383569537
50,0,0.00629037932938098,0.0510234429101424,0,0.570415023963954,0.0736699561904986,-0.416802522353669,0.870549895110161,0.637875789733584,0.0729044545182901,-9.58631590756136,2.77785938727196,0.710480556517649,0.331357488678161,-0.0260159691616941,-0.0646009421170975,0.240661142452242,-0.156715026677288,-0.362102817426694,-0.0237456814185156,-0.00724287099575835,0.0260834085270577,-0.152856958276375,0.0512115862366532,-0.181074784941502,-0.106867613624503,0.0308121278176688,0.172943246534978,-0.0489527906699608,-0.0156100824454854,0.0118928278999512,0.123710280459922,0.0833548962425879,-0.0341676787450649,-0.0673096719981108,0,0,0,0,0.0301227432922262,0.0493610826407757,0.0520934371990879,0.0649649950024523,0.0778097351062995,0.258017599586618,0.938075697565259,1.5694933376523,1.87839429435523,1.65233605127523,1.51753795156412,1.41673826515571,1.86196903700757,1.7794282056349,2.66560758820132,2.77806222368699,1.08901693815374,1.92145596024995,2.68645402562443,2.69277846140089,2.83251829906481,0.0572951637307539,-0.500762040635407,-0.378371585680433,-0.447687422493931,-0.489543397221733,-0.425007301143806,-0.366955141138425,-0.365110302318523,-0.414795876576913,-0.380096122342549,-0.347174122546351,-0.388933724432214,-0.40146453058
51,0,0.00611909602565379,0.0496341047778036,0,0.554882960683792,0.0722067778507638,-0.431170988766186,0.903201179089264,0.712322493168788,0.117852186987081,-9.52603979182044,2.9402968308283,0.666929324485772,0.359834473957422,-0.123180357260214,-0.0432009379444818,0.153598585384694,-0.333035157220636,-0.445926829124665,-0.0344425814927875,0.0496985575215701,0.124366102611114,-0.174086828944195,-0.0702504330370689,-0.0808684879647077,-0.120399603017315,0.030495900026635,0.144966791346072,-0.00689623988739912,-0.0304782551250227,0.023613732258937,0.223586270675091,0.0723844589888742,-0.0980460139594503,-0.132071533933643,0,0,0,0,0.0311843979440396,0.0524286054352168,0.0564563928518383,0.068866401160197,0.0779525055375725,0.245662521460749,0.924657417565324,1.57347884860922,1.89836965162537,1.64637336776376,1.47846110532342,1.4174140379892,1.83426742010743,1.74788878862065,2.59294759000716,2.7618475724039,1.07663269464613,1.8674069145674,2.60959968542936,2.85858059113374,2.75442653005885,0.0493616852752492,-0.507893700515992,-0.374888984908732,-0.443515460524586,-0.489075765492874,-0.417161275756645,-0.373918511442089,-0.378728553592346,-0.41375080253912,-0.382815826129563,-0.35125580665941,-0.387879274775583,-0.395846005426158
76.5,0,0.0059478127219266,0.0482447666454648,0,0.53935089740363,0.0707435995110291,-0.465547357023555,0.764142044119508,0.671674677090595,0.259345852959674,-9.83042796932024,2.67931204046967,0.788308321011135,0.319510963765999,-0.0123021931670322,-0.0700506968909146,0.148320654910447,-0.169282258592298,-0.431883806034051,-0.122785214808432,0.0116980627103893,0.135184235909484,-0.215162471826383,-0.0483942877421496,-0.105548929903177,-0.0767586873865071,0.0247071333541168,0.104687021075188,0.0482617659493883,-0.00216369079391858,0.083466971110786,0.188763340875428,0.0456673702450505,-0.0326268360676475,-0.132895476891726,0,0,0,0,0.0309827712723959,0.0527660950624822,0.057197568403854,0.0691252759574945,0.0762534662825299,0.232483454448498,0.907055947965124,1.57125275634157,1.91611002103801,1.64736454997107,1.4322389450492,1.4046869709019,1.80156468429901,1.71432424456509,2.51369966448233,2.74406998539288,1.04315436049665,1.81649901689785,2.53458891380106,2.99409450343121,2.62873458104323,0.0431825574832199,-0.514980658691448,-0.379487769806867,-0.45043864231332,-0.490204841970726,-0.409443571599662,-0.389437357375736,-0.397812278015485,-0.409460255426444,-0.384015926448626,-0.354562807983567,-0.38508550280473,-0.38626412822261
101,0,0.00577652941819941,0.046855428513126,0,0.523818834123468,0.0692804211712943,-0.501216805444427,1.30763176664074,0.604666031965518,0.38289513513006,-9.73911333564904,2.64085464896692,0.800403956314889,0.277809901245758,0.0235802761710929,-0.0711599301692312,0.217268978958936,-0.026043066856114,-0.454766493206705,-0.125548882620173,0.105075762092472,0.0899975887479697,-0.233457883441049,-0.0155026340822734,-0.158456130374384,-0.111233821072321,0.0136270549866441,0.130682703323273,-0.00181386140627679,-0.0496585723167051,0.122097491427407,0.189596936606474,0.0206025280120649,-0.017089932778001,-0.0929098014553345,0,0,0,0,0.0303627702245672,0.0516197006881206,0.0554326508847692,0.0662541820735754,0.0726439541165219,0.220763089839197,0.894855203513043,1.56988514090458,1.93327915745607,1.64104111015427,1.37098187982943,1.37202050688898,1.76923166532904,1.68824572071125,2.4217593040742,2.72480203769399,0.978313979014304,1.76191558042347,2.43070403628002,3.0812160238248,2.56933336847383,0.0377687593962095,-0.523248605049659,-0.392177253313452,-0.464299658945023,-0.492276259064571,-0.406042800670581,-0.406507365820693,-0.412762674691664,-0.396528135302078,-0.380261231964452,-0.359674201614817,-0.385749788778587,-0.376000662971915
100.5,0,0.00560524611447223,0.0454660903807872,0,0.508286770843306,0.0678172428315595,-0.51726414465182,1.30691397036883,0.603124822118055,0.416519677878925,-9.22573214865898,2.99864496454168,0.691161046163802,0.0424538501400532,-0.0726323865773231,0.136418223962757,0.271318266038485,-0.108692561518429,-0.537251426029339,0.0148565860829504,0.214649055591517,0.0773970223873269,-0.155020641581778,0.0191725035903389,-0.0330200050765977,-0.173092397179999,0.0677530173656463,0.114270560878762,-0.0348399915996198,-0.0663605612564095,0.0611710620080275,0.0681342163031457,-0.00819479519364391,0.0242521093414236,-0.0601878955154237,0,0,0,0,0.0296352113359405,0.0497774749257588,0.0524125799576084,0.0623186217560702,0.0703186694512077,0.215327355472264,0.888505315232465,1.56705077467252,1.94490254362518,1.62933668679158,1.30420765169951,1.32552310765829,1.73503514889934,1.67284498467602,2.31655113643065,2.66335433875318,0.91341370059506,1.69647144011862,2.25987744543674,-3.07197760751895,2.52819207408194,0.0331727477132131,-0.536450431797295,-0.413048935325073,-0.479793353310132,-0.497457062006727,-0.409202526412038,-0.422618247697988,-0.422384415712067,-0.379109620324518,-0.372106427452749,-0.359344478175031,-0.385462958282833,-0.364167789172661
99.5,0,0.00543396281074504,0.0440767522484484,0,0.492754707563144,0.0663540644918247,-0.518964743661926,0.804232857854388,0.544475702321381,0.4430951610948,-8.92612592100318,3.02976325706673,0.554307325478185,0.0493470208172977,0.106424116617542,0.219732893995602,0.308233112243902,-0.169751268699219,-0.414860417072951,0.0623646075319413,0.203445587550423,-0.0351250144218997,-0.219444983187464,0.193898910684229,0.0303454349395438,-0.181614952172883,0.0692984111055713,0.0278735821105268,0.0271500580994125,0.00949098009912816,-0.0916840475961985,0.0535788721439879,0.000351617759073321,0.0115192879984582,-0.00604282736515634,0,0,0,0,0.0287974774132109,0.0476801765475865,0.0489978648951507,0.0582143332218017,0.0690290543864047,0.212980370897621,0.876898455977334,1.55297602248763,1.94459127952604,1.60705809350147,1.23189074621517,1.2779597364076,1.69024385280198,1.65542188228059,2.19154210474503,2.52307239701993,0.869855362892671,1.6264925435148,2.09179135492932,-2.8867661227336,2.46824196422719,0.0298951468338342,-0.553911122913031,-0.437281880889148,-0.493126287457372,-0.504551644048898,-0.417132911334407,-0.440971685860552,-0.430216520486917,-0.363683859074855,-0.361899579314374,-0.353569365985283,-0.38441955039794,-0.355774861962471
99,0,0.00526267950701785,0.0426874141161096,0,0.477222644282982,0.06489088615209,-0.514949772061337,1.15411007670161,0.564408868486447,0.525185412646488,-9.39774173067161,2.74292908547288,0.583241479278891,0.0507212684339356,0.242300183474774,0.195435411758812,0.287048943302038,-0.158759079331821,-0.247669197438695,0.102290132145325,0.107064529940464,-0.0521162801041795,-0.163246120127612,0.230557986743866,-0.12431035837093,-0.250991921661729,0.0964374325147291,0.0709048549557297,0.0611941506089717,-0.0475679026619094,-0.0302979740558003,0.136869872915868,-0.0224506144510498,-0.0228596512422415,0.0031723957949632,0,0,0,0,0.0276089182885597,0.0448239174137259,0.0449543381856274,0.0533425851015891,0.0657383732970541,0.205491266056363,0.854532163022502,1.53274186693033,1.93418942204386,1.58214944400192,1.15486370098423,1.23762099975116,1.643797546125,1.63713740392379,2.05217176288913,2.36894722774806,0.820302889497782,1.5528697377718,1.97422421881928,-2.73291329001659,2.418441314814,0.0230418608009576,-0.573182705751235,-0.458851352475908,-0.50812827638227,-0.510088873702225,-0.425018053714559,-0.45812221925359,-0.436512319179713,-0.351248219719697,-0.353019555539931,-0.346962352384549,-0.380718009389853,-0.348253062899534
146.5,0,0.00509139620329066,0.0412980759837708,0,0.461690581002819,0.0634277078123552,-0.498682856690187,1.15444668480716,0.587466153041305,0.582467618980996,-9.05015291140388,3.07322775681465,0.623592297848694,0.00452149740258515,0.0670271210343051,0.0734536252195288,0.336157850991976,-0.288833573317872,-0.27960211806495,0.186803056958837,-0.022026909199484,-0.0842667188713852,-0.102399207802436,0.292440372652891,-0.0673797267535532,-0.269422084552652,0.0546275957118105,0.164691002961896,-0.0138705810045668,-0.103707810900759,0.0310793646648252,0.129613277966747,-0.0796554687896663,0.00350994766798845,-0.00655759509185634,0,0,0,0,0.0260607970202871,0.0411900408641932,0.0398694776711875,0.0470345789682949,0.0602840506599478,0.196266315568193,0.829503102943182,1.51181123636428,1.91630954268672,1.55810631970286,1.07535137404588,1.19779251980233,1.60076684546411,1.61806021657557,1.91640185779271,2.23984944465381,0.766447834083538,1.47311487441889,1.87071619786996,-2.65868320003376,2.37188723623342,0.0122898913016795,-0.593965922417493,-0.477057782125447,-0.525848971040717,-0.515961974434949,-0.435122163854682,-0.478823457350196,-0.447932809548039,-0.346907930128911,-0.347911861240784,-0.338810607115895,-0.371035167764581,-0.33504620637467
194,0,0.00492011289956347,0.039908737851432,0,0.446158517722657,0.0619645294726204,-0.492123244519079,1.2324159216043,0.491780509042356,0.595533738615471,-9.21540810674716,2.95437868903102,0.492075192685129,0.0527046833749555,-0.0221880297537709,-0.10644318430335,0.198496749003263,-0.265051758961029,-0.310862409896797,0.0467821035490319,0.0305690722733046,-0.0417634746686862,-0.0779488936884331,0.23511387922504,-0.088837425332575,-0.166660999232339,0.05356026858805,0.132778022859414,0.00742691585073973,-0.0996894452024542,0.0344217146690133,0.214456473360613,-0.028166364091719,-0.130776602185354,-0.0111754248760587,0,0,0,0,0.0245141187830368,0.0375738799725816,0.0344975621864297,0.0402162006583291,0.054535675677438,0.189507902437266,0.807380956113398,1.48847973331076,1.89326256890408,1.51534524733768,0.973687088632109,1.14268949290324,1.55880754550272,1.59975728959144,1.78668734489162,2.14045742439614,0.719987254493896,1.37496586658868,1.73509041132183,-2.65586903519229,2.33708405177738,0.000792650410982861,-0.619667490976404,-0.501398182011297,-0.550799985975091,-0.529396053241897,-0.456874511037473,-0.505540555542529,-0.46533826500076,-0.354621510869027,-0.347112112833228,-0.334010440781775,-0.361327872748748,-0.320163942312371
154.5,0,0.00474882959583629,0.0385193997190932,0,0.430626454442495,0.0605013511328856,-0.48817227043134,1.9586555083328,0.420399953065378,0.633742241061243,-9.36103563092158,2.53632725264455,0.439935963647074,0.139192478275116,0.201428232227513,-0.166231318391604,0.0675908396284541,-0.133188471777579,-0.272088948900751,-0.0274429100274909,0.129745305925974,-0.0156911064663986,-0.111369373185694,0.195920075633716,-0.0844069830713694,-0.114229808466264,0.0785133015520625,0.0615563956165381,0.0336439970041008,-0.138141866415504,-0.027896907120178,0.241362813122343,0.0181332205293088,-0.128810993582384,-0.0670398314028629,0,0,0,0,0.0229688889497294,0.0339753993900497,0.0291038651234259,0.0332324422228189,0.0484721642447432,0.183312597722914,0.787882959446295,1.46822557048096,1.87570119406629,1.47415544425885,0.873764563262164,1.08446584071274,1.52609831120246,1.59459513997731,1.66984060752117,2.0870372088814,0.685428885329649,1.27930269186182,1.61228750646904,-2.68667506363867,2.33902331227646,-0.014443855804515,-0.65739804256336,-0.547326873776742,-0.593873248151182,-0.556661938744947,-0.493218744162081,-0.54065323563177,-0.488103191712662,-0.376172724066596,-0.358536843801299,-0.339910711978106,-0.355611373343995,-0.309313078644154
154.5,0,0.0045775462921091,0.0371300615867544,0,0.415094391162333,0.0590381727931509,-0.477147312563153,2.45754053760303,0.477542027450621,0.638564276764849,-9.5667610743853,2.6021410080447,0.594726594327554,0.165679465208308,0.270280209072995,-0.157309380343701,-0.014910320843648,-0.134641351364668,-0.328185698152328,0.0916551940932866,0.216980971619478,-0.0511989275056629,-0.24764733717438,0.0947083162500943,0.0121570660423408,-0.038594818762047,-0.0795138913592714,0.0618377748139059,0.0499815534844895,-0.0469827311026875,0.0387813940421317,0.149954139999939,0.0566181682920883,-0.109948877198179,-0.120915684027141,0,0,0,0,0.0214251128555608,0.0303945622810131,0.0237873635880924,0.0265407485580578,0.04339871832463,0.180243792550858,0.776873194528704,1.45486356527179,1.87032200213152,1.44849214371191,0.779700474071767,1.03948521423514,1.50313550041696,1.60196472126789,1.57262132093825,2.05650404975023,0.667619553338408,1.21252181629638,1.55359055516274,-2.7077132101432,2.38939266820504,-0.0519267410540129,-0.745601836800398,-0.643867980190616,-0.677108818763878,-0.62208530645036,-0.566578513153324,-0.609572536373337,-0.538018962290294,-0.431054637489549,-0.402074271292767,-0.37567429449271,-0.371805951658279,-0.314638849313342
151.5,0,0.00440626298838191,0.0357407234544156,0,0.399562327882171,0.0575749944534161,-0.475559922310388,1.98449338006005,0.544324586232869,0.587119535082648,-9.66700308697823,2.88328207154232,0.674087966141766,0.141867357029889,0.136090523094249,-0.16770495445376,0.0816014592942051,-0.0495145176003009,-0.450978979445181,0.171487961190556,0.341934793954577,-0.0597258798902468,-0.329566661757972,0.0466716856807593,-0.00700990988005652,0.0522164048336645,-0.140907251419038,0.00714549537002799,0.0218859485422152,0.0711059978689507,0.0967278368103837,0.0416906172900563,-0.0504952548113224,0.0189851017687293,-0.045730311957267,0,0,0,0,0.0198827957979757,0.0268313303603483,0.0186952330702871,0.0206355357327221,0.0402620884772731,0.181146034036302,0.772899872443777,1.44081466075652,1.86599720548332,1.43122248460377,0.668617485148075,1.00128893411443,1.48560032116808,1.62341538845268,1.49112782911417,2.05102019671568,0.665112199086399,1.16383902359783,1.53471179300871,-2.71901597441918,2.49884221502125,-0.0762465547172034,-0.815582260529742,-0.715917415184784,-0.729240893256178,-0.661066398179648,-0.617446206752325,-0.654737171950727,-0.566680693597854,-0.475247597319582,-0.438224613776165,-0.410414272867755,-0.392214089894517,-0.325311602141432
147,0,0.00423497968465472,0.0343513853220768,0,0.384030264602009,0.0561118161136813,-0.474266986189015,1.46762659549665,0.495608891236113,0.496011983057464,-9.45662739536423,3.07969065925637,0.69316422370471,0.213118563036829,0.0329068003887207,-0.0894937526402213,0.160196374636775,-0.287914003521498,-0.57582195715237,0.222266551172385,0.284247916048509,0.00387360572640438,-0.328459326915272,0.00849166416952063,0.0679380292113417,0.0768711543474626,-0.161329098933098,-0.0309083273141399,-0.0546713631990487,0.186137304114274,0.0930142453985925,0.0268033326847206,-0.0421329944486593,0.040098243128132,-0.0819376177224743,0,0,0,0,0.0183419430366453,0.023285663930239,0.0136545020405934,0.0147868965857038,0.0365889548235358,0.179420838744021,0.763064698656959,1.41494425419783,1.84528601941555,1.41237007727982,0.514098067604484,0.960649272939762,1.47534564399349,1.65440573936177,1.41363222634553,2.05476362436864,0.666253075238715,1.13633018997618,1.52310845189451,-2.73606686655813,2.67691595522258,-0.0706622849366164,-0.822699968450337,-0.71905081365255,-0.71763334289505,-0.644782377750689,-0.616477591282775,-0.648732227159126,-0.547593078704346,-0.481302350062046,-0.446775748791894,-0.417518273359411,-0.396931314028938,-0.330143212875466
133.5,0,0.00406369638092753,0.032962047189738,0,0.368498201321847,0.0546486377739466,-0.485999017489228,1.08280569656863,0.588832591463751,0.433040249073538,-9.51728654527599,2.9799652509293,0.768494830008884,0.26562598645122,0.0596737835311459,-0.00767201725523691,-0.013765916609086,-0.437700255623453,-0.426551687740912,0.241962150556773,0.257797394976038,-0.00660678487897084,-0.309595631724968,0.0419283460432063,0.0736254874797447,0.0538368451127693,-0.217089204461411,-0.0156248583441272,-0.0302043107150025,0.248671408007657,-0.0126869549433406,0.0266840680062485,-0.0504444814370979,-0.00913818810722494,-0.0227325314756167,0,0,0,0,0.0168025597934462,0.0197575219166492,0.00866464850774078,0.00899409961460089,0.0323048423180517,0.174249030960923,0.745121323556527,1.37994199245391,1.80855583396137,1.38308718520911,0.315526243195617,0.92626483353459,1.47444437952818,1.68582010042208,1.33892894543276,2.04850203527536,0.676239012983268,1.13663465804387,1.50903801770311,-2.76165764497936,2.9169505253709,-0.0704981417196526,-0.828734899699968,-0.714918839857652,-0.705482700572751,-0.629802811147636,-0.616634837419275,-0.641884227845234,-0.527082250288754,-0.489619958793587,-0.463092281526589,-0.425959027604146,-0.398609600074129,-0.336625666411505
98,0,0.00389241307720035,0.0315727090573992,0,0.352966138041684,0.0531854594342118,-0.49826453538343,1.09206945762065,0.643430115794569,0.503805011907972,-9.73433694708934,2.84571736124472,0.792795531098355,0.304474594061217,0.0324021448180584,-0.0581156955393261,-0.0160687813115359,-0.361049417737117,-0.374593537269081,0.22592521724095,0.338227395238357,-0.108766017306638,-0.375851520464267,0.153168179292808,0.0299651824678028,0.0320160118900504,-0.182186498117292,-0.0652802969931481,0.0469992211650043,0.256218019358585,-0.097655198393569,0.0396923760007413,-0.0214834811981933,0.00289436407610243,0.00645983827003223,0,0,0,0,0.0152646512524416,0.016246861905417,0.00418359275676005,0.00433866057744788,0.0297710427590764,0.168923649551926,0.719089566664183,1.3392749238856,1.7646970803697,1.34321281305144,0.172396214678075,0.887782132778819,1.47495592034605,1.71525280104758,1.27421625828435,2.06880505211399,0.695890957891872,1.14883700459937,1.49659687412841,-2.78996559983714,-3.09942750152743,-0.0730859913117285,-0.837014027375803,-0.71069886610596,-0.698523327264735,-0.615483519206413,-0.615886389194385,-0.638515833898497,-0.510833881469859,-0.499199886598422,-0.479883580953479,-0.436167867699687,-0.394636168763603,-0.335949393456265
114.5,0,0.00372112977347316,0.0301833709250604,0,0.337434074761522,0.051722281094477,-0.497505085856045,1.19505317119537,0.514171442336388,0.590539774632386,-9.78494355856611,2.76567222229264,0.88545546061944,0.424608120282221,0.077101615648074,0.00673495980975784,0.0839382888459224,-0.159959093684247,-0.394258793090852,0.293099010370181,0.321807630843843,-0.151817420457774,-0.392595502759213,0.247889214197337,0.157619340286299,-0.0463352010634413,-0.252086454584358,-0.0479210811199213,0.0819968962760516,0.197002827092934,-0.106810603124737,0.0399477519806255,0.0252686151959377,-0.0246463383150646,0.00774223051382135,0,0,0,0,0.0137282225598634,0.0127536401779564,-0.000112649616120791,0.000135289697911567,0.0272275275685757,0.160755000380003,0.68142489713868,1.28958206732401,1.71805775260931,1.29745162879721,0.0951135564868312,0.828751348533737,1.47551271350294,1.74821747832591,1.22055615319544,2.20975919487299,0.706580791773457,1.16143575112906,1.46764571064591,-2.81923452070189,-2.91850819746129,-0.0753472464833293,-0.846232171460004,-0.709984062083798,-0.693143701643487,-0.606444011687073,-0.616361870062036,-0.638826917853139,-0.501484629285224,-0.509586030484136,-0.491194805609282,-0.442258701412283,-0.389892256717845,-0.326639213262365
126.5,0,0.00354984646974597,0.0287940327927216,0,0.32190201148136,0.0502591027547422,-0.497505085856045,0.881016729715198,0.410190365631797,0.582817412839256,-9.50774351430525,2.80396671334605,0.708114104050821,0.656214696436367,0.117699655760966,-0.0835208949810677,0.028539954222815,-0.217531849608461,-0.43081215761172,0.253684671608926,0.366019041125482,-0.0610257047121253,-0.474093253745204,0.196454951721438,0.255950335637702,-0.104777775719651,-0.275885455190498,0.0779864449506554,0.101182067674778,0.171734841930875,-0.168548037152513,-0.0656908377924887,0.0326076936832867,0.0609394027748289,-0.00689892809768802,0,0,0,0,0.0121932788240982,0.00927781174656376,-0.0047198705902373,-0.0050896182772479,0.0226350907854734,0.150180755271545,0.638083857238642,1.23081987825139,1.65788445781623,1.24051196754631,0.015557468702895,0.759970802514259,1.47867298498937,1.78348923357785,1.16534660208169,2.39280776790755,0.692708991798285,1.17024064942256,1.42913092166547,-2.84741368775971,-2.75665655134058,-0.0768778543458153,-0.854908445094486,-0.715278799260847,-0.689129676794359,-0.602922387643308,-0.615943367299616,-0.632883718696892,-0.489480518406836,-0.516379111838635,-0.500190075616177,-0.44504342598127,-0.388451514934943,-0.31709926078333
111.5,0,0.00337856316601878,0.0274046946603828,0,0.306369948201198,0.0487959244150075,-0.495874212537566,1.51247221056311,0.566337594027648,0.505719219973664,-9.54919499287558,2.63256624126558,0.606740368514351,0.858620572476368,0.176927377755175,-0.224900183092777,0.0331496276412306,-0.364741532339585,-0.404071081278702,0.167229714619954,0.253468060311732,-0.0691939074155456,-0.309357227883011,0.194265964458044,0.146355859926423,-0.0362065487545983,-0.286331615169796,-0.000530330942283871,0.129167966873821,0.219712191283458,-0.160343948301217,-0.0761371650399086,0.0421075549048572,0.0415025895226775,0.00813377300311611,0,0,0,0,0.0106598251156739,0.00581933038931888,-0.00929170173698994,-0.010564768560903,0.0180417314665837,0.140671419749518,0.593013149976649,1.16641806941166,1.58440453814801,1.17265002167624,-0.0555437053797581,0.701811981545155,1.48132631557577,1.80883540968752,1.10779658433863,2.52449296722792,0.662546236150349,1.17479175726827,1.38866482295408,-2.87251911731405,-2.54256601409168,-0.0821768012972,-0.866910379743219,-0.725000256442403,-0.68666957846332,-0.600125156753992,-0.612209975174246,-0.623190692100939,-0.474615891614557,-0.512490985828714,-0.508586874038898,-0.448636722794373,-0.387985243365142,-0.31021713569352
124,0,0.00320727986229159,0.026015356528044,0,0.290837884921036,0.0473327460752727,-0.487926077041424,1.78033054025274,0.638289208822197,0.511124546081464,-9.52141272810523,2.43088288780706,0.560619165267016,0.97828075198195,0.194311717155863,-0.338571463765049,0.0634854552611242,-0.358471985251156,-0.217641172167772,0.122627716222892,0.027013848885638,-0.0624001558369124,-0.0579611144520899,0.0756644497257715,0.0649490244527367,0.0274648453068343,-0.278217736329182,0.0119413969800856,0.178036151492167,0.0866666939708206,-0.0883600321446552,-0.0358408574913538,0.0435209697672916,-0.00653108845123249,0.00762060977958087,0,0,0,0,0.00912786646724962,0.00237814868457334,-0.0141946814798041,-0.0167176557729458,0.012450243261799,0.129824237083584,0.544868850177118,1.09789467717125,1.5060071854136,1.10095070451856,-0.123013061229344,0.638661044381858,1.48326899198644,1.82890055060255,1.05579761800723,2.67376589730594,0.623044413794843,1.17156585912078,1.35461840183383,-2.90285662773578,-2.37030995864733,-0.0918709059677022,-0.884071272449226,-0.736430539364119,-0.682346858745476,-0.599886914592309,-0.609553984130349,-0.615832857320075,-0.465710929068416,-0.504320455477751,-0.514731660170046,-0.451999475016122,-0.385149735477663,-0.301784446181438
152.5,0,0.00303599655856441,0.0246260183957052,0,0.275305821640874,0.0458695677355379,-0.48160881486376,1.90441300233346,0.480332905696891,0.590653567439677,-9.65316024463875,2.25203613908185,0.613628893060247,0.981577278249446,0.253991339842393,-0.148368404370432,0.0810681171768102,-0.124985265359103,-0.017455806432802,-0.0270761139539684,0.00744491657318811,0.0384677680592051,-0.101234115125871,-0.0623664721545487,0.0307746936212315,0.0430931158194562,-0.168608594334508,0.0444083036871141,0.200018871216729,-0.0531148361415493,-0.0552402332484285,0.0717489476927381,-0.0644729639923995,0.0225063949538341,-0.0623804874289723,0,0,0,0,0.00759740787360549,-0.00104578195498202,-0.01943011866549,-0.0235095043969584,0.00600155562424955,0.118620314746748,0.496309050283473,1.02535606924688,1.42924286084149,1.03414232724565,-0.19941784245543,0.557397382406315,1.48576599865798,1.8477289679736,1.00727726074065,2.90109994396006,0.573851071343614,1.15977183963081,1.32411024891005,-2.93273722161208,-2.24477064656878,-0.0839595078058436,-0.857478686184085,-0.706851951395601,-0.649000487137874,-0.574818172724179,-0.585377468246244,-0.584927534847151,-0.437342277413351,-0.479397787673417,-0.505407701446185,-0.441723613384751,-0.371158849730006,-0.289429635725941
142.5,0,0.00286471325483722,0.0232366802633664,0,0.259773758360712,0.0444063893958031,-0.477854800387382,2.49650100645111,0.415118064049749,0.589385104893788,-10.0236689348994,2.21745506250675,0.908307812747933,0.912080969173356,0.266621864848792,0.105276046584227,0.000556803590204241,0.0859814377847619,0.101763095644517,-0.214565587894828,0.0689573840548103,0.0578890435480626,-0.171403435490132,-0.0191972180239576,-0.0424336500755828,0.0770856047069422,-0.101820847733992,-0.0330717734967911,0.174883620232122,-0.0619211100758149,0.0352170681235517,0.0724107620752777,-0.163733224746955,0.0486487288695855,-0.0340429712931379,0,0,0,0,0.00606845429163683,-0.00445251124867123,-0.0245729737923127,-0.0299141830945113,0.000427231721878319,0.109354445342633,0.451589569996395,0.953182521078687,1.36904998671269,0.99599281322729,-0.259321854483693,0.491611045952721,1.49634373199442,1.86681099834803,0.96893382659602,-3.02247930177831,0.537216684799934,1.15062168680175,1.30017717916813,-2.93825527338517,-2.13822021397277,-0.0615784698974181,-0.791596393184499,-0.642115298119311,-0.591959002486462,-0.529382150521913,-0.543672364967454,-0.533837822709966,-0.393246290549428,-0.440473133020924,-0.480688940373435,-0.420307218739192,-0.34655780869384,-0.273085705983519
143,0,0.00269342995111003,0.0218473421310276,0,0.24424169508055,0.0429432110560684,-0.462457825328841,2.49224409497149,0.427365584650327,0.500036166389563,-10.1080776685661,2.24308438066262,0.929195178011034,0.779275275133476,0.247595498293989,0.114453422897453,-0.23538764630587,0.00559217125192503,0.0721820351330581,-0.342510751426367,0.0241073224586859,0.122857355784072,-0.228031362386658,0.0787193160666595,0.0518449120054952,0.0330483743445127,-0.128935444963451,-0.0606858132121131,0.191713719401933,-0.0348284413077446,0.0234688204263165,0.0405515133491213,-0.173720174199982,0.0462377043910217,0.057486804877007,0,0,0,0,0.00443128145001929,-0.00817600244332485,-0.0301845120755188,-0.0367908941383789,-0.0045149139207408,0.102239205232337,0.408788460855854,0.879720406451005,1.27678454808037,0.965093525447495,-0.302361361235207,0.437434388646145,1.51417398281927,1.88396402843254,0.943684438025941,-2.57912649173646,0.553334929210728,1.1509953435133,1.29072263785036,-2.91803766715366,-2.0351653486108,-0.0487273812146779,-0.751093292696803,-0.607852199982451,-0.559473743796678,-0.511217056625984,-0.524587040830423,-0.503622874873681,-0.373302577404377,-0.421189567087923,-0.464100819261726,-0.406203096983144,-0.324902731880164,-0.257106603869667
151,0,0.00252214664738284,0.0204580039986888,0,0.228709631800387,0.0414800327163336,-0.450620252909282,2.20998562590404,0.39741986780715,0.429231426217292,-10.4289112945751,1.94857692696722,0.813327072420208,0.665584662441558,0.27491711677668,0.145564419230157,-0.136881499569528,0.0231081676080436,-0.101241689063056,-0.208558098869506,0.0793806506115823,0.167199002794214,-0.165357883022211,0.0918915918646998,0.156279399711869,-0.0185166123785445,-0.193576658709081,-0.10230996066547,0.147670229558373,0.0908682264435097,-0.0645170724538204,0.0713521911057959,-0.150283618290541,0.0343996646653245,0.0586474855310012,0,0,0,0,0.00247832312496395,-0.012805088877459,-0.0371362057019281,-0.0453505647023789,-0.0100208491189312,0.0957117934839457,0.363492217642081,0.799498588038871,0.867046045311623,0.786340517744342,-0.345268401386644,0.260744850284088,1.53474769349193,1.90450300135759,0.924094869398756,-2.29539100794313,0.610607094233632,1.15571271114352,1.29577743125416,-2.87860024692608,-1.94811002704211,-0.0380613193685071,-0.729275825560503,-0.602527175168223,-0.546049738558426,-0.512910776904667,-0.522236281850712,-0.492270158202833,-0.3723047215314,-0.418509018028106,-0.456551941667116,-0.399890378535346,-0.312221501188565,-0.245898668362302
159,0,0.00235086334365566,0.01906866586635,0,0.213177568520225,0.0400168543765988,-0.450425641071886,1.7387204528579,0.379960434173425,0.433633033325744,-10.9234250514104,1.62680763323666,0.822595020165956,0.633844272840699,0.287239312672184,0.214439503337098,0.0900102864591283,0.0166610161887446,-0.213137171512446,-0.0886057931052965,0.0630359631776612,0.0687842307918951,0.0313872190807017,0.0937564501681818,0.165889042791189,0.0131280912855303,-0.232922854412054,-0.0829592941588027,0.127966695793119,0.189424669676893,-0.0651594740672494,0.0195444263131897,-0.0991105874243794,0.0177699714715005,0.0337505241370181,0,0,0,0,0.000317071896739247,-0.0180106419792737,-0.0448821890254061,-0.0548878567930345,-0.0162874156554048,0.0890951616828336,0.317681218885604,0.717665237121639,0.152875016269484,-0.260809062365646,-0.384315066676137,0.614985194116652,1.55654279902698,1.93682214968686,0.895559211209505,-2.1457200461752,0.694909428231407,1.16739769221086,1.32385926987261,-2.84576420622781,-1.9028155171912,-0.0259094016274443,-0.707541826571832,-0.598074430847777,-0.533505852953079,-0.517376708003635,-0.522240795567245,-0.480496905778582,-0.378376747511796,-0.418582809102393,-0.450735966806229,-0.395572333815773,-0.305422096207546,-0.241448905670369
167,0,0.00217958003992847,0.0176793277340112,0,0.197645505240063,0.038553676036864,-0.471286085540222,1.22438587405941,0.443055488772948,0.441775550273578,-10.799475597518,1.17778960452751,0.71861723148364,0.746117945046435,0.0914960056450796,0.0828895842793444,0.105327701622565,-0.0813779657439185,-0.0694825239041342,-0.119284451211176,0.0606226687033124,0.0539617250370256,0.0852350706929608,0.168157166409621,0.105245941452285,0.0699594512280318,-0.160898967575719,-0.0476286660453365,0.23580428227378,0.202141224415927,-0.00308061927050432,-0.00581090321147411,0.0314964828866428,0.00347077120382136,0.00536857761927325,0,0,0,0,-0.001842313830026,-0.0231960428065932,-0.0525726945474372,-0.0645268541106872,-0.0230824949115991,0.081978541867333,0.273835503673689,0.643412708541002,-0.330344261726409,-1.38914926421081,-0.419158959239913,2.15786021576875,1.57802312506241,1.97152819142805,0.864605692932338,-1.96025291252427,0.780324555218975,1.18101425435236,1.36832015270059,-2.82560151897028,-1.87922014624004,-0.014077221502551,-0.683922243010683,-0.586180833693941,-0.525097670059317,-0.523470281071169,-0.520454745106962,-0.469527861445501,-0.387644029011093,-0.417042967511055,-0.44744753631981,-0.396036364794303,-0.304536192280285,-0.246564929632975
175.5,0,0.00200829673620128,0.0162899896016724,0,0.182113441959901,0.0370904976971293,-0.4944698347636,0.967028160661743,0.459003454028345,0.362326146973558,-10.4281932687298,0.663546367919234,0.628796742018621,0.953966764529784,-0.203333266099783,-0.0931205113161864,0.127859328146603,-0.0510233312425183,0.0577137945824366,-0.100380259815192,0.199958503697861,0.0861495885724705,0.0711638498558755,0.21317447341754,-0.0207594675246836,0.166188455313939,-0.0708248350591268,-0.0699679659606911,0.32619729254606,0.201575532225638,0.0610584830220036,0.0207875975366464,0.156017729094364,0.0341368902226346,-0.0474660603694962,0,0,0,0,-0.00365163579269312,-0.0276921339563755,-0.0594459407382181,-0.0736899088285375,-0.0312263188592691,0.0716829540346765,0.225584825327402,0.565478649741972,-0.509841026641283,-1.60884578944194,-0.444786663866358,-2.99869614459239,1.59429568436567,2.00112504412532,0.847614975777339,-1.87365751243383,0.79350870403215,1.18756887265128,1.41269390268755,-2.74887923273202,-1.85508139291749,-0.000519831997544257,-0.658781448581638,-0.571515148822707,-0.516636515142726,-0.529617995411837,-0.519088486135745,-0.467338073727603,-0.399578475860072,-0.415728999198033,-0.442360184769052,-0.399826043635759,-0.310064644639028,-0.255149428108419
141,0,0.00183701343247409,0.0149006514693336,0,0.166581378679739,0.0356273193573945,-0.372401053115,0.864038713926986,0.501958326248314,0.192685858624285,-10.1992082021486,0.350423753293196,0.610324227195174,1.13308446340262,-0.288048123355542,-0.0136279950193001,0.188685071402412,0.0213760075152738,-0.056338428016923,-0.0934089039867307,0.219704336312224,0.0698481343824506,0.0853441094822377,0.232455147676083,-0.0674805667067725,0.229767784469024,-0.078386367408459,-0.136810751772461,0.326754085712579,0.101416841365812,0.00249572411510689,0.0305692795280427,0.148562987177099,-0.0490932180248353,-0.100309999084018,0,0,0,0,-0.00469504830791104,-0.0307579363717747,-0.0648514407231088,-0.0819738170765622,-0.0407897262575104,0.057840989484735,0.169359060153941,0.482138546981906,-0.636694136162999,-1.5918416610267,-0.451310821763083,-2.8982305252986,1.60504500107679,2.02355952699677,0.842244769565745,-2.05760520217186,0.758814992476573,1.19605513929787,1.45302227297383,2.88446977129052,-1.82695805272016,0.0125454203697755,-0.630189969610371,-0.55573639677515,-0.50375392487044,-0.532530015772328,-0.52158419986132,-0.468606140111902,-0.414413837791168,-0.420487206064949,-0.439751905172638,-0.401830069101229,-0.321250085280818,-0.262623397777701
86,0,0.0016657301287469,0.0135113133369948,0,0.151049315399577,0.0341641410176597,-0.218303490578816,0.946386938842828,0.598496655923998,0.102434961472101,-10.1391565735934,0.331261382228164,0.62856659159755,1.20752327122075,-0.324738915324988,0.0102913979252727,0.236078285094341,0.0148490782152769,-0.0815798948816917,-0.0638030641282631,0.204584797141747,-0.000683876759876405,0.0674506350863942,0.192608341484803,0.00680022686271698,0.145772054665435,-0.107457855977156,-0.25254247840712,0.26656831072505,0.00645165200206067,-0.0405268028252072,-0.0226276175375037,0.112345595350825,-0.18515147584898,-0.0527826504335835,0,0,0,0,-0.00511914027066245,-0.0326011310851369,-0.0689143371623886,-0.0892958002960278,-0.0515071768802347,0.0396239395318509,0.106272485570394,0.402435733542519,-0.727047793944196,-1.57988457650538,-0.454066558126954,-2.85621104516627,1.60985957666023,2.04152699537425,0.846476359869234,-2.33904184573641,0.673944942033144,1.19987159941525,1.48768481366262,1.24871867201861,-1.79440585004523,0.0215518601358533,-0.601256518161482,-0.540044749398413,-0.495524533104421,-0.533034754860647,-0.524246936606055,-0.465651267100115,-0.426494319586401,-0.427076907229673,-0.438644916654433,-0.398052173149029,-0.33449374629364,-0.270019943296878
58.5,0,0.00149444682501972,0.012121975204656,0,0.135517252119415,0.032700962677925,-0.180389546599083,1.84596943344353,0.634495771437678,0.0917065309924968,-10.3089505760682,0.578194498310199,0.688707660279426,1.14333400078087,-0.269000194077377,-0.0724830071165366,0.311047888870583,-0.0486949621376807,-0.0130857909590817,-0.0709436294856154,0.173439861482781,0.00345452450172402,0.040521203844726,0.116221853848965,0.059719973272044,0.0233228897778015,-0.159352767013864,-0.245623917285939,0.281923317448033,0.00406456148849424,-0.0316612416857085,-0.104634838282426,0.172576004788049,-0.16123656868384,0.0298193102593144,0,0,0,0,-0.00533710941743983,-0.0331242873433992,-0.070661792406614,-0.0940337891781137,-0.0619455900866689,0.0169472391601744,0.0340108230933476,0.307166845316471,-0.808226211927907,-1.58264600388559,-0.48001979437326,-2.81249081431132,1.60522839286606,2.0529635015626,0.853459335868024,-2.51694357305504,0.526291271818422,1.1911352809231,1.52441820386623,0.0930618088610675,-1.75385798446093,0.0270689560275162,-0.587311015064045,-0.533832314807323,-0.492207064846333,-0.532588496205469,-0.522757793049145,-0.459618183794574,-0.439170251211837,-0.428731952626887,-0.43388215942519,-0.390723370628544,-0.347440187364912,-0.278357223953034
90.5,0,0.00132316352129253,0.0107326370723172,0,0.119985188839252,0.0312377843381902,-0.176987037806,1.82241285922745,0.643563655898215,0.0818337025400373,-10.1380661157177,1.01813231622283,0.714244327095203,1.18943387533953,-0.125045623225025,-0.296680901530482,0.348348164186637,-0.172501480663326,-0.0429447217655481,-0.114113496846499,0.0256119729325811,0.102203914970154,-0.0437198431896145,0.0092946886427907,-0.0159225321397378,0.0430095387878347,-0.214598885776544,-0.0419218078610008,0.260570574221026,-0.0439162687918885,0.0148295304719608,-0.144291855820493,0.226958329726864,-0.0685237129844079,0.0208502185665209,0,0,0,0,-0.00533983406973785,-0.0322820801846437,-0.0699297055466073,-0.0961148153192097,-0.0717102937520561,-0.00952121873448665,-0.0480821544774193,0.188652656442036,-0.904827676114816,-1.58886396115344,-0.551001074784,-2.7573429115423,1.59801451612434,2.06184241240715,0.849646159375155,-2.63876431138004,0.392019377139948,1.18203319918651,1.58969102376685,-0.19346571472949,-1.70510672675541,0.0337709853963727,-0.586922327866917,-0.541953050105338,-0.495668672370125,-0.530181083215602,-0.519548317991308,-0.455143236416292,-0.450586827353264,-0.428170602658349,-0.429533351241781,-0.382753543876419,-0.361180076223512,-0.287333772507586
113.5,0,0.00115188021756534,0.00934329893997842,0,0.10445312555909,0.0297746059984554,-0.208028394196809,1.32262741850135,0.493528394467377,0.0779209450504343,-9.5310313117496,1.57340750168064,0.730676636957496,1.37909444485324,-0.093488656765255,-0.704292716690189,0.244387473375747,-0.404695211326185,0.00626406401658484,-0.0549048051160384,-0.143939119130166,0.0703639733752767,-0.178765286692531,-0.0870328285484464,0.02413886731923,0.175516741933382,-0.301612930358237,0.174983506712994,0.155674581679345,-0.14522167182712,0.150274530465249,-0.168956804648894,0.212689026556179,-0.0937073551978341,0.00311363777489572,0,0,0,0,-0.00512186484797125,-0.0309214373970013,-0.0683719878708244,-0.0974152250959842,-0.0815469119443084,-0.037940890859733,-0.131635961429954,0.0627507284736373,-1.00342317952188,-1.58115248390025,-0.66600193886085,-2.69872032516897,1.60150560454154,2.08029278055072,0.844823172391568,-2.69672339271063,0.29195438633947,1.16574049909517,1.70558868075779,-0.178080950151413,-1.6569766428204,0.044056265265815,-0.586366062294536,-0.555809759740032,-0.505586240509681,-0.527683239480078,-0.521718828803729,-0.45291269603196,-0.454524790311761,-0.425729266037846,-0.427298505461981,-0.378575010471029,-0.377367235803555,-0.297131625231424
92,0,0.000980596913838151,0.00795396080763962,0,0.0889210622789282,0.0283114276587206,-0.277444665137429,1.35297076891203,0.324813497215896,0.0887214028298413,-9.0823501730015,1.7943920567608,0.738928966961685,1.49574548362913,-0.128704540840375,-0.856607913387651,0.180473127134572,-0.481006215780264,0.0187330184569465,0.030118668350194,-0.145179504780274,0.00448734043201138,-0.258386933750522,-0.0920055871574698,0.106184749362945,0.259630120659042,-0.364848510077005,0.289006294889203,0.116113963745278,-0.2491871270288,0.223879631246895,-0.237409486504378,0.255886357926227,-0.183371819940575,-0.0641611262248636,0,0,0,0,-0.00490390163544473,-0.0295615507225284,-0.0668177983570278,-0.0982222752026023,-0.0897156478410623,-0.0627791403458832,-0.204686754259066,-0.0526293540019029,-1.09985033520994,-1.55139309497146,-0.808014516060657,-2.65534868474432,1.60675429829535,2.1021878725226,0.839851323929215,-2.71189639445192,0.190121128606765,1.17214485159403,1.83075187602903,-0.041801433087608,-1.63510015340151,0.0526155113627799,-0.582945993735568,-0.56585287814113,-0.514393328405613,-0.528313899317283,-0.530576726188778,-0.451682531466961,-0.454991197333867,-0.420908822325828,-0.428274752018098,-0.377412606898199,-0.391250446968502,-0.306105626240904
87,0,0.000809313610110963,0.00656462267530083,0,0.0733889989987661,0.0268482493189859,-0.341897463249825,0.914993543537923,0.367882450522165,0.0990455236636904,-9.11912020428488,1.89091573805034,0.933179145654307,1.60281382829972,-0.19176109578958,-0.868627713146766,0.0846062120516947,-0.485062765301543,-0.0214021272061142,0.0347201309582191,-0.203342311933271,0.0379988372488021,-0.258674657863804,-0.118095463941131,0.162075992796577,0.232590176019868,-0.340287490218114,0.344810316607419,0.0999193258239519,-0.27460864622835,0.221694160683744,-0.259196188087622,0.281757238215231,-0.204157433490502,-0.116617309569451,0,0,0,0,-0.00468594445261889,-0.0282024245565794,-0.0649149037346325,-0.0975298083157215,-0.0947611835169048,-0.0838770823257128,-0.263805125457224,-0.14628945504368,-1.20451054261518,-1.53372159752903,-0.970238693738856,-2.64428602487383,1.61217762918499,2.1218758013055,0.828875965769099,-2.7137122450988,0.0832065322681897,1.20329075334556,1.92318232358617,0.0509883077476125,-1.64779413097627,0.058276811287586,-0.579340143918172,-0.577347862134821,-0.524442720419281,-0.530544774043319,-0.539481244622349,-0.450181458711973,-0.454334975346925,-0.418477035210841,-0.433521851079322,-0.374721151201172,-0.399715284562884,-0.313300711425001
87,0,0.000638030306383775,0.00517528454296203,0,0.057856935718604,0.0253850709792511,-0.370366615301567,0.722598463137057,0.450779142663485,0.139209642089302,-9.07553619743023,1.81614426032451,1.08467189285778,1.65935540125855,-0.171357873774133,-0.880478702220533,0.0387852202805003,-0.443623916549403,0.0258624916491633,0.116937436397961,-0.232026514498926,0.0596696647969115,-0.213398364784213,-0.144036530057717,0.204751030802039,0.278877105636777,-0.401386018614318,0.370623718139839,0.0883843069898408,-0.307850014172611,0.247150911737124,-0.261702210710208,0.346791052343083,-0.203692696127017,-0.153241926641322,0,0,0,0,-0.00446799331995093,-0.0268440632783556,-0.0627693961747302,-0.0961481410866571,-0.098966087461032,-0.105771166143205,-0.314805291707511,-0.216311496516436,-1.31324556939768,-1.54138445099364,-1.20272403434446,-2.64871161097614,1.62634019088211,2.14457938210408,0.811827703765826,-2.71166310824862,-0.0178285598481041,1.24350089384365,1.98996122339078,0.0154951178307439,-1.68325219844733,0.0635087471301408,-0.580609326791769,-0.597938922106895,-0.536098054996887,-0.532353891668295,-0.5480003259992,-0.446022156317836,-0.457389563386218,-0.41800963891755,-0.438944057885908,-0.371150550984832,-0.402495654264523,-0.315507788346814
87,0,0.000466747002656587,0.00378594641062323,0,0.0423248724384418,0.0239218926395163,-0.374154785306987,0.838944306619628,0.44577333183134,0.253882356076316,-8.98316239079524,1.81286611970646,1.09840030527471,1.49315134180159,-0.191530857135896,-0.815772645690524,0.215016320467376,-0.506799678456725,0.0123770465331946,0.131187532569505,-0.226863652673894,-0.0151841034013842,-0.185128756800206,-0.159242059280684,0.163826199544925,0.336961575771018,-0.444664152598439,0.378835381382244,0.0552813324224953,-0.318337383102437,0.312701864538751,-0.300622131949027,0.318322682129481,-0.125938389631073,-0.17416764047822,0,0,0,0,-0.00425004825789458,-0.0254864712508399,-0.060485170474889,-0.0942846791132769,-0.102201012854368,-0.126009950934555,-0.35604723939756,-0.269712056026578,-1.41054204514769,-1.54977051549266,-1.50837158457987,-2.66045081395609,1.62870566109189,2.16728049144254,0.78640260457578,-2.67923770213968,-0.11256814710598,1.2969341635656,2.03485329058572,-0.028210781505674,-1.70268182527662,0.0661134228856276,-0.589935181758422,-0.62444522709214,-0.549498114378601,-0.532631648030362,-0.553520984714179,-0.439699566262032,-0.465268585374362,-0.417997288637229,-0.444419988741239,-0.369519150137,-0.40028477347963,-0.313946136670314
110.5,0,0.000295463698929399,0.00239660827828443,0,0.0267928091582797,0.0224587142997815,-0.371375170505503,1.27055914569487,0.379590665575588,0.374808557694539,-9.20860752776747,2.02179385749581,1.08101442037422,1.52450243117973,-0.391458876949712,-0.753504368333084,0.393877225117826,-0.596843833909609,0.0186946332818259,0.00927829927004612,-0.300511074313988,0.123598681141371,-0.139973397369313,-0.156864128421254,0.204619469586742,0.2503650228704,-0.440228487827189,0.311548422705318,0.0644206583112777,-0.178799611465859,0.258650158130092,-0.290547754133393,0.188009823436034,-0.0615049110637392,-0.191811606677021,0,0,0,0,-0.00403210928690021,-0.0241296528207335,-0.0582447032552295,-0.0924956319102508,-0.105247369921035,-0.143737748414108,-0.383768648370309,-0.305769255561448,-1.49043221277542,-1.54338514271688,-1.76724391376452,-2.67209489235621,1.6046366733483,2.1840947427618,0.767439819179737,-2.62155523554359,-0.184950976331829,1.33287298892694,2.06569936771572,0.00516495373115156,-1.69739881190515,0.0666342680969759,-0.611237241207021,-0.656132012920626,-0.567499950776094,-0.536468908999441,-0.557853349295949,-0.437561303586439,-0.475800153445215,-0.4182963072179,-0.446084379645382,-0.368660906467723,-0.395680894488942,-0.310801674526252
133.5,1,0.000124180395202211,0.00100727014594563,0,0.0112607458781176,0.0209955359600468,-0.355185792297635,2.0919759683125,0.392418944975333,0.474239880616106,-9.41087927139272,1.91614324375872,0.980063486467184,1.54511842438836,-0.286218166940265,-0.694449501836828,0.40627685104798,-0.429653999893676,0.0229600851957463,-0.0438655181210313,-0.224387331246065,0.136575856078087,-0.202935667479684,-0.105131771990052,0.154051091134871,0.318373121050091,-0.496183804660636,0.216191498319642,0.127941424219865,-0.190635184281313,0.359769158317638,-0.336699498193459,0.256931123524788,-0.132056700962283,-0.257149834494749,0,0,0,0,-0.00381417642741463,-0.0227736123183913,-0.0563232600298348,-0.0917195770302781,-0.110330040196061,-0.163074520771414,-0.407970747519262,-0.3305559015287,-1.55036076541865,-1.51785012343409,-1.94321074291498,-2.68035024939644,1.5696145465952,2.19082531507174,0.67783493712662,-2.55452467863356,-0.22630280570864,1.31815110923782,2.08349231390219,0.0274797250801893,-1.67395323475526,0.0667360932037861,-0.642563435996302,-0.697816559396222,-0.593463680047934,-0.552366787139188,-0.574434617646301,-0.44506116802179,-0.491457409862234,-0.421964222106275,-0.445207435657221,-0.372727392614723,-0.390106334269493,-0.303958851550159
133,1,0.0483360185364825,0.111051018568596,-1.19022555650045,0.039357240825299,0.0551716751434009,-0.33765143475302,1.63414828922625,0.437257461863132,0.579693962793301,-9.26985694005294,2.04085635294965,1.0342719472426,1.45885514720165,-0.316982720341474,-0.658214814129115,0.383406928739835,-0.536851531815537,-0.0288653343172657,-0.0358717076675263,-0.168353108138657,0.0794357030781052,-0.308778848154341,-0.0558298913559141,0.249871568640235,0.404257960093165,-0.576222620158117,0.289246840815316,0.0785484848821336,-0.25304533760252,0.481793126957744,-0.391364130457699,0.274839909526048,-0.15022526381693,-0.257080989942851,0,0,0,0,-0.00359624969988123,-0.0214183540577608,-0.0544068431684675,-0.0909458811465119,-0.115569021254939,-0.182230383851265,-0.432237051612713,-0.357335399251802,-1.62640509053163,-1.48969843154426,-2.12126308510714,-2.69887042821539,1.53657142167351,2.18910235038624,0.628117426768965,-2.49199464124992,-0.269472924812854,1.28983146829192,2.09204077146235,0.0570887424600279,-1.65911998446646,0.0513775222838671,-0.703721942635502,-0.772414876044415,-0.659065369864959,-0.605814774246151,-0.625219503639028,-0.487017256229389,-0.530097470329238,-0.45494560227913,-0.464886210188019,-0.398016440045867,-0.397558944035151,-0.302520215184717
133,1,0.119727855385166,0.419048832690132,-2.39590896799601,0.16957685585614,0.108553405398495,-0.337310692963081,0.986480234218844,0.504639779709166,0.663770668888407,-9.09737222895209,2.05105727428827,1.19113407149794,1.46582704602849,-0.313632308606472,-0.500619379063816,0.336919766760514,-0.461588932158172,0.0109235745702658,-0.0315655082525042,-0.0503340937645956,0.00914391797048359,-0.300191327927786,0.0186414767223446,0.232450748055374,0.364278506108687,-0.57803647231224,0.296682135611532,0.0126927910154611,-0.318271281040785,0.483342644021888,-0.361027286151192,0.189644155613978,-0.0893748779887352,-0.183202636474129,0,0,0,0,-0.0033783291247399,-0.0200638823363195,-0.0524954469955162,-0.0901744264510441,-0.120766231088774,-0.199717773773412,-0.450747901827147,-0.373050216431377,-1.72437671173427,-1.47217411158574,-2.27017933786462,-2.71708706445012,1.50418150719814,2.19178690627726,0.651792191254592,-2.42010132298849,-0.344263718457538,1.29049551740202,2.09423953416176,0.0891259967663842,-1.65488382445492,0.0369133209863096,-0.750571278355051,-0.825448909243527,-0.711902630035535,-0.651519498156336,-0.661405846323133,-0.524195374956831,-0.559168728255078,-0.489171518344433,-0.480267570427289,-0.424707915288275,-0.405910540766993,-0.296969293332875
107,1,0.0728274551786711,0.61844603235156,-0.0628615887604542,0.28517916330858,0.0824969271676649,-0.334775863427655,1.16460793992202,0.509161654602426,0.696539694143596,-9.21343825027303,1.79428160494606,1.03916948482029,1.37263295202485,-0.0832718409425036,-0.434223123192239,0.240120620239165,-0.27750954267799,0.0986132975657673,-0.0569200467474065,-0.0557207555799981,-0.100872195430722,-0.184121971611146,0.0331255385142785,0.0910192844468992,0.366758108956847,-0.550314084941594,0.242023954170021,0.123377085357742,-0.353876659192814,0.457644788768642,-0.303520450214045,0.10871940148067,-0.0265220859231854,-0.182493788684427,0,0,0,0,-0.00316041472242709,-0.018710201435015,-0.050805999858325,-0.089918108822687,-0.126779247637644,-0.216077798973821,-0.462930315680698,-0.373859706054322,-1.85182379614062,-1.47703720045428,-2.36403143801832,-2.72608936223886,1.46789007198204,2.19138094710393,0.555041510065052,-2.30573544533506,-0.421292824444202,1.28200761449288,2.09522349257534,0.120790956257439,-1.64322830283212,0.0367378766119836,-0.754093215721666,-0.825174692006408,-0.717548914094611,-0.659707498521276,-0.653209408224539,-0.52679077635741,-0.563571965929921,-0.499118028260966,-0.473589813551395,-0.432419967889289,-0.394455027701212,-0.276735760741544
127.5,1,0.10207887832252,0.495162425719877,-0.943588712064433,0.172216726502323,0.112420450285514,-0.340114480513916,1.81103700124909,0.395808974923582,0.68566542230886,-9.94642249516104,1.8673002786709,1.05435398573142,1.1675264920263,-0.027335669452419,-0.136968899758643,0.242713661239963,-0.230673112208706,0.0299248775286102,-0.264808047221717,-0.119537091141094,0.00791877785647049,-0.0834071082361225,0.0768913696783156,0.0667229522102663,0.193294712118562,-0.411518789305056,0.22015951956228,0.0899037926886966,-0.274191167064491,0.323621114704836,-0.146770623640954,-0.00182708610097451,-0.0304633163298146,-0.0585891591146023,0,0,0,0,-0.00294250651337569,-0.0173573156182039,-0.0487131362134574,-0.0888350477969029,-0.131041533732173,-0.228605592268824,-0.468888159138884,-0.370410172268031,-1.99392777725173,-1.47399596981754,-2.45520664414571,-2.73536397486919,1.39950591627571,2.16129627805608,0.459986605674742,-2.14625270053178,-0.458086422204091,1.02339922836387,2.10596347600058,0.171388191689349,-1.65454751246747,0.0334467405993665,-0.764648966938104,-0.828149010592476,-0.730460767146098,-0.669471701821468,-0.644714881289119,-0.530546674042676,-0.570857020576195,-0.505612943581792,-0.463162331363663,-0.433240263838899,-0.377332080309847,-0.253524769655357
174,1,0.0857500183623478,0.31870234876507,0.275110035021098,0.2657442353553,0.0828901471248815,-0.351870033740771,2.49404152014697,0.323501757470123,0.650405961338473,-10.2650986386351,1.45928094390427,1.0318367686012,0.879941942037757,-0.16736587653931,-0.0417025816426222,0.216647562946681,-0.325778771884475,0.0907312250617442,-0.229551607714157,-0.0606001088139382,0.170263466498836,0.0432364837358644,0.0442902109744262,-0.0551086621218514,0.146584426658748,-0.336479918202113,0.199524120242219,0.0484039708678021,-0.19023788108448,0.25456435648007,-0.186112111449827,0.071294360563872,-0.000430283116562348,-0.107658063916422,0,0,0,0,-0.00271493929026119,-0.0158950045172284,-0.0457690939773694,-0.0860614505664884,-0.132345087526131,-0.238477505694423,-0.473011290036665,-0.363197819818085,-2.16452681533452,-1.45324727863538,-2.56101041323618,-2.75371898866871,1.29224624959891,2.11269883155475,0.479021472612758,-1.9597236908552,-0.474171615173519,0.1592631856488,2.10841896214622,0.205942020435874,-1.67418664004871,0.0314254998143005,-0.778781012804987,-0.836042510786331,-0.747210360010905,-0.680177507925003,-0.644190934325897,-0.538794869515925,-0.575343571811273,-0.507047821942128,-0.447444905848868,-0.430596768362482,-0.363506667049394,-0.229692305821692
174,1,0.104083717702591,0.281135321773182,0.0258847562820047,0.112045441270403,0.107573892347555,-0.344451931568467,1.89072995883759,0.428348494281516,0.596359036349971,-10.3898900022532,1.22846152247365,0.98588507426118,0.800164913549758,-0.207443599721956,-0.0916452108725562,0.0760550773835271,-0.221166975240773,0.0736228441473483,-0.307139876927953,-0.0100628422319854,0.182473771407123,0.142013242910524,-0.0378084866505922,-0.0464108449999604,0.231465767749346,-0.382372144533678,0.170557381975082,0.0952813857795922,-0.237044582845439,0.216801020570143,-0.121953347436453,0.0918054023375757,-0.0400317720447913,-0.0998952477875287,0,0,0,0,-0.00243358904194763,-0.0140106474217784,-0.0420785649211489,-0.0822858596625792,-0.132572918312839,-0.249582296162397,-0.479417038357845,-0.34556369951367,-2.64034849800964,-1.44527882706755,-2.69072191291528,-2.77591902182778,1.10386580397295,2.08013905265254,0.589023662288376,-1.78391392864245,-0.492701421001157,-0.777543342680057,2.10302883968644,0.215271573108486,-1.70330757151045,0.0290431154737235,-0.788510562067877,-0.839229314761096,-0.761991190974768,-0.692429614755654,-0.651209203330558,-0.55061194145362,-0.574315795331746,-0.511594969126814,-0.435458014434885,-0.425046651551175,-0.353769933691944,-0.206411533783128
174.5,1,0.0607585572252902,0.212313730317846,0.214137529242039,0.232432525520996,0.118641623579895,-0.328228519428405,1.42618934663959,0.518456838364182,0.50956214923796,-10.4713999576462,1.39339771148717,0.924764445283658,0.790439575825399,-0.0997884206302607,-0.0341428947540378,0.0377564145038236,-0.183245628263653,-0.0263551820043143,-0.205109689916892,0.0600486314507825,0.134647705874122,0.156846296021599,-0.0330564445333193,-0.113819013844171,0.163174626249589,-0.306988267743773,0.130230559564912,0.212996246728836,-0.222354071269514,0.0937399077594888,0.0069855584101873,0.010342378643501,-0.0606679288409134,-0.0192479613986884,0,0,0,0,-0.00208455598535036,-0.0116456158059461,-0.0373440709037332,-0.0768615152605386,-0.130609613954434,-0.260338167633629,-0.488915930468123,-0.327401838896926,3.07591191852557,-1.42567124526869,-2.86405481438682,-2.80492311150829,0.847188095990763,2.06688176546243,0.7417159124773,-1.5960709752078,-0.490759347459087,-1.68884703280477,2.07568413765199,0.209275233349748,-1.75507860437125,0.0259041288605287,-0.79776898254848,-0.839227240873598,-0.777252684814245,-0.710315027784126,-0.66269734773815,-0.560170597509511,-0.5655312548608,-0.518510182111495,-0.430369882304572,-0.417596621976675,-0.343747231808352,-0.182383667658459
175,1,0.0222618846377334,0.150925470339951,0.380432733465439,0.338582640614417,0.128264797318453,-0.354868022523277,2.0307399016293,0.562032053963436,0.453560337082337,-10.4955508824994,1.74051309669664,1.06874393546521,0.996927539099459,-0.0683645840755943,-0.140496867577385,0.0197473317842156,-0.305492242091685,-0.0879419478016483,-0.21772713800454,-0.123181204230911,-0.00657194325709082,0.0396711807230415,0.00725428142142883,-0.0563241627145397,0.134241376860243,-0.31029906601352,0.20841545470024,0.221327677629635,-0.179569521524449,0.0493816627497852,0.0726158610709378,-0.0529605473998903,0.0570122735118638,-0.0972419913236833,0,0,0,0,-0.00172675228075597,-0.00916279602191926,-0.0321902868512645,-0.0706115291508832,-0.126874312905598,-0.269677113572161,-0.502832595295043,-0.31578287772165,2.78454672398926,-1.35692419451131,-3.09691539293222,-2.8368865920309,0.586282890303567,2.0529330326729,0.824834496871938,-1.43595204133625,-0.468836249779506,3.07625018836692,1.94000255685057,0.193597657889217,-1.80626355185964,0.0245420810424035,-0.802530381188009,-0.834775158717403,-0.7903951668487,-0.731897957824459,-0.676768492806941,-0.568445601966391,-0.555232614066171,-0.525028909006029,-0.431222456295289,-0.410338677359918,-0.331179745796945,-0.163846209289249
179,0,0.0218566165137105,0.148177936461877,0.373507117655396,0.332418887912368,0.127167833866306,-0.408966748629209,2.10203522084525,0.595704562658036,0.362089044774645,-10.4190550025823,1.76394462787411,0.839970031588159,1.07372196269015,-0.261120358917735,-0.343667898283884,-0.0164922408190751,-0.429962294146248,-0.140110311643534,-0.256230891566408,-0.153046738620423,0.0261344183027633,-0.0750292049264517,0.0652369415277222,0.116572286017588,0.163515658817627,-0.255927322823919,0.156451728282956,0.290346101345916,-0.155747967749001,-0.00144702386302035,0.10172501544614,-0.0341606155518028,-0.00253007160453765,-0.163578959474088,0,0,0,0,-0.00138381901579808,-0.00673127051091029,-0.0271319702150188,-0.0645186088145294,-0.122898070983207,-0.2780602267335,-0.518186562359773,-0.304682488586857,2.61824168898976,-1.25195834842206,3.00007094774055,-2.86086092545855,0.344931813594493,1.95773961302542,0.957520275205244,-1.35963061321109,-0.434657546976177,1.79797773777217,1.75844145520545,0.198335241470014,-1.87816046847512,0.0209713469451778,-0.809838262255941,-0.827895264102159,-0.798297335435978,-0.746688432097731,-0.68856342739398,-0.577928286414829,-0.549686323563805,-0.53261841629992,-0.43401888315388,-0.400039562018142,-0.318456836219762,-0.155518103318259
141.5,0,0.0214513483896876,0.145430402583803,0.366581501845352,0.326255135210319,0.12607087041416,-0.431875057902937,2.10210043947658,0.52349914399576,0.183122105307033,-10.6778132196972,1.30146323385953,0.570307778564303,1.0709156292831,-0.138308226975745,-0.136945297184265,0.0898875408345143,-0.293536551196089,-0.169927129196067,-0.12005062818826,-0.215222862623348,0.148914491640064,0.00534367590719475,0.180939029473687,0.120083110837605,0.171701374354617,-0.120009427961892,0.184458927589005,0.244498138201381,-0.131050281284751,0.0139488709014975,0.0287024244442194,-0.00366952223525292,-0.0703366867970233,-0.133644115609272,0,0,0,0,-0.00102355218045555,-0.00378555863700153,-0.021304691959012,-0.0578006635992031,-0.119020275243923,-0.287348087364982,-0.534107707431148,-0.286397220642861,2.48566131030219,-1.1505625048739,2.9068337657679,-2.87862998781108,0.172987031585664,1.85913151687478,1.11794599401648,-1.28897342433557,-0.403790633051926,1.28260802033211,1.63574548132564,0.224012335842563,-1.97621585398793,0.0121975686509442,-0.824741039329705,-0.827031785325946,-0.80352324077586,-0.754267945716987,-0.697921302196164,-0.585837788088462,-0.549771204051922,-0.538010216927344,-0.434047566821659,-0.385095527160386,-0.30577349792422,-0.15721960599913
99,0,0.0210460802656647,0.142682868705729,0.359655886035309,0.32009138250827,0.124973906962014,-0.42945373384785,1.60424166772565,0.501394666144455,0.0863717745124653,-10.939066698705,1.21760683976239,0.608766244889308,0.93584625963049,-0.0939810810751648,-0.0463611272322322,0.131855563088298,-0.0974480692055282,-0.0900542942979071,-0.048072241342421,-0.202376319068553,0.136686311435118,0.127026181017633,0.282732053231625,0.0533816194699451,0.156780615837846,-0.059360736704111,0.269360357613576,0.209824941071097,-0.124733758743886,-0.019254298972629,0.0024987272192804,0.0390960805128765,-0.0567517853125994,-0.0810012211560981,0,0,0,0,-0.000645513075230025,-0.000311468420390692,-0.0146814202275841,-0.050234832636776,-0.11454026151663,-0.295954348891955,-0.54905015005274,-0.264590615684262,2.38620063718612,-1.06285170165369,2.83758505189955,-2.89888850324123,0.0880546173043588,1.74955382444033,1.20524685761804,-1.22730917832886,-0.389039223968303,0.906386160247544,1.5488836600577,0.251069532773924,-2.04025675489313,0.00160419873606932,-0.842655294571975,-0.834236425928776,-0.811360799692983,-0.764533323452884,-0.709450032295473,-0.592071837202294,-0.554698542107005,-0.538374121847686,-0.43017213887055,-0.365119708311565,-0.29021534212514,-0.165863946923985
98,0,0.0206408121416418,0.139935334827655,0.352730270225266,0.313927629806222,0.123876943509868,-0.426285325357055,0.722588025718078,0.439960123980544,0.0809800105329333,-11.1982673331616,1.21082556568154,0.558525275301319,0.617479320816142,0.0374295981146889,0.0984375963604306,0.218263269404563,-0.00080228738797368,-0.0346656712640671,-0.0438655962831727,-0.0803587272843808,0.0726708820040771,0.0866326893608052,0.302030131232308,-0.0567975339403383,0.0632739388462296,-0.0794406865459654,0.0907956515268001,0.153450686640146,0.0101985123483643,0.0713691419544949,-0.0510085521210043,0.0318336617488011,-0.105574029512734,0.0597161756882844,0,0,0,0,-0.000267482096860452,0.00316435948788726,-0.0080513255190913,-0.0423983658059312,-0.1092239870839,-0.303153352229574,-0.562437321925204,-0.247001012333175,2.32396738369938,-0.966779341800497,2.78106326688151,-2.9170714775778,0.0545196695624982,1.44687446394702,1.36752827679754,-1.18234642557736,-0.359596996779924,0.440701552801976,1.46175284887997,0.275756087597596,-2.0784844674053,-0.014637961305089,-0.872459467671419,-0.853732384221789,-0.831050402653518,-0.78061547847282,-0.728554629954909,-0.603330303908482,-0.562329524066867,-0.536124263226006,-0.42413711333365,-0.345771527173895,-0.275622667288179,-0.176532803776295
98,0,0.0202355440176189,0.137187800949581,0.345804654415223,0.307763877104173,0.122779980057722,-0.401272522417899,1.16297225634293,0.39991026389653,0.084812809961946,-11.0292379497037,1.14538196248176,0.583233704012785,0.489013720357691,0.0543993316677213,0.186638228626125,0.363333744818223,0.159937332158509,-0.00533940800353683,-0.0566323755318108,-0.0215874320328263,-0.00355111655047947,-0.0140774939078352,0.169649257197212,-0.10618734855395,0.0302328592172142,-0.164417021565573,0.00356843299539563,0.113161843970609,-0.0414258465124833,0.0571889723260375,-0.0535245734537471,0.0565493073769165,-0.103943928460998,0.0395821871479118,0,0,0,0,0.000110540646871901,0.00664184234604069,-0.00114870441010172,-0.0337318816830418,-0.102231165031592,-0.308037483010507,-0.571646652671033,-0.240728864943046,2.2777154044111,-0.853665691995222,2.73167596873869,-2.92801743056028,0.0283825236850763,1.11903107135616,1.54088604275336,-1.12630908490355,-0.337459504351413,0.0669584201730888,1.37360295906318,0.34816521377509,-2.15235277122875,-0.0281130584697218,-0.892575716705669,-0.867235339063784,-0.846418834662117,-0.786943326722241,-0.73763908975353,-0.61053692815761,-0.565324129435026,-0.529273569615335,-0.422053829278438,-0.334628686871233,-0.268384216806556,-0.192269288759113
88.5,0,0.0198302758935959,0.134440267071507,0.338879038605179,0.301600124402124,0.121683016605575,-0.31378899926876,2.0434501289108,0.48097642554403,0.0889520923562515,-10.9777110514704,1.51947586833885,0.769855050475139,0.54393794198916,0.324837858851152,0.221145792316608,0.225408283386352,0.109737720475774,-0.0340666946659306,0.0308780375576229,-0.204290227046095,-0.175962030268053,0.0211434778842188,0.0988353604116602,0.0722037790017898,0.110662979028043,-0.161824901625022,0.0444775307680136,-0.0394546236036567,0.0773396913862754,0.00414753265290797,-0.0806222326047158,0.0190637401214083,0.0498804244208245,-0.0739044512332823,0,0,0,0,0.00048855504819988,0.0101208971733743,0.00603344077198566,-0.0238425717785852,-0.0922987720608388,-0.307606296955429,-0.572383010993041,-0.234454405739629,2.22499846569431,-0.687248113298093,2.69747980278204,-2.92630663739198,-0.0273586196685851,0.932844641123281,1.59648594185685,-1.03835440663181,-0.333535831560725,-0.104915641962117,1.31185881744488,0.464458603224504,-2.26223425757705,-0.035994569189513,-0.899223766864563,-0.867647350727224,-0.847565878116937,-0.785163412724891,-0.729354400551179,-0.606043552116615,-0.565935534523117,-0.518245538592392,-0.420529926155284,-0.32687324034762,-0.262225459783568,-0.204967239068452
126.5,0,0.019425007769573,0.131692733193433,0.331953422795136,0.295436371700075,0.120586053153429,-0.298825344926529,2.1773066314347,0.534968173149848,0.0994414499616283,-11.0191572447099,1.48914505497204,0.807735856609051,0.556795166619816,0.271663742369248,0.368759030658806,0.247496176920202,0.00879287848847498,0.0182538374014997,0.0204925742871959,-0.092365413844405,-0.0798820971749609,0.0240627421540908,0.199274904695888,0.0833217344830746,-0.0424142296928136,-0.164186511396704,0.1023200720893,-0.0344930998137991,0.095737189282482,-0.0436503940300427,-0.0496482387916474,0.0254600114668944,-0.0132423952538836,-0.0247793711786891,0,0,0,0,0.000866560999370522,0.01360144076195,0.0133214579121795,-0.0132810451354628,-0.0806239730277727,-0.304479365634468,-0.569823270759138,-0.231936615482907,2.12293459484935,-0.474625886958593,2.69473538788421,-2.9078613411329,-0.11570096624618,0.824832060845928,1.59268428109914,-0.79516272155578,-0.329662569348815,-0.201672476877103,1.26774526248549,0.570428051788889,-2.40172002861807,-0.0475326852548872,-0.914622770165612,-0.874219997502238,-0.851227379540584,-0.790777996178967,-0.718524107785724,-0.598681769434878,-0.566906943758768,-0.499984208101593,-0.41653648740781,-0.321379337745044,-0.251768444109528,-0.209794044904036
174,0,0.0190197396455501,0.128945199315359,0.325027806985093,0.289272618998026,0.119489089701283,-0.339069453291914,1.74919870215192,0.442160478828337,0.11082770841023,-11.125539766224,1.43191587766605,0.68819123551432,0.395477119838928,0.186337838822313,0.291131364120977,0.149038639654945,0.13003145066948,0.0872386796420273,-0.109876965144627,-0.0355777049676258,0.0168623680148544,-0.0855722114113755,0.178410957503804,0.0945462404703302,-0.0258838535903433,-0.107958538049921,0.0316190248826812,-0.0936565085840024,0.175501561665473,-0.0220617291494084,-0.109662500062234,0.049957377560621,-0.017967564407926,0.0221828609044933,0,0,0,0,0.00124455839264547,0.0170833896883326,0.0207171191984911,-0.0024452492103953,-0.0681422830255324,-0.300337618026531,-0.568028860132294,-0.241666438930138,2.01678086115413,-0.396018634313253,2.70303723523813,-2.88346912237164,-0.195460285125095,0.712646825882521,1.60637481356245,-0.514456865046916,-0.32548716655666,-0.242756205547018,1.24016760125956,0.71397487980391,-2.56747874320858,-0.0586272717755652,-0.926802662633568,-0.884261559049648,-0.858337739827188,-0.79604558085167,-0.710358287704333,-0.593627463425941,-0.567120879125962,-0.479196321347141,-0.410727200909177,-0.322027983512433,-0.243228357169504,-0.216747288072438
174,0,0.0186144715215272,0.126197665437285,0.31810219117505,0.283108866295978,0.118392126249137,-0.330488507028096,1.61995839126381,0.432656196740968,0.110767918256807,-10.9730087447183,1.44929349794595,0.594800341572876,0.456742960660116,0.063953127776659,0.206829637498862,0.301846239333988,0.173099088986685,-0.112465156778443,-0.0482981008895248,-0.0580579067531286,0.16776264802669,-0.00978789988899025,0.12486188380777,0.043995521309853,-0.0154515593605472,-0.0526740676133817,-0.0575736163983286,-0.0274497614170507,0.0851276299121799,-0.0507248075074965,-0.0113767274907186,0.0241222478897051,0.00466609045062026,0.0379860283228711,0,0,0,0,0.00147945488216085,0.0197646269430178,0.0267714166560841,0.00697097002909082,-0.0552379109781901,-0.294299835461754,-0.563142691068196,-0.234731095797992,1.92800183584399,-0.574232521286798,2.69071320416404,-2.86956883171912,-0.24748142380958,0.417807142731722,1.61431431664456,-0.369528243861013,-0.315417116678367,-0.221345804372891,1.21579064654984,0.907822230996262,-2.71528864958452,-0.0704927101630761,-0.935111385312642,-0.894831790818617,-0.866470247626124,-0.793840904637154,-0.704894605462378,-0.590999852837767,-0.567918134630525,-0.463813633258827,-0.402524559240744,-0.327703444973945,-0.239132631181448,-0.226351858551184
174,0,0.0182092033975043,0.123450131559211,0.311176575365006,0.276945113593929,0.117295162796991,-0.323389046593224,1.15096691623608,0.545161158412377,0.107907657166299,-10.9491245757502,1.36308271807973,0.355802008903119,0.23086423521139,0.061425792397251,0.173963231351293,0.0449252868297632,0.0926029867561008,-0.0302578445285847,-0.0428162066526087,-0.0242913755258642,-0.0155815933340778,-0.0272748919721682,0.183004093225805,-0.0136198320294102,-0.088003299123476,-0.0346485120545265,-0.039521940352773,-0.0254560683942365,0.154624573018617,0.0321352611225891,-0.13893080839405,0.0054285282659515,0.0600372962859583,-0.0734816420235804,0,0,0,0,0.00151069880591822,0.0214891628740262,0.0312481764894302,0.0150446780762491,-0.0416852239280834,-0.287112815586716,-0.554939122974242,-0.212434249300036,1.81483930146017,-0.79645835049894,2.64048180685272,-2.87569638418771,-0.265939180251244,-0.352208186907449,1.62685880894543,-0.277195055976185,-0.306852201600132,-0.281799762408085,1.18914716731169,1.06902576573545,-2.85018341002245,-0.0828647922151518,-0.939094524749619,-0.90624820868318,-0.875725619942588,-0.791295295679709,-0.699759661846756,-0.590856203900483,-0.567576399137056,-0.451628114981736,-0.395956625430003,-0.335513685041547,-0.233686592726043,-0.2329993179243
174,0,0.0178039352734814,0.120702597681137,0.304250959554963,0.27078136089188,0.116198199344844,-0.313826620467141,1.59829105133224,0.535460946585339,0.109860919841652,-11.0705512439017,1.35655532331132,0.487068756761914,0.351097191862626,0.154996413640542,0.200110983127849,0.114788447024807,0.143374806567843,0.0343899271534117,-0.0335156823452335,-0.0214027676990137,-0.00966477115587625,0.0401115821731835,0.123517540067287,-0.0176276213786529,-0.0650491441344633,-0.0465059786472916,-0.0108178178576235,0.0447422805799356,0.125892465237317,-0.135740888185804,0.0193262183229587,0.00544969994097597,-0.0346444390503881,-0.0105497138681967,0,0,0,0,0.00093585444663005,0.0223110408112604,0.035227650151049,0.0229902792896849,-0.0282331223889823,-0.281092067701184,-0.548454853928104,-0.188854511186271,1.64326422066132,-1.01287529874445,2.58269054873965,-2.88763175304595,-0.264753618293538,-1.13470887373685,1.65619018844859,-0.205513639681674,-0.313916679389755,-0.532679552354431,1.1745144814539,1.16284841259774,-2.98958517291502,-0.0939404888284755,-0.939093098092264,-0.914420910595889,-0.883073938162982,-0.796473825121226,-0.699022454964684,-0.595361595825762,-0.567448584821974,-0.441531533120028,-0.391996327862752,-0.346138876579812,-0.226310735456462,-0.230691034860835
174,0,0.0173986671494585,0.117955063803064,0.29732534374492,0.264617608189831,0.115101235892698,-0.303394193969591,1.62091103346105,0.555271965493209,0.11406618934341,-11.0434119364244,1.26188977424329,0.379360370477334,0.314670746413035,0.13652661103953,0.347155058872371,0.304995075537338,0.154343418215739,-0.0468922588322256,0.0188449868959044,-0.154731019362341,-0.0387131013331946,0.00923579908877218,0.0951848543069217,-0.00399049957009856,0.0149230094643551,-0.134001198933028,-0.00461398543414085,0.0492368043842539,0.0288967471557465,-0.0604185452596569,0.0906590043324242,-0.0632974153427878,0.0444920410105252,-0.067956879784809,0,0,0,0,-0.000360733684640128,0.0219985782965623,0.0384016072614113,0.030167755005655,-0.0156036812808191,-0.277616297134828,-0.5473491133736,-0.176062991280206,1.4515728858853,-1.56586130150211,2.5288918445452,-2.8941891571133,-0.267570851936005,-1.48499015248312,1.69522024831426,-0.157149472073461,-0.347323096062181,-0.941547744356976,1.15577799537057,1.22397054562262,3.12980028755611,-0.100961720816219,-0.939371321755085,-0.920447080650978,-0.884940281568918,-0.805012474045663,-0.706396115012126,-0.605395583994762,-0.567534461436043,-0.432969569897766,-0.393902085591215,-0.362665866790087,-0.223877904290929,-0.221652899769
174,0,0.0169933990254356,0.11520752992499,0.290399727934877,0.258453855487783,0.114004272440552,-0.296184952999241,1.60505881493218,0.497824815794724,0.119742258633269,-10.9493516784258,1.39541521835109,0.426781273155313,0.567475816348056,0.205321618860092,0.115248045512678,0.205665908487195,0.183124098274485,-0.0180493651181998,0.11823925891982,0.0628520888070689,0.108797336962374,-0.0672865553837348,0.0503718520256968,0.105880103487715,-0.0295526230763758,-0.188852019309862,0.0321411097488958,0.0617948149102699,0.0134920993523046,-0.0215885673319223,0.0861949402237378,-0.064603452085766,-0.0543518682076372,0.0160237269208657,0,0,0,0,-0.00182228031169174,0.0211127325756419,0.0404298863332718,0.0356898363751748,-0.00470462606796122,-0.277945505033157,-0.553814012584194,-0.180048723235606,1.3078013488244,-2.12563266896821,2.45978824617289,-2.88976395117821,-0.287167391241675,-1.63298918149807,1.7296907812591,-0.135669522966921,-0.0989655784527609,-1.43979694225998,1.11729369778839,1.27690107172451,2.98356859716304,-0.0817517731901788,-0.897230395599426,-0.890906499617403,-0.84964293967163,-0.782578108427296,-0.690000328713416,-0.594300394890331,-0.547632224785883,-0.412524344334171,-0.391734774704007,-0.377722877821495,-0.22722861043146,-0.215887491957357
174,0,0.0165881309014127,0.112459996046916,0.283474112124833,0.252290102785734,0.112907308988406,-0.304361143746857,2.10630470987317,0.486419164475061,0.121700619032357,-11.0675976646148,1.48823697610182,0.471696747655861,0.423742550580121,0.131394346740727,-0.114641103545375,-0.0411618805463126,0.0851340381037203,0.0198732218268296,0.167535328055015,-0.107142238439516,-0.0195241588149133,-0.0571435007565283,-0.0707884944890125,0.0577398371937239,0.0489268805974521,-0.0543586144938566,-0.0120287204801529,0.187814395279442,0.038496248841506,-0.102477913612284,0.0538046099224343,0.060783760378474,-0.126361388440734,0.0164462209561024,0,0,0,0,-0.00328532314106381,0.0200045390729059,0.0418816570852706,0.0402286278687185,0.00495472344204163,-0.280497830996262,-0.567595322945436,-0.221384517643867,1.18689399870441,-2.24283363814308,2.41511144315151,-2.87839198232737,-0.311918441201615,-1.67474988444766,1.74102861776396,-0.143041248343815,0.359776430539439,-1.90217621123813,1.05643410311829,1.31525685885003,2.88804931947713,-0.0371169265480617,-0.805066498390726,-0.809756608277952,-0.762315746369692,-0.718022228232983,-0.64139942933389,-0.552908139058865,-0.506701196323705,-0.386336514250975,-0.380204226905725,-0.385823213965779,-0.232799770424381,-0.22331401843137
174.5,0,0.0161828627773898,0.109712462168842,0.27654849631479,0.246126350083685,0.11181034553626,-0.319924934582382,1.61414303025543,0.491316941828574,0.118827508819121,-10.9721290315095,1.52270365511146,0.266078893462266,0.299624380114692,-0.020567456152277,-0.00644714307133135,0.0430751315581731,0.291051275485472,0.0124843319368217,-0.131720412919264,-0.145020470566643,0.0765700708923094,0.00999385932012616,-0.034084275715273,0.123893235042864,0.0041253594700473,-0.124662415549424,0.0661717337231798,0.102787823236365,-0.00804585574195488,0.0572558071843661,0.030742036298276,-0.0652563589857358,-0.101661925299192,0.0240534037424125,0,0,0,0,-0.00474985819858316,0.0188898430115788,0.0432790996082491,0.0446148962185816,0.0144424016234148,-0.284790388265256,-0.591366904752705,-0.316489694419638,1.04306613556421,-2.1984202980417,2.39477783586613,-2.85990144815878,-0.33507863438763,-1.70487799042414,1.74724715599514,-0.146882949990402,0.819858809642832,-2.31944225453237,0.994839790705038,1.33490338016531,2.82531615030244,-0.0010775646926715,-0.729796252116543,-0.742189267356011,-0.687209869747239,-0.662816835028405,-0.61164008172841,-0.523571641533902,-0.475862716143492,-0.376785510892162,-0.378696866722434,-0.396456606496703,-0.243165239446446,-0.241115427917552
147,0,0.0157775946533669,0.106964928290768,0.269622880504747,0.239962597381636,0.110713382084113,-0.321621376150508,1.86315718983767,0.437210673055705,0.0938491661820496,-10.9624030125505,1.51672971633285,0.450786505784871,0.289360423844006,0.104368616789633,0.125518191397191,-0.0563377703937535,0.298413934202853,-0.0129569283799491,-0.0619715252533222,0.0166819005848764,0.119191403250543,0.00970610388412763,0.175948172599238,0.0830601576582485,-0.233886433571397,-0.103913277005436,-0.0215472549616853,0.101501958710801,0.1334509043768,0.0239027627445674,0.0619850446338318,-0.041531598194219,-0.0815320601103853,-0.0450743689589931,0,0,0,0,-0.00621588147636121,0.0177669905343997,0.0447081726516057,0.0491384330811492,0.0241936128531843,-0.29112911558354,-0.62611616695126,-0.464582987139167,0.873959011194066,-2.18744836484224,2.37295168495757,-2.84026781009379,-0.365558693581357,-1.73764447497938,1.76418806732997,-0.133415613167454,1.1628957868527,-2.55764958405117,0.9573535199973,1.34637789101753,2.7961306075749,0.0197627568162711,-0.686309034662423,-0.708118519797098,-0.645739778279957,-0.634685371390625,-0.610144944515223,-0.516661443187833,-0.463654357429025,-0.38097038306183,-0.386083514278439,-0.410990690924262,-0.258254308897466,-0.257062074765712
119.5,0,0.0153723265293439,0.104217394412694,0.262697264694704,0.233798844679588,0.109616418631967,-0.316487986556188,2.20683189036612,0.408017209096212,0.0844040013574877,-10.7931727208779,1.52350050226671,0.400159130458229,0.258674587243822,-0.00634175918544198,0.174408548433924,-0.0298260880109584,0.274372754396834,0.157041996925183,-0.0974718618050346,-0.0102666603348535,0.157136893300321,0.0312131847283918,-0.00453680548952116,0.166346516773887,-0.0295439315196962,-0.207458927074865,-0.0683604006922446,0.166623399672689,0.116975886393419,-0.14182794980478,-0.00564739320262163,-0.0181330934266835,0.0036218976146571,0.0180448423242573,0,0,0,0,-0.00768338893277175,0.0166720774132473,0.0465340095250031,0.0546856850427778,0.0364931198394142,-0.293595786161978,-0.65894255295332,-0.660017294369802,0.699737418034252,-2.17566710980129,2.35200149267087,-2.82262044030741,-0.403926725881708,-1.76494420702022,1.79840208734722,-0.227620241361462,1.2987460453224,-2.65543097451136,0.950756338327754,1.35700973282579,2.7667238291607,0.0352300677831978,-0.654065850460342,-0.683558861258116,-0.611361070174091,-0.618258614762912,-0.615316446602955,-0.516770506977689,-0.460349419507369,-0.388798018595661,-0.393960819547537,-0.419089800533381,-0.269755302113491,-0.266460393628217
121,0,0.014967058405321,0.10146986053462,0.25577164888466,0.227635091977539,0.108519455179821,-0.316487986556188,1.73419955364087,0.467607463582467,0.0936510821721543,-10.7545063799599,1.29146569943729,0.362495985753616,0.440421920003311,0.0991355117144184,0.320792265427798,-0.123935800128368,0.0473536085707086,0.377914425880364,0.0157284341026956,-0.138450918593801,0.176884222355638,0.0736649682192789,-0.0264728427570434,0.0621689606694309,-0.0105879478079786,-0.0199331677482069,0.0769101295545785,-0.024084949467372,0.0974049542708803,-0.0873102835037484,0.0453126721730358,0.0127849524677655,-0.0537823911477389,-0.0137319656736801,0,0,0,0,-0.00915237649243089,0.0155250910075225,0.0483162887032722,0.0602608611678753,0.0501840205358674,-0.291629709729996,-0.680885711229281,-0.870153684461009,0.500733176844658,-2.16615031211139,2.3074757687536,-2.79267752010985,-0.438713063000998,-1.81016448479773,1.83359864858644,-0.344745641095427,1.39122460449232,-2.75841370196394,0.963208337111469,1.37057724852052,2.73090348210392,0.0508988324236222,-0.624830788795902,-0.658463212408689,-0.576247548417521,-0.603004694085383,-0.615412486095177,-0.516839683439518,-0.460716086820373,-0.395704158375778,-0.402398043257734,-0.417770389658266,-0.279013988252949,-0.274939928271041
137,0,0.0145617902812981,0.0987223266565457,0.248846033074617,0.22147133927549,0.107422491727675,-0.276064235683333,1.09069574235516,0.504763717977523,0.0953787808446364,-11.2807082027507,1.27958063932691,0.356030117949443,0.512252265045545,0.196205051762622,0.226656586145891,0.0169188308438827,0.133289840241115,0.332513172516579,-0.0999459714909419,-0.117023360219806,0.114511656111237,0.0608769775818669,-0.0208077381269648,0.111983013247253,-0.0294414392392892,-0.0317133117815411,0.0957682984467995,0.0550838281950148,0.199714141510544,-0.0225289687476343,0.0631657552870049,-0.0523507221661665,-0.0653548524982113,0.0260410779869789,0,0,0,0,-0.0106228400461787,0.0142864796510413,0.0498170057004639,0.0654223644938263,0.0642385826264285,-0.287768041611119,-0.697653296022263,-1.06787563072694,0.256944334724053,-2.16678921108605,2.24157183441156,-2.75878125571705,-0.461330378651809,-1.85366257783774,1.85425317417106,-0.351348664332697,1.41270334583823,-2.72855489611205,0.983220813877235,1.38266874574814,2.71327029002295,0.0666432808370637,-0.601108343766455,-0.63178086865592,-0.542820240209171,-0.584050379234554,-0.613426431670719,-0.51590055038263,-0.460301734115788,-0.399180379231257,-0.411084842305749,-0.416334680001728,-0.291415480304253,-0.287834532306072
152.5,0,0.0141565221572752,0.0959747927784717,0.241920417264574,0.215307586573441,0.106325528275529,-0.235545175693965,1.68713409509857,0.513027111531871,0.103420672990284,-11.4445045627744,1.36733186843538,0.449920662588543,0.4000825722117,0.203189356739459,0.111690602838991,0.0636849807477188,0.244405057025014,0.217105325034454,-0.0637178698264354,-0.119898265131994,0.0508043836233543,-0.0735626303842338,0.0520562046533571,0.197114138051291,0.130470904952763,-0.125968958331599,0.0822571653770478,0.0705425852966149,0.173297321390741,0.0358374531268217,0.0215407724458276,-0.0747901883725695,-0.075183314064055,0.0403486749652486,0,0,0,0,-0.012094775451062,0.013040479533022,0.0513382524253573,0.0706865881181095,0.0788032457318473,-0.284204382182,-0.718163547864675,-1.24271511084052,-0.00276161752298254,-2.14166665189164,2.18424830205887,-2.73700443598618,-0.480080053583453,-1.90749467965114,1.87686829429372,-0.296520240490138,1.43292355908134,-2.63247289737371,1.01502085088131,1.3925454698021,2.69803682755181,0.0795167337833891,-0.586487551364711,-0.614665315290342,-0.517671087262525,-0.56482977325279,-0.615156176460004,-0.517630134658211,-0.458671267514874,-0.402212853244189,-0.418291974895241,-0.415118517219412,-0.30376878181768,-0.304091261309527
107,0,0.0137512540332523,0.0932272589003977,0.23499480145453,0.209143833871392,0.105228564823382,-0.239604343376267,1.48246072617469,0.60712675469414,0.100485362555337,-11.4132497328074,1.39036073670487,0.433220177975343,0.304021936450069,0.117596515717876,0.219996091424261,0.0428631689791683,0.202438710993348,0.134269714914907,-0.0100192918535219,-0.12800535390953,0.106815878876302,-0.0993778455210995,0.105482223488597,0.189369054884906,0.144652300322366,-0.0749992439139053,0.0738620672594027,0.0997356383656865,0.164411451988366,0.025532244291279,0.0131574951040684,-0.0615839081604297,-0.0462212738039718,0.00941533853739786,0,0,0,0,-0.0135681785303187,0.0117870282444737,0.0525481572658961,0.075372305043947,0.0926498740885367,-0.283873821859998,-0.747770378995859,-1.40391163313186,-0.223726742068245,-2.10510293521608,2.16705209113946,-2.71493705804486,-0.505525801501193,-1.99989882039852,1.91462063367358,-0.313440773689541,1.48333799035253,-2.52303106054714,1.05947617467892,1.41575481228954,2.67751799929475,0.0851532029348804,-0.578771649114939,-0.603766484502977,-0.498279922779321,-0.544386405133386,-0.611761744289367,-0.516939722694369,-0.456948750375911,-0.406516563030251,-0.418730694468626,-0.409648514153943,-0.314404485752119,-0.322180504555476
60.5,0,0.0133459859092294,0.0904797250223237,0.228069185644487,0.202980081169344,0.104131601371236,-0.243758820175068,0.566853603132859,0.591449478601298,0.0916812744050171,-11.1916626700149,1.0884753657878,0.182245744604786,0.432080070262097,0.0961736725047233,0.330766184477785,0.0670748995605875,0.0946355583314899,0.246554591338343,0.0420757991092548,-0.149382323690012,0.184007872215311,0.0825900962750724,0.123520919887836,0.0279761590670211,0.0940690847889855,-0.00589084132290132,0.047804160302708,0.103161179738619,0.210972848457054,0.0285682779107963,0.0131511948090467,-0.0222319136658259,-0.0194396135132549,0.0462265173876081,0,0,0,0,-0.0150624870152675,0.0102967578726935,0.0529704009360817,0.0787302255058827,0.104211994979313,-0.284465757362521,-0.776306968457694,-1.53773555789945,-0.394477423037805,-2.0690499169561,2.19179046365374,-2.67680466904335,-0.536567863646929,-2.09539845593165,1.96321392151908,-0.0856877619144323,1.54644430078027,-2.38752257614627,1.13521750346851,1.46145814575243,2.66013090625654,0.0844784265234579,-0.578370894531163,-0.593461244009268,-0.482149855517522,-0.527506092022732,-0.606233857547147,-0.514008489691014,-0.453539566344033,-0.405824407516421,-0.413776755339769,-0.402526771658568,-0.324336390421049,-0.342093226991239
60,0,0.0129407177852065,0.0877321911442497,0.221143569834444,0.196816328467295,0.10303463791909,-0.228269037750321,0.671252275864081,0.589915990636603,0.0868103443090604,-10.6486345246729,0.627102114932551,-0.143409748848583,0.529976220341873,0.0903613546092881,0.335468633365004,0.038427255700143,-0.117936911368406,0.235977807062136,-0.106123319489521,-0.358814301677061,0.0418336884398725,0.115692328284304,0.141517572842489,-0.130532815192879,0.0929062497897101,-0.00587097475484333,0.0137451551701332,-0.0804317134772657,0.132707007564311,-0.0509223893033129,0.0119616942029483,-0.00809616349502702,-0.0432599511474723,0.0848144841740298,0,0,0,0,-0.0166664836699676,0.00802455513791694,0.0520158066076149,0.080204608029576,0.112972466458019,-0.281948505341376,-0.793991496428931,-1.62537027372389,-0.519198941076435,-2.01332722746005,2.23087121963575,-2.63198423618386,-0.576931078792026,-2.15969306940659,2.01482156748494,0.996030925853517,1.60843015781381,-2.18628530251331,1.23533228989386,1.51296064123327,2.63961035186597,0.0837091321273444,-0.580328226941751,-0.58460483281581,-0.47343797914901,-0.518240110414459,-0.605564727966962,-0.513405501488582,-0.450276802590986,-0.398313489013584,-0.409267355925861,-0.395468455858123,-0.336751969531931,-0.359266953574872
58,0,0.0125354496611836,0.0849846572661758,0.214217954024401,0.190652575765246,0.101937674466944,-0.20952239369735,1.26567271822089,0.577711611290677,0.0872687386988318,-11.3873319083746,0.962675273212097,0.217129703862832,0.327326952916285,0.125490634941316,0.25388456196516,0.0759400847146547,0.114844834574274,0.208034867892263,0.129682997194296,-0.111048509554356,0.212762875051793,0.260963837309012,0.289962822698937,0.130341628504018,0.212723513587664,0.139164767277673,0.00186214450627004,-0.0836122680842733,0.0955185578211492,0.0247262695517026,0.0240960553741552,0.00110581189161026,-0.000273980236168953,0.0327831952691177,0,0,0,0,-0.0184082508120175,0.00484552914138287,0.0494437894329512,0.0794267192023592,0.118593821141955,-0.27676284647829,-0.796805385778275,-1.68309645732924,-0.611708050243076,-1.96008690779647,2.27106766624296,-2.58574623477188,-0.619880034897943,-2.19330646981015,2.06087749969698,1.94791207221531,1.72786948682821,-1.79584903582117,1.36762518736004,1.55530058979508,2.61544304872643,0.0849667156941725,-0.579836365932454,-0.579157788894587,-0.471995154718968,-0.514879945370221,-0.605872913963869,-0.516850375143299,-0.451766049355922,-0.390321901629097,-0.406808515084526,-0.390008672797951,-0.34834443168129,-0.367960620266216
115.5,0,0.0121301815371607,0.0822371233881018,0.207292338214357,0.184488823063197,0.100840711014797,-0.20020711802719,1.37991818461182,0.48628092125241,0.0908647327821209,-11.0635151209575,1.34260332074947,0.588713556806089,0.409093725253834,0.235756500463575,0.244900134101628,0.210449221386343,0.314391838932392,0.108173049543107,-0.0339159139707712,-0.279775341898113,0.15134837634657,0.206809083958517,0.121984531244622,0.0055834153015012,0.0814557824853737,0.0365064098079292,0.0332017736244504,-0.0440985045195058,0.0697462624750601,-0.0190775277051668,0.0117504397766566,0.0181205836729209,-0.0814062080480102,-0.0390417477105261,0,0,0,0,-0.0201693337399168,0.0014018337781508,0.046336101270589,0.077853992541496,0.121543441260333,-0.273888441433162,-0.785350535242915,-1.7252128483357,-0.699648620326398,-1.92736963376153,2.30514057212991,-2.5492939381242,-0.656296027132916,-2.23458019404535,2.12604261817624,2.11317886118312,1.9126962885333,-1.1037221495861,1.56634870463787,1.59889590522806,2.58272938178548,0.0906810298516439,-0.575736133165771,-0.575466140600913,-0.469926608386105,-0.506879158078906,-0.597389645235321,-0.516016148413208,-0.450862617686226,-0.38611650165715,-0.405041099709319,-0.38364698507266,-0.352299544153177,-0.369509932872027
118.5,0,0.0117249134131378,0.0794895895100278,0.200366722404314,0.178325070361149,0.0997437475626513,-0.187369937542381,1.26942653675543,0.423117447231391,0.0978981456379302,-11.2529788165447,1.43569647815877,0.726710098303684,0.361828397779445,0.0855724102999352,0.37641559805292,0.225957863497519,0.0945009498532366,0.00648585604523711,-0.00533130729585383,-0.115232919578778,0.0431700258713738,0.0318700799546378,0.0778777929105832,-0.0738906428890722,-0.0722170460233152,0.00637872179509506,0.104560391682869,0.13021158497207,0.0377316632329454,0.0105983802968968,-0.00922800148689998,-0.00893005474109445,-0.0904416855679011,-0.0147604618096782,0,0,0,0,-0.0219021454659575,-0.00195396920284887,0.0433832598583262,0.0765444208165004,0.123862698890186,-0.272908523428713,-0.77187054364924,-1.76700402338815,-0.7892506042903,-1.9025681018253,2.31818081184016,-2.51494468491959,-0.689212701798886,-2.29702441621667,2.17362896881653,2.05565771958608,2.0175911028022,-0.458227336149259,1.71609444453583,1.62566624128847,2.55351423495839,0.0972119461768032,-0.572292143236713,-0.571992721578001,-0.470067768854481,-0.492823735795172,-0.580514048868806,-0.508054496079186,-0.443464769607288,-0.380251798896974,-0.402161414782609,-0.378244943120663,-0.353810559361143,-0.368609188230911
97,0,0.0113196452891149,0.0767420556319538,0.193441106594271,0.1721613176591,0.098646784110505,-0.229463022595448,2.06329877546087,0.371966223865128,0.0807952006639503,-11.4840788473894,1.15006511786104,0.51871927537665,0.301212967759825,0.082891290540257,0.351787381058217,0.259529018547909,0.195559050672742,0.0332948821572377,0.00179400456473731,0.0727193703191253,0.0372295917712557,-0.112373057760888,0.133359714656541,0.107289337534262,0.00766570709546857,-0.121371352377721,0.169052418154831,0.162187228323505,0.131653700228817,-0.0297071113793186,-0.0420140546622365,-0.0646412341652292,-0.0102407225939907,-0.0632045564271509,0,0,0,0,-0.0236715504625841,-0.00640855192643831,0.0385679960674514,0.0733112526655935,0.125411849733122,-0.26651259503223,-0.750426086093118,-1.81019917114345,-0.888905096061133,-1.88179044857317,2.32056153037699,-2.47521999137713,-0.717863765588467,-2.36282152745641,2.15194021015832,1.93457407644259,2.04294290541322,-0.118107372704197,1.78326507575747,1.63026730498368,2.53589980270284,0.10506230186842,-0.559486374473347,-0.561812182718204,-0.465469217761743,-0.475302095798465,-0.559731087921878,-0.490707506164812,-0.425913055413858,-0.366072506414862,-0.394676327938305,-0.375930898961303,-0.353422151989021,-0.363108971228582
130,0,0.010914377165092,0.0739945217538799,0.186515490784228,0.165997564957051,0.0975498206583588,-0.286630757258994,2.20061045278464,0.400056662546293,0.0714873761766315,-11.2738844532832,1.18604366703901,0.43183875463996,0.229900796161861,0.209562829640526,0.330653029795494,0.412685815220744,0.414264709866494,0.141758093232219,0.0499542043040156,0.0204102694463541,0.0905851101569584,0.0212050955290041,0.0527522667132938,0.000879158390607976,0.00347531614368462,-0.111038987743772,-0.00713853647160456,0.0171478240820499,0.0725194166438976,-0.116071441608148,0.0255468402108995,-0.0489282601273151,0.102725202314188,-0.0912346409131304,0,0,0,0,-0.0254784535754993,-0.0121099642983216,0.0314032694148528,0.0672665985386458,0.124821944827138,-0.25753471817333,-0.719365002244111,-1.85268731860585,-0.988671715687007,-1.86095095227548,2.33529111565298,-2.44237243043402,-0.750200141425671,-2.44289458104597,2.10183689306663,1.79721407376615,2.10987909336036,0.102449289535702,1.83015018893529,1.64665349814737,2.52292855536729,0.114006284823399,-0.540303374516796,-0.551677391859037,-0.456621948009702,-0.461970222612559,-0.540769912825431,-0.467700967414459,-0.405056479732471,-0.353932598567983,-0.390105318473315,-0.372963852737752,-0.349720499785703,-0.35205556129646
103.5,0,0.010509109041069,0.0712469878758059,0.179589874974184,0.159833812255002,0.0964528572062126,-0.302191891121359,1.81233265431019,0.418267190732698,0.0805137375410737,-11.1949237385781,1.04469972635576,0.498280225242993,0.333637649618622,0.183625734324927,0.476626598700763,0.194347374474366,0.151565129804855,-0.0473746142182385,0.0149656496266558,-0.0587856019633071,-0.0328927949622476,0.0531393138128743,0.0885179902016873,0.0431664626804271,0.0497460436308319,-0.0310921160708436,0.0473866886843052,-0.0516051750932713,0.0169308750981571,0.0146166070032571,-0.00983013617096591,-0.0380438838063186,0.105530151350637,-0.0701878976583052,0,0,0,0,-0.027287035313358,-0.0179543615432513,0.0233741538125859,0.059492492271534,0.122188218718528,-0.249787644777513,-0.686337358139377,-1.8991511426639,-1.06738594332266,-1.84130003913253,2.35498185829494,-2.42257207780859,-0.793418328285149,-2.57505183742566,2.03637900376668,1.68660489047578,2.17380258629888,0.299287636115402,1.85813679131761,1.66897600818404,2.52542694264685,0.118962873258837,-0.527313603819274,-0.547805530492754,-0.455324811506411,-0.458149109815177,-0.528360580480951,-0.451200103339279,-0.392585478822304,-0.349010924239776,-0.392225989295573,-0.371510250101869,-0.34690997793045,-0.342001105748006
106.5,0,0.0101038409170461,0.0684994539977319,0.172664259164141,0.153670059552953,0.0953558937540664,-0.244441728479737,1.98561065339841,0.318294618314108,0.0903341669268625,-10.3286574447872,0.973990068302374,-0.402484186645735,0.413026560378104,0.5347003692473,0.28589754861286,-0.0547119477191967,0.384110048391024,0.310248342467622,0.021805169096305,0.0775220290666573,0.0752680149887738,-0.21097864820918,0.0935820283131205,-0.0351963189771633,0.0729601256039517,-0.150649946286638,0.137420935720408,0.0595259431008322,-0.101618076036099,-0.0483754799660818,0.0268258411721959,0.0555494240133149,0.0159298246536649,-0.100500461549181,0,0,0,0,-0.0290972861683913,-0.0238194024973314,0.0140094124895518,0.0486780262094038,0.115094571727466,-0.247221590417902,-0.658107701496183,-1.96926243157955,-1.13867234220645,-1.82838545916193,2.3655652969468,-2.40966652465165,-0.849720156031829,-2.79102425509446,1.89476662219201,1.64354315546311,2.20213395327138,0.474897096991691,1.90411525785926,1.70765566895295,2.5387886784839,0.122069995964065,-0.516523408921527,-0.544801375719625,-0.457050190161369,-0.453287509149806,-0.518982928189444,-0.440520347035686,-0.386647887739892,-0.346250175568577,-0.395530496725198,-0.372413181052224,-0.344038546161878,-0.332489302698392
134,0,0.00969857279302323,0.0657519201196579,0.165738643354098,0.147506306850905,0.0942589303019202,-0.16819634527606,2.31455169280942,0.408667933340333,0.104378869094436,-11.2787803893155,1.14908875271914,0.00125369659522016,0.394017883069761,0.487544637464114,0.289338390125473,0.0161383094255384,0.336711353172614,0.229182196775854,-0.117479351644838,0.023846392601079,0.129774201572423,0.00247609812497094,0.239590942575476,0.131953300733995,0.0521669063027252,-0.0225009383176625,0.193960139501749,0.14520182509817,0.0218782155352791,-0.0439385823188399,0.0680714462325982,0.0408379357691206,0.043995483615505,-0.0641946911614058,0,0,0,0,-0.0309091965715174,-0.0297047911179629,0.00338629647506519,0.0346667995694709,0.102443654428887,-0.254155656294645,-0.640147658168922,-2.0742294914617,-1.22828248911873,-1.82655496278716,2.37094407170363,-2.40648305642415,-0.912748758380547,3.13304890436612,1.78841448032972,1.64823835831513,2.28523477711783,0.607424228354297,1.94560986752758,1.75723048504232,2.54684421225375,0.124118254562693,-0.50542283273924,-0.539688741057649,-0.460957359728551,-0.449170165767556,-0.507677943565117,-0.433090470850666,-0.39310976724184,-0.353724775066127,-0.398762642840222,-0.372072189449892,-0.339407148220848,-0.32106644627848
148,0,0.00929330466900032,0.0630043862415839,0.158813027544055,0.141342554148856,0.093161966849774,-0.161915026901903,1.82603814991189,0.668813950575309,0.106593341312732,-11.6167257207127,1.24129781158051,0.397607355825043,0.382357020317668,0.37224284505695,0.299932555613391,0.0782299735913783,0.217754719449208,0.103991824709729,-0.0954552673594243,-0.0580995163605139,0.123041697359025,0.0184669815647926,0.189422215604954,0.11371895220154,0.0350504694015412,0.0214626333845936,0.114892534669068,0.132513226689188,0.119644439673775,-0.051896165433206,0.110232170662339,0.0106990241402223,0.0990814089422863,0.0151982785126454,0,0,0,0,-0.032722756892515,-0.0356102236674235,-0.00788120054173771,0.0188454407389498,0.0867450337715524,-0.26515480941727,-0.620144341189242,-2.19564562420325,-1.34724277393689,-1.83950984906464,2.37640153515899,-2.40849225989774,-0.978470210217181,2.66953728221896,1.78215777178113,1.68159208762003,2.38057754800938,0.757486463619536,1.96459757344359,1.78961598328174,2.55129088739839,0.124823734562178,-0.491464141298349,-0.531437018479277,-0.465560671313206,-0.448985805780404,-0.491444065658901,-0.428020580508522,-0.406833879833977,-0.367362016361104,-0.397383614877145,-0.371624939209547,-0.33315295663192,-0.310927492613073
108,0,0.00888803654497741,0.06025685236351,0.151887411734011,0.135178801446807,0.0920650033976278,-0.168408082059788,1.08029662776551,0.57452607536102,0.103102064344245,-11.6967208310289,1.32152962522968,0.527875469365508,0.31285932495563,0.224989593068815,0.29744920027385,0.133969429419718,0.166268962777202,-0.00118868369967595,-0.0786517788186826,-0.0743690795248177,0.0709748290632411,-0.0263261834563541,0.130991582632615,0.089236737480148,0.0454421658346342,-0.0545136872315425,0.0423766126064382,0.133626831087918,0.142649409415997,-0.0458476676428397,0.111117148179837,-0.0011307463748787,0.139079065053998,0.094228786668259,0,0,0,0,-0.0345379574402047,-0.0415353887444325,-0.0197248384039995,0.00154349799153331,0.0685900695853134,-0.28061836791152,-0.603480080188789,-2.30512707693502,-1.46468776094236,-1.85610343976836,2.38710405274274,-2.40489873442626,-1.06098062112913,2.28717542575701,1.77988260301034,1.73542415894627,2.42832240955891,0.885450156815866,1.98857144698281,1.83420873689677,2.55859408218551,0.122082365799336,-0.479615127752848,-0.522871641545401,-0.465865319640772,-0.447609762753738,-0.475463714383205,-0.423652668473512,-0.415164732178352,-0.378751065656261,-0.39406340697565,-0.373624195686544,-0.329313693645441,-0.307263500416518
52,0,0.0084827684209545,0.057509318485436,0.144961795923968,0.129015048744758,0.0909680399454816,-0.188895352677074,1.69142272524128,0.51209022718497,0.0933893514681305,-11.6740957647741,1.34626087478771,0.528731429722532,0.355096243692775,0.211160211729944,0.311757071405954,0.108102103321187,0.169726932078701,-0.100269856950401,-0.0934626505328243,-0.0388551024473616,0.102213090683448,0.0286436707435182,0.130730661146309,0.0911591228533806,0.0694936181126019,-0.0175159395108467,0.0953483740494362,0.111690870908246,0.183637534682632,-0.00783780006536019,0.0584918828458455,0.0477451218224098,0.146328075812449,0.102706894262908,0,0,0,0,-0.0360644353385843,-0.0466364721408752,-0.0306216301365382,-0.0153054936346296,0.0472537932215564,-0.305393949530762,-0.605821154091831,-2.39317064000658,-1.56549024741321,-1.88368294315385,2.40627204726514,-2.41248033103602,-1.17312007615808,2.08360367202088,1.79840020498444,1.81008562242104,2.52068904312619,1.03101865296518,2.04451957677586,1.88762440604189,2.56026017708141,0.115799836374507,-0.47109084459316,-0.512615571034559,-0.463340959349205,-0.445440970623849,-0.463334493176838,-0.419665870994191,-0.417689554599074,-0.385779528975715,-0.392073693677587,-0.374980463493003,-0.329969371891252,-0.309368719299742
50,0,0.0080775002969316,0.054761784607362,0.138036180113925,0.12285129604271,0.0898710764933354,-0.261371549837283,1.60136285154131,0.529558396608179,0.0878239634589296,-11.6181131906342,1.2697652241675,0.558122635402387,0.447691383655336,0.239448354930214,0.347682176256139,0.186294394665011,0.170831312127128,-0.122932847228192,-0.081646148950451,0.0613251054332587,0.152613844469109,0.106079828597326,0.203468946722669,0.136978139794449,0.100499794064986,0.0181802283119605,0.0971748249324247,0.105843616112146,0.206308763979676,-0.0223122804578829,0.0847441660349823,0.0786629907173041,0.0163157265022958,-0.016539825225602,0,0,0,0,-0.0373967737383155,-0.0511289893012359,-0.040889162342649,-0.0328979200173925,0.0203516596601254,-0.337755557596511,-0.62426025349741,-2.65802178412133,-1.66001453790884,-1.9321876083086,2.42531764265717,-2.46129366149082,-1.30658708375882,1.99685975552926,1.83486586239113,1.90397528177986,2.60817235501074,1.24706558154782,2.11913227403872,1.93250285360678,2.56572024225596,0.109705304246647,-0.464883222466744,-0.502634493128383,-0.464838810391422,-0.448156563525242,-0.453155362266639,-0.417687775877922,-0.418732338464232,-0.391008995671209,-0.387207747073932,-0.375374521333399,-0.33321597196749,-0.311840520687254
50,0,0.00767223217290869,0.052014250729288,0.131110564303882,0.116687543340661,0.0887741130411892,-0.318279127154392,0.984051374503789,0.40576426080302,0.0876478863173257,-11.1023037451495,1.40989234819025,0.576806356742548,0.462432101047372,0.2751401581008,0.277775678311206,0.331854995570609,0.050581207913399,-0.0418510758098966,-0.119964231967117,-0.11101847501854,-0.0269937774375868,0.0738318813604225,0.195723631163873,-0.0672072020513193,-0.0984924191907969,-0.129586051622806,0.0541547156377465,0.0713430101041336,0.0649601189532149,-0.0754151937485769,-0.0182014934197282,0.0831421604831169,-0.0585328390099782,-0.0199794261282705,0,0,0,0,-0.0377099683497396,-0.054105344693182,-0.0508680388020897,-0.0518123378953332,-0.00913067121726106,-0.369673167411645,-0.645371187136412,-2.88767469188109,-1.75082224988894,-1.99518718460365,2.43434812870786,-2.57278407497468,-1.44511176937013,1.9366427205225,1.86996387197049,2.0034024482618,2.64216588121004,1.45741485754223,2.19025019158125,1.9856166189652,2.58524560009666,0.104231479038326,-0.465800814310957,-0.497197012228434,-0.472814435838314,-0.453983742740997,-0.444679494945947,-0.42023346847988,-0.421290216374175,-0.398226419471728,-0.380425704804311,-0.372420703486284,-0.336817489517355,-0.314345454346916
58,0,0.00726696404888578,0.049266716851214,0.124184948493838,0.110523790638612,0.0876771495890429,-0.321524456233712,1.04061380143781,0.423474317039926,0.0858901917333383,-11.1501651985495,1.40004665224941,0.634027694840923,0.349898257772667,0.239684419501095,0.14216291542056,0.103572646197751,0.216666342898325,0.0889296853238009,0.0126684569311771,-0.178730691137449,0.104979639353796,0.0414473962749347,0.121923642747546,-0.0540308284666139,-0.0445226001764425,-0.0732983509869589,-0.0570916372017937,0.0977840261772947,0.129827849682665,-0.0623836105973265,-0.0441552941412911,-0.134789075207127,0.153414303043132,-0.0579043011574081,0,0,0,0,-0.0365471216090123,-0.0545153254024335,-0.0587501415799542,-0.0694296092408574,-0.0391640719018422,-0.400718720096704,-0.670498487729118,-2.88185331940023,-1.84180203464439,-2.06513934980912,2.4403860639531,-2.75763351732385,-1.58759685077945,1.9248522363389,1.9018220232521,2.09033826738806,2.70645147824735,1.71055009362687,2.25647989513455,2.03711927058165,2.59080801518934,0.100273462443035,-0.471263192465717,-0.49640920620809,-0.483848409209408,-0.459469504111487,-0.441776616925253,-0.429014342963147,-0.424173185446691,-0.404926180894718,-0.376261229449625,-0.368301720837277,-0.340060482324056,-0.316169026215063
120,0,0.00686169592486287,0.0465191829731401,0.117259332683795,0.104360037936563,0.0865801861368967,-0.33166057153884,1.22495233135584,0.456207074506733,0.0897933616966154,-11.4089904602017,1.26556194632764,0.637453994190094,0.35961649663623,0.0908501615606364,0.212826794537073,0.201471324255713,0.0291618105517603,0.00618949653181595,-0.0981969704961457,-0.148025072658838,-0.0857991498323678,-0.206418524976968,0.124098521390984,-0.0106513030492215,-0.0436152448530603,-0.229504333724324,-0.0293661346818315,0.09915485570042,0.0576884426163173,0.0103394374230936,0.0761496425504384,-0.00651902006635866,0.152012137660978,-0.035179206382539,0,0,0,0,-0.0350536958726971,-0.053708188729139,-0.0643882128401123,-0.0849873251594529,-0.069459752621601,-0.43217657212362,-0.711999164756492,-2.86416978485781,-1.93371993898381,-2.13416478416234,2.45151514763918,-2.92436851351504,-1.7397576217707,1.95713712288218,1.94453277173732,2.16375722625442,2.80174331369156,1.93841583252805,2.31315266962991,2.09079749345962,2.59626195563336,0.099383409178062,-0.477527619417542,-0.500137594638342,-0.495150303968409,-0.464720012125679,-0.443386042068257,-0.43927336248155,-0.428069592196726,-0.410317370837616,-0.375435011091472,-0.365291039207486,-0.341822383712016,-0.315138224948385
159,0,0.00645642780083996,0.0437716490950661,0.110333716873752,0.0981962852345145,0.0854832226847505,-0.352886280939372,1.5507918290839,0.422247301300154,0.0785406879263609,-11.41527216139,1.21524231274984,0.607053471784446,0.446332096712991,0.186166511539166,0.272877007247011,0.211518064859688,0.00479361645579001,-0.0490848985933315,-0.0576468473694675,-0.0966441654079144,-0.0422060398166868,-0.102071504127105,-0.0172356536714543,-0.158071559156344,-0.0316310110120554,-0.182929960822422,-0.186701098477378,0.120602888925344,0.0726012143956127,-0.0197727364505692,-0.0125620535985551,0.0430289419915673,0.13989509755644,-0.010770963174758,0,0,0,0,-0.033561664894359,-0.0524479979484018,-0.0690155438483463,-0.0994488234985483,-0.0993156723501852,-0.465724372429532,-0.767493756535433,-2.8628814086779,-2.02371100325537,-2.1976154218514,2.45672373305924,-3.02856981075501,-1.90804056407288,1.98181062562311,2.01148812771348,2.23785172048799,2.86368060975772,2.09129988622675,2.36536578083887,2.16302757261608,2.60901688579305,0.100761782320163,-0.480481248557084,-0.505486000883721,-0.507186724717277,-0.472008059754003,-0.448869260462321,-0.448612467964163,-0.432745580401002,-0.416418441633561,-0.378278890577392,-0.359715193553754,-0.34248328853749,-0.317371114089416
109.5,0,0.00605115967681705,0.0410241152169921,0.103408101063708,0.0920325325324658,0.0843862592326043,-0.359396174563154,0.903959403615829,0.394345590605513,0.0643356839820344,-11.342192367375,1.18648716707549,0.73020316567247,0.5475861125752,0.351296016460549,0.34240953753861,0.272196866643882,-0.0239886404669181,-0.104833476345854,-0.0889173875480804,-0.0763642224913496,-0.0623277972699968,-0.0517452293244643,0.0372171818223961,-0.195336361411627,-0.103234103795126,-0.0905154145779048,-0.190322455685833,0.0714696065703256,0.0051254149222706,-0.0890728851249665,0.0123213999851295,0.0177835072016113,0.161684967513651,0.0667347923488407,0,0,0,0,-0.0320710333546549,-0.0511951392688503,-0.0737134097299003,-0.114518225909253,-0.131188672278881,-0.505446567058505,-0.841365840778845,-2.89213187545416,-2.11161493864937,-2.25597023602821,2.45444523141747,-3.12005500383605,-2.08950165806508,1.99748619923202,2.08319422932887,2.30976681939302,2.89368230745268,2.24681017112771,2.40921066966145,2.24554366390391,2.6145320706696,0.100738624531576,-0.484451193867952,-0.511369245954267,-0.518553073294379,-0.476426272570813,-0.459653533796587,-0.458463270432676,-0.431206080683624,-0.416494185625297,-0.382626970304485,-0.357644217530188,-0.345661633689136,-0.32455856833902
75,0,0.00564589155279414,0.0382765813389181,0.0964824852536652,0.085868779830417,0.0832892957804581,-0.374758417315005,0.834435297427562,0.436170592225614,0.0557681568483764,-10.9160184486501,1.55288318554562,0.98382284301191,0.712489559582008,0.382754261391943,0.342505060399738,0.35880949800355,-0.106798837883461,-0.0108712442748842,-0.139156120601196,-0.0440939305728342,0.0781414565343569,-0.0149292650291954,0.196677645770349,-0.183570743458532,0.0183008932422232,-0.202676386377011,-0.156868317844181,0.081395623477527,0.0809105866438823,0.044183230497381,0.0149249293977238,-0.0363716886011154,0.0379439426934569,-0.100967666505243,0,0,0,0,-0.0305818059005896,-0.049946273687699,-0.07843467906904,-0.130088823838605,-0.164926194820536,-0.553021927252669,-0.973930534414122,-2.92303786219528,-2.19638082730267,-2.31146409181861,2.4565029812537,3.0939805764239,-2.26369507617984,2.02187955267512,2.13792566523322,2.37255107993855,2.90869999997875,2.35230420957495,2.43808567132749,2.32677604780196,2.63002356839412,0.0987644809851472,-0.494665595317395,-0.519371631850948,-0.530480609162409,-0.479565834861006,-0.47462286892804,-0.46783798192278,-0.42568992345558,-0.411960235880255,-0.388026362689004,-0.359576536500354,-0.350337578381588,-0.331972023066269
73.5,0,0.00524062342877124,0.0355290474608441,0.089556869443622,0.0797050271283682,0.0821923323283119,-0.4205649929481,1.27332241447009,0.378709113608495,0.0461925204113625,-10.1380228457715,2.00939610397628,1.09467206215051,0.668929373335134,0.0704996446836532,0.106867488449286,0.0832107651966654,-0.145429034796555,0.0170364020305022,0.0890494130080992,-0.0832487725152159,0.00828224592086859,-0.0120958793726201,0.118721978754558,-0.17018902623003,0.000133182928564944,-0.153990218226266,-0.147598966931552,0.181254683658132,0.0271633292682253,0.0122277889806811,-0.00620447083463408,-0.0445136905607233,0.105079740458913,-0.151868745846482,0,0,0,0,-0.029093987145506,-0.0487749629749169,-0.0836165440528047,-0.146957129135725,-0.202364867522837,-0.614302960096873,-1.18923763891515,-2.93698933874296,-2.27465468061098,-2.37044318832417,2.46334638124427,3.03237657402086,-2.42983956316024,2.07070455337826,2.18283502703844,2.45431753091613,2.91986498329279,2.41629438926844,2.46380818177481,2.42111189933936,2.65035753138354,0.0968674712835061,-0.509628357185162,-0.529139269909755,-0.545466523164266,-0.489314087952962,-0.491830812131835,-0.477134086756714,-0.421969451145739,-0.41219104899335,-0.397497660969559,-0.360038116561414,-0.351551726951716,-0.335326108922172
98.5,0,0.00483535530474833,0.0327815135827702,0.0826312536335787,0.0735412744263194,0.0810953688761657,-0.466408670007629,1.04086789620923,0.376539831979812,0.0779831763749387,-9.33651344586355,2.38757851422901,1.19737317499468,1.03457859056992,-0.151355890882045,-0.0383151866594376,0.0966705822047264,-0.410932851622777,-0.0139482361503332,0.327403903469875,-0.226702218621046,-0.0749016629840736,0.11305129984345,-0.015882668492456,-0.139959683332424,0.110519961586382,-0.203640807183116,-0.059068542713597,0.330389469481448,-0.142707236756802,0.0169191638535827,-0.0649457206918052,0.0107347567135607,0.122410230419421,-0.194884574336394,0,0,0,0,-0.0276075816690776,-0.0475178212002155,-0.0886187481719302,-0.163946450986137,-0.241485603492825,-0.682535461896713,-1.41736587671326,-2.94217374485204,-2.34981619345357,-2.43173797251675,2.47442975914016,2.98259977471965,-2.66956478259381,2.13005520361991,2.22440737010338,2.51342938183149,2.93379187245228,2.48033355509156,2.48668638798605,2.50814108389468,2.66746461977625,0.0930913027173114,-0.530649477689057,-0.547169606827083,-0.562906054773723,-0.504149996368734,-0.512731148804307,-0.489254745229946,-0.423775417529854,-0.417267054433157,-0.411474729575501,-0.361810950625498,-0.34978065223157,-0.333540519610319
124.5,0,0.00443008718072542,0.0300339797046962,0.0757056378235354,0.0673775217242706,0.0799984054240195,-0.468451008802758,1.20044708751297,0.484472384927577,0.120966493116286,-9.77756565572644,2.14125971975516,1.28267121739218,1.04247584645113,0.0166312041450785,-0.0968905825138579,0.124273931278122,-0.371289833332457,-0.133898281958657,0.0926083191320961,-0.336262273668112,-0.0830052533840636,0.278311485913107,0.157112462441847,-0.093619465153718,0.0681619429020666,-0.0562332359902918,-0.0200564669454627,-0.0431335682324478,-0.0470389843930332,0.146809034248964,-0.0218634596506868,-0.114096113560845,0.127528904299761,-0.0954511179912626,0,0,0,0,-0.0261225940173013,-0.0460955339243507,-0.0929237309926086,-0.180062264383179,-0.279947856942755,-0.750861921339204,-1.60786924719029,-2.95483789631509,-2.42654754815045,-2.49130012433686,2.48755650341529,2.95627903436599,-2.91799550017725,2.19486503862,2.26112356374971,2.52256190049003,2.94561807889959,2.54391963099907,2.51138688024672,2.55692264193412,2.68657498495432,0.0787521143406322,-0.571349791084819,-0.587761449408981,-0.592938994446522,-0.534054860914075,-0.551021089344993,-0.515789416573726,-0.442933683265151,-0.434089757976015,-0.436215831903305,-0.371917011277092,-0.352487919634313,-0.335211502550991
149,0,0.00402481905670251,0.0272864458266222,0.0687800220134921,0.0612137690222219,0.0789014419718733,-0.451276630473022,1.12205071538264,0.425029387055956,0.197249725281987,-10.0742804145768,2.22421989269535,1.10141677801284,1.19239403310509,-0.118698794187503,-0.603446188472715,0.0709145351040925,-0.534418985724026,-0.0869264779573231,0.046722245190661,-0.392046190020483,-0.157294944665027,0.105256725083288,-0.0577217299255012,-0.253823284644458,0.256056570337906,-0.0750645463734093,-0.0474955550759656,0.233848527871801,-0.182137008277172,-0.00565257997874042,0.010260627772038,-0.0578625893861858,0.147516510050644,-0.158239413136978,0,0,0,0,-0.0246390287024934,-0.0446814575902122,-0.0971711895970238,-0.196402329952404,-0.318992662741382,-0.81952364583479,-1.76833543082255,-2.97479616197779,-2.50006764716498,-2.55293412400575,2.50175702855011,2.95321128846587,-3.05344563359074,2.25975161630535,2.29296043183156,2.53015510599924,2.95517853505451,2.57785430722672,2.54542249496166,2.65924539415106,2.71500735760913,0.0506473712309305,-0.628760812283845,-0.640892815327288,-0.636902954247267,-0.579466930271567,-0.60170475225716,-0.555612455608975,-0.476455492502117,-0.462913120113682,-0.469517198390167,-0.393881777405768,-0.364794296223266,-0.344365607039313
173.5,0,0.0036195509326796,0.0245389119485482,0.0618544062034489,0.0550500163201731,0.0778044785197271,-0.45245181963832,0.840563696408037,0.363381172498887,0.34662149457007,-9.81321882843365,2.33411473767998,1.14206814445303,1.22036107844631,-0.171828921023804,-0.484073990461921,0.190290046167841,-0.444082602366576,-0.188424325313928,0.0129407974174194,-0.356683691393832,0.125437881482907,0.132911789790212,0.0644466850358155,-0.264373106961799,0.19274800257688,0.16653041658339,-0.0922031338904983,0.123286047131005,-0.179741642753529,-0.0274120710401548,0.108073352613578,-0.16415010236262,0.275050323369437,-0.183409476899212,0,0,0,0,-0.0231568902032867,-0.043275526905729,-0.101362119069731,-0.212879194441437,-0.35830118418057,-0.887682260641389,-1.903748252192,-2.99388593554012,-2.56465456536198,-2.61747472692682,2.51359943320933,2.95088838512568,-3.11205999231326,2.32073193670389,2.32273710255807,2.55210552673597,2.96414219830761,2.59267448449799,2.58666788522657,2.81542368573512,2.75290156021264,0.0245237944173921,-0.661261300651863,-0.665332321517559,-0.661147050595545,-0.601113011819081,-0.624399023032776,-0.574735620863157,-0.494963123876099,-0.477078366401481,-0.484677527489975,-0.406676430445756,-0.372221749209389,-0.352398656750612
121,0,0.00321428280865669,0.0217913780704743,0.0549287903934056,0.0488862636181243,0.0767075150675808,-0.441763092085299,0.971897995588427,0.493649046140972,0.466138374006627,-9.33254875984387,2.36945316749686,0.834655544501034,1.42282310722429,-0.0824944179217844,-0.336067454288439,0.191964709859804,-0.840148808876171,0.233165556114203,0.219384446697345,-0.444249584929066,-0.117652024139228,0.0267953184725137,0.270920939195968,-0.3825462668175,0.213602571405829,0.0420363164851742,0.00992274031210415,0.19283307995782,-0.155247597745027,0.148663330409613,-0.104234784123884,-0.129671130548697,0.183245400675025,-0.171935530737992,0,0,0,0,-0.0216664604925528,-0.041764577652989,-0.105276825363214,-0.229111755180858,-0.39753359169806,-0.960788946321161,-2.02564913823585,-3.00959589756115,-2.61912961160523,-2.68231479194376,2.52103884651852,2.93797344118779,-3.13782575388029,2.37788295595691,2.35260737972023,2.57682829884229,2.96873141185383,2.61073081304415,2.62995719748686,2.93718638416591,2.79765756765528,0.00256572718807317,-0.666376047203439,-0.657371045624616,-0.660343310648582,-0.593993605154126,-0.618307335414743,-0.57182792178241,-0.491955753764726,-0.47317376574855,-0.481158033528746,-0.406236230594875,-0.373148030021643,-0.356122724802177
102,0,0.00280901468463378,0.0190438441924003,0.0480031745833624,0.0427225109160756,0.0756105516154346,-0.448183685062209,1.29668773973837,0.567204946320858,0.518348006396467,-9.45733945328445,2.79807768033269,0.833958888727116,1.17641647115977,-0.14244251667682,-0.43626236727213,-0.0885339607709126,-0.936063781100224,0.302505683006715,0.18108299421058,-0.400662710076494,-0.0394075731151611,-0.0475836665957521,0.308665312690214,-0.216062945144494,0.225626268644595,-0.0270538509061893,0.0675384736868742,0.0490453986560447,-0.22535297081558,0.2797245855397,-0.174154285139049,-0.0077214410428448,0.118253318688955,-0.152483829040066,0,0,0,0,-0.0201234025027319,-0.0400466550222683,-0.10895114196397,-0.245306132076805,-0.437461576886443,-1.03574233141157,-2.12313732384447,-3.01718873015314,-2.65965811739101,-2.74274330808523,2.53122786263182,2.92792096428273,3.1222059431277,2.42977001780126,2.38290929796322,2.59876678590385,2.96943159589277,2.62717792328861,2.67619525825071,3.02558323866717,2.8438232769989,-0.0269927398903963,-0.675147091649424,-0.645339119397298,-0.658519904367543,-0.587038332914132,-0.607907582262837,-0.566515803555221,-0.481773735584497,-0.466019214645844,-0.476981289876611,-0.409122038536972,-0.376062377014597,-0.356343653450282
135.5,0,0.00240374656061088,0.0162963103143263,0.0410775587733191,0.0365587582140268,0.0745135881632884,-0.465834785262497,1.40094906978249,0.432596723667046,0.581824982472627,-9.13548144719463,2.44359560787415,0.611820875283812,1.13513716087177,0.0787735113775295,-0.312026620248498,-0.00692750583136175,-0.671509133290692,0.485268169260407,0.0326790009017922,-0.184109526580185,0.0858277693217151,-0.11152161530104,0.276140838352438,-0.377913400163909,0.297734758044573,-0.127112207816339,0.00310582535356432,0.248476277710635,-0.299119414938796,0.214933949628992,-0.10121286097141,-0.130951755678279,0.195119687406599,-0.156684218676692,0,0,0,0,-0.0185138071467679,-0.0380691462408995,-0.112307285400589,-0.261330538960029,-0.477995061889745,-1.11015412786151,-2.1953123547663,-3.01660211751432,-2.69218951155332,-2.79943499982427,2.54721735817551,2.92431234111348,3.10303899681993,2.47774485893668,2.41393244487861,2.61915470918388,2.96900134394744,2.64861673984669,2.72453488592059,3.08818138167057,2.88576675693096,-0.0629335220041024,-0.687514264179065,-0.63674222124545,-0.658031497671997,-0.585592685817085,-0.59588176730914,-0.5576694813249,-0.470743802372045,-0.460383773010524,-0.473462281516457,-0.411443472122212,-0.377885070849119,-0.351713314447277
136,0,0.00199847843658797,0.0135487764362523,0.0341519429632758,0.030395005511978,0.0734166247111422,-0.451727331792293,1.13583237754905,0.375708832723203,0.628434052377128,-8.88818550997912,2.59987047837128,0.100631359616464,0.925982124297346,-0.0382508077635105,-0.754253686142867,-0.175264679078941,-0.593899232923677,0.354219793955869,-0.0290512397511428,-0.197348980730561,0.272473985827646,-0.0743979531432571,0.243157483132478,-0.534420614573039,0.237622244690821,-0.210680926507109,-0.144446149997622,0.311045059327794,-0.197269272005477,0.285786852372034,-0.217460626692768,0.0801146070017283,0.184225485547883,-0.316326483018689,0,0,0,0,-0.0168969458086801,-0.0359816096274369,-0.115393939788386,-0.277043902264577,-0.517746925656337,-1.18443518946925,-2.25990018966271,-3.01732486209565,-2.72042961628606,-2.84991147826101,2.56830007231701,2.92721536711878,3.08689718485811,2.52429626925218,2.44354074094871,2.63901197393151,2.96465899092977,2.67290229482314,2.77167299250265,3.13584622391152,2.92673415960141,-0.104407882138807,-0.701884950994467,-0.628474762052376,-0.656806314948224,-0.582460795154072,-0.57874350106641,-0.544865908657247,-0.460412906818626,-0.459559603537696,-0.471663565916185,-0.411639770979343,-0.38179889376064,-0.346065031950308
136.5,0,0.00159321031256506,0.0108012425581783,0.0272263271532326,0.0242312528099292,0.072319661258996,-0.437619878322088,1.18041584738583,0.442047499022951,0.622046369817427,-8.63983547234124,2.53503041709609,-0.142819110256724,1.03292142024487,-0.141012751026594,-0.958528260177616,-0.00183296401722432,-0.509475852994328,0.330991331626484,0.068420656915923,-0.226557933605143,0.293788272493678,-0.0491304632550786,0.0739721258536666,-0.402462700125957,0.144548780048785,-0.217980381969683,-0.168136706435863,0.294482930510856,-0.151002364084307,0.281046313038655,-0.184983384308599,0.222497821634187,0.151834760422895,-0.287347853710827,0,0,0,0,-0.0152965884060437,-0.0339570193195632,-0.118534909699099,-0.292911733016235,-0.55729722710851,-1.25496501792358,-2.31377458933783,-3.02466130399887,-2.74677379170345,-2.89173548727116,2.59360706564762,2.92857418513057,3.06869090201291,2.56822723004286,2.47238521692838,2.65979209132745,2.95538791718796,2.69215769288163,2.81786633379097,-3.11225833058197,2.966937051986,-0.15490674773923,-0.720421996329956,-0.619990660109772,-0.653555480219404,-0.573215977106267,-0.554955779473372,-0.531723674300837,-0.448522359523412,-0.458983026079594,-0.468363258563336,-0.414098043628564,-0.38686501479672,-0.341875702188213
104.5,0,0.00118794218854215,0.00805370868010435,0.0203007113431893,0.0180675001078805,0.0712226978068498,-0.406730173686449,0.921482604376666,0.45191575466656,0.553777350836398,-8.55404674092196,2.54204132818247,-0.0743258261805178,1.00908802665998,-0.161623080747013,-0.785778028754671,-0.0620527193294144,-0.424324741048103,0.22533489446182,0.104018308541876,-0.161372559699197,0.274018139329911,-0.0370124601497793,0.0786590330382928,-0.297192223469091,0.154342944447808,-0.226731475817993,-0.145384729007221,0.210185163006527,-0.0897366486541951,0.353386623025583,-0.340669260388787,0.292969169944579,0.0571497691381855,-0.324501352171552,0,0,0,0,-0.0136803879780464,-0.0314260629362809,-0.120912292283811,-0.308462971460978,-0.597937705462573,-1.32378252613312,-2.35069965771186,-3.03001962820245,-2.77286312123652,-2.92814195036955,2.61542973964602,2.9260255352475,3.04918725621821,2.6115034316359,2.50238852782687,2.68298389725378,2.94495930594504,2.70754560341424,2.85173552573786,-3.08266480401864,3.00582197408428,-0.220194877719187,-0.740926772768277,-0.601534910127529,-0.646590521099663,-0.562490545600279,-0.528442052060167,-0.522551235434928,-0.43402048919142,-0.454976276322223,-0.460810716026161,-0.418101874869359,-0.388971460485543,-0.33799782951246
77,0,0.000782674064519242,0.00530617480203037,0.013375095533146,0.0119037474058317,0.0701257343547036,-0.37584046905081,0.728282056219741,0.578821212639793,0.447397571838061,-8.49710486356466,2.45871315021889,-0.0399104887651181,1.04835319826096,-0.241248293042434,-0.658714964180238,-0.181726402079391,-0.360323187046507,0.283626371658416,0.0942082263182742,-0.0623018242155144,0.136873373219333,-0.0553061272069895,0.159901231139578,-0.348683479808048,0.170870084048757,-0.191165083499805,-0.126875267812607,0.232215579652272,-0.0734857114087519,0.346925198218036,-0.295565053772401,0.230356224795306,0.0971113559374233,-0.339023486894068,0,0,0,0,-0.0120479256247579,-0.0281469313848075,-0.121694256075877,-0.322212183447134,-0.636705464522139,-1.38619892111605,-2.37679166392353,-3.03259131416611,-2.79665978894926,-2.96037055056003,2.62541056449882,2.92286970353664,3.02874239067389,2.6498201585188,2.53241171324217,2.7064154798016,2.93576118673864,2.72105663764388,2.86533458855337,-3.06944729813051,3.04050218438462,-0.302222971312825,-0.765441703018632,-0.573539669858634,-0.640987962937246,-0.552387367274368,-0.500527419256111,-0.515845285792445,-0.414157444664596,-0.449582140749025,-0.45283692625628,-0.421137251722159,-0.388778814654181,-0.33435022336694
82.5,1,0.000377405940496335,0.0025586409239564,0.00644947972310281,0.00573999470378294,0.0690287709025574,-0.365414748872019,0.920639552396722,0.731363093701955,0.458337399661683,-8.33830620260676,2.43995623802707,-0.181730210359713,1.10940959227797,-0.320371683299868,-0.659055900039545,-0.216325720496357,-0.337711355686515,0.295157138784156,0.078278582864522,-0.046288092424195,0.0278469996288084,-0.0298743823147517,0.127383494525215,-0.468160927537834,0.187282766038254,-0.215865886222796,-0.118304910750307,0.291214848756678,-0.0917272038755262,0.282072722904388,-0.242169145186216,0.156081853536898,0.155821833904092,-0.364488257075862,0,0,0,0,-0.0104170686442973,-0.0246466613650107,-0.120941861220703,-0.332874115847281,-0.669268460322982,-1.43421839559143,-2.39522225308617,-3.03576629064075,-2.81740718653262,-2.98816477937186,2.62829486635058,2.91779531070249,3.00799585223789,2.68043796540153,2.56063738052004,2.72457215890075,2.92676851565725,2.73154294127858,2.86767096877102,-3.063140443945,3.07015179311884,-0.394310708239709,-0.7953132583245,-0.546209728639435,-0.639920297339416,-0.543854655323315,-0.4720657683252,-0.505452267434305,-0.390382352919144,-0.441761147420387,-0.449334468575012,-0.424960636263624,-0.387545393152425,-0.335987390699689
83,1,0.00379904702142119,0.0259213875011782,-0.166345642829741,0.0129846777490314,0.0684068875837343,-0.358621727947285,0.94713491246929,0.704706212750725,0.542118753632091,-8.28935967095129,2.58442420712524,-0.207403293689046,0.913592801718462,-0.210339819767899,-0.625887862997946,-0.199478948823505,-0.34640198982177,0.317531520916573,0.011047301727442,-0.0421731831859131,0.0781400927934997,0.0276332539751362,0.020778136254686,-0.414191881185726,0.186453439263548,-0.259538223244196,-0.0608076040206213,0.291309471204437,-0.0549666826640137,0.247570829974682,-0.22247869889866,0.103909696833286,0.188591537037193,-0.424193890963822,0,0,0,0,-0.00878782333205618,-0.0211623324829328,-0.118689678173024,-0.34021637705327,-0.695427686734654,-1.46916359088531,-2.40641608671752,-3.03802305143428,-2.83380916976147,-3.01172879913433,2.63158630262169,2.91303071115697,2.98844825424064,2.70799574479864,2.58799666745483,2.73880519998572,2.91947976971123,2.73992190998039,2.86635594132866,-3.04189108993647,3.09745501579378,-0.491683196646327,-0.832638897348671,-0.519193820327889,-0.639937275518449,-0.539469750205216,-0.445229958283273,-0.489509700267308,-0.363789747911993,-0.432262906734933,-0.449265979283395,-0.430838445415266,-0.384598489302756,-0.340083778144723
83,1,0.0590579127875476,0.40295975115468,-2.58591862944416,0.201852717734942,0.0736443259092302,-0.363566575786066,0.906071806331247,0.614853424017676,0.566380550254237,-8.16406894902151,2.55712669914092,-0.331067192196342,0.860557738242118,-0.154180494201439,-0.750334299031495,-0.10898864612045,-0.441566659813104,0.332724760386085,0.0188576753892057,-0.104485491832474,0.100207998045777,0.0172572773125172,0.0201799291228721,-0.422758223332329,0.186129867650602,-0.280028665948784,0.0177879477689855,0.246865035347047,0.0286843850120266,0.176847068222466,-0.199427482270026,0.0760423716209398,0.11917913288651,-0.363918103846048,0,0,0,0,-0.00716019593676486,-0.0176939201133363,-0.115157725303475,-0.344792151550938,-0.716098250297867,-1.49370004014623,-2.41181119548082,-3.04029231477539,-2.8470496588294,-3.03312611772699,2.63599293837569,2.9077045609848,2.97044579500942,2.73313289298603,2.6115672724854,2.74897192660807,2.91142920075777,2.74412778791019,2.86649754854647,-3.01723948714449,3.12092060987391,-0.59379531911952,-0.879024690605835,-0.49325251390053,-0.642803676860055,-0.540525803079392,-0.417651158464301,-0.471567727829493,-0.332633634885328,-0.422002546820918,-0.449544687364695,-0.437602032756588,-0.381937341758579,-0.34182892075377
84,1,0.0825299935341698,0.463062432450614,-3.51340267381227,0.204318435018608,0.0765608112653484,-0.360702822086683,0.726065856515617,0.599966731755424,0.516125717591609,-7.95496128937977,2.5029026777457,-0.398693011323111,0.862914292230555,-0.179751493418296,-0.84626234581424,0.0211502595281041,-0.432362133142441,0.324068385067291,0.0851480745027595,-0.163012013480459,0.115204950009507,-0.0344251796111707,0.0211691468975697,-0.42522544439434,0.175560267629955,-0.256336815031553,0.0601272992160649,0.249096881271482,-0.0393455068458522,0.237065911850737,-0.303496553867901,0.161527444684261,0.107413099197969,-0.359074514526552,0,0,0,0,-0.00553419266046065,-0.0142413983236566,-0.110762407232105,-0.347547203564406,-0.732757867041585,-1.51078380484205,-2.41460988788906,-3.04271089503727,-2.85657760019953,-3.05170517832908,2.63675737338139,2.90069669010512,2.95406327265389,2.75605478202373,2.63114248866095,2.75699450613478,2.90216273841286,2.74495114623138,2.8722820654468,-2.98666159554771,3.14033342743723,-0.699925033426991,-0.930864154803125,-0.462665716449228,-0.643851366170089,-0.539588759303165,-0.38560670523885,-0.45607459191085,-0.300742912616425,-0.410859945864963,-0.448164725208172,-0.44057771234755,-0.378544275308251,-0.345085657034012
85.5,1,0.0830142276320652,0.486503753018886,-3.46315964100572,0.180058580261494,0.0728688413409284,-0.334725577457396,0.782638747871786,0.616942937032325,0.484184604418797,-7.84808833193704,2.46276799100321,-0.440676050103209,0.840140515693575,-0.217330131951231,-0.806362828020215,0.0784551470394873,-0.343234283775395,0.233173301915205,0.158741585036829,-0.147238324981786,-0.00626243112594853,0.00872235901703677,-0.0153423878642397,-0.447724144681198,0.277801095515159,-0.306789951944669,0.125070008949997,0.23630912184302,-0.146538203386572,0.354441742189023,-0.388220802520467,0.187529151957758,0.0897260601919179,-0.370913484970268,0,0,0,0,-0.00390981965845834,-0.0108047399030893,-0.105680398640188,-0.348913228773881,-0.746385729126146,-1.52305435132144,-2.41713738545937,-3.04675348695468,-2.86449158734407,-3.06849271385728,2.63183547292348,2.89283688790222,2.93657136987756,2.77448990166661,2.64714515783757,2.76230049410532,2.89184413874717,2.74329705517344,2.87890103306508,-2.95591042413458,-3.12756096607717,-0.81298753307743,-0.991043788162975,-0.42520677452694,-0.646201931012676,-0.535609290909733,-0.347202173282755,-0.44323598550312,-0.262894440134619,-0.394366057335898,-0.441317735925522,-0.437597744570043,-0.376119333652428,-0.353124675765492
86.5,1,0.0803312698897125,0.510635349754882,-3.50660610537175,0.202806209689085,0.0711915838937293,-0.303369444076886,0.970538780612283,0.613957710586638,0.505231752899476,-7.72994704146611,2.45942594432505,-0.459005051725161,0.774774913054149,-0.140014775761363,-0.830950802624676,0.147685968117646,-0.261439022608452,0.186577880165595,0.247673796593177,-0.231062601049495,-0.091644924485106,-0.0160345198061534,0.0112174175619064,-0.406547784844709,0.322825981650487,-0.340562504970826,0.19799812154553,0.173573605497899,-0.125930744036319,0.387996719297647,-0.417971649829329,0.148021775279548,0.102617386697782,-0.399012688209644,0,0,0,0,-0.00243028149112514,-0.0077760965543409,-0.100684007860047,-0.349916717402998,-0.757276514458736,-1.53249153780156,-2.42177857542507,-3.05448389639615,-2.87324331546187,-3.08436391558405,2.62386805819946,2.88397640825742,2.91678833490923,2.78751339883888,2.65842527987484,2.76433436741844,2.87983721718999,2.73998325864522,2.88184176151882,-2.922360954949,-3.11681123909873,-0.935700541977485,-1.05580588242158,-0.378952262651212,-0.664794683383398,-0.549586720325778,-0.31800802229788,-0.441693582238114,-0.216650843573693,-0.358609232112604,-0.416812592539372,-0.41868017892817,-0.365337916442987,-0.359951607767724
88,1,0.0814702379179765,0.495991342054228,-3.85366959755061,0.235903756890177,0.0745248016089188,-0.296002675650964,0.945603306579287,0.614585151081092,0.497938277831465,-7.70779419173086,2.46475181200993,-0.527067073480703,0.732070638408117,-0.103085230662678,-0.832692664928678,0.18467158417894,-0.244381394244703,0.244335026928228,0.236946670834556,-0.349893476987031,-0.116803103453101,-0.0649748862659892,0.0658904407512284,-0.349057309807081,0.27059125642185,-0.284922859043256,0.208187352211768,0.142280752948062,-0.178248676548897,0.349740587471382,-0.380412212254831,0.136394079274933,0.137266165566517,-0.395793127114246,0,0,0,0,-0.00104842355812776,-0.00504941816883328,-0.0956387516766364,-0.349801195416085,-0.764857210021181,-1.53975665349894,-2.42844770241938,-3.06634485165556,-2.88253313973224,-3.09843230352469,2.61472330029951,2.87438513803749,2.89581834633317,2.7976292248946,2.66625209438203,2.76599385679829,2.86845540363806,2.73690426061812,2.88495734618177,-2.88616252152639,-3.10838923548398,-1.07180182613107,-1.13592359335176,-0.328414743473327,-0.700564032560872,-0.589594054020322,-0.306658562154657,-0.444097781171981,-0.157567834190684,-0.304339607092656,-0.372393546426925,-0.367635207421082,-0.337630134315099,-0.353347949742886
89.5,1,0.0797583135475541,0.473199554804144,-3.72504591387262,0.189262082363109,0.0746442959411722,-0.296818419878677,0.944733641188629,0.594356638269552,0.467778321908316,-7.67586976898817,2.50078616741439,-0.602333931760414,0.682723182986728,-0.0787645115458119,-0.73851508738505,0.209856642958257,-0.227614299912834,0.279269199122566,0.230951617956208,-0.386763917443509,-0.156444178926058,-0.0422439657150696,0.0798208306176634,-0.305098719129074,0.265868109679782,-0.240827097293248,0.204190881838286,0.156361158273174,-0.271835498096088,0.359693890859877,-0.344767667657067,0.105710598754216,0.171609165123808,-0.403207449352572,0,0,0,0,-0.000163477453170406,-0.00299963381508689,-0.0904797473723496,-0.348386018885161,-0.769923962750244,-1.54388675877792,-2.43465930076831,-3.08256442326138,-2.8923542187803,-3.11137474605692,2.60578130833664,2.86285957400988,2.87385596446694,2.80592692429214,2.67135719288899,2.76719416499624,2.85785737788629,2.73447941469612,2.88832180820131,-2.86211725589172,-3.10033257744452,-1.19558049559451,-1.24195368212159,-0.324974934966495,-0.757048568104179,-0.636544708741833,-0.313056815651922,-0.45700753134877,-0.110710554245634,-0.276231329216306,-0.344695748147249,-0.309781153144507,-0.327303856002676,-0.356226486086048
90,1,0.089550441632118,0.457307925564174,-3.87761913742024,0.163381553639727,0.0767595518529158,-0.295088444879862,0.953787412207936,0.547343039215895,0.431744601256358,-7.68010427798184,2.52828758002402,-0.634596486666497,0.564712122333817,-0.073530091338341,-0.654692178036886,0.304931282174032,-0.28766256554036,0.265708140914845,0.289831104216385,-0.450321530544675,-0.166958570084246,-0.109944884590339,0.137018826694912,-0.246237118576458,0.205248944973234,-0.143421413026887,0.135287477054014,0.162458897418787,-0.292556310047116,0.335402794596363,-0.241169191975946,0.0568903400532949,0.176476151334595,-0.379623072775859,0,0,0,0,0,-0.00210689667002331,-0.08606265086439,-0.346791103074928,-0.772678944393516,-1.54370110716803,-2.43870071641224,-3.10046114950573,-2.90092549345507,-3.12307355404642,2.59932019789507,2.85039596445327,2.8515864591515,2.81398643328323,2.67431604754076,2.76817438279509,2.84605024090696,2.73204426073201,2.88875366102837,-2.83631382568067,-3.09332141935572,-1.27563618845626,-1.34515164019035,-0.362582269514162,-0.80949155018203,-0.676094513044734,-0.326563735162212,-0.481307406623621,-0.0982034400341492,-0.261408355167565,-0.324358702101181,-0.256753698424059,-0.320206179297912,-0.364318710402743
90,1,0.0865827635772591,0.447093747007565,-3.62611759420475,0.157478451319279,0.074716716141594,-0.295831965059788,0.959483756961575,0.513469762814135,0.404959467207997,-7.70817773961295,2.6915489758394,-0.739012952051926,0.430809134435366,0.0448696934074595,-0.733455942061209,0.50224142893019,-0.411995104860784,0.263585344751742,0.328510919940942,-0.528930563891425,-0.073464720858024,-0.2693707730454,0.271452259234055,-0.18301780810645,0.0530219314863461,-0.0678815539572034,0.0652270171923631,0.217356599452175,-0.354600598377405,0.333277413303579,-0.150914284117689,0.0468854296771831,0.189860598965217,-0.405344088091944,0,0,0,0,0,-0.00178194409928029,-0.0824041319500175,-0.344978801811775,-0.773224547281338,-1.53901401200869,-2.43960107373757,-3.11848159947733,-2.90837700578414,-3.13285248476774,2.59638277357332,2.83588049309162,2.82910543613407,2.82034596456122,2.676186525524,2.76887207102973,2.8330993551704,2.72888753549741,2.88848398350521,-2.81475837129917,-3.08856132769292,-1.32175545766373,-1.43585899726656,-0.396279367188558,-0.827157026049716,-0.706220048407301,-0.334781368871711,-0.50151189664974,-0.104337569390025,-0.22926575174996,-0.293168238070546,-0.198579879251113,-0.284549237098811,-0.354910182191002
90.5,1,0.0836657228281923,0.455775798780682,-3.50742973608302,0.180531379245734,0.0707714896741039,-0.292023805047508,0.76639670563861,0.520840107660003,0.39977636155943,-7.6919029197771,2.74530888234838,-0.850779271520393,0.407774509324863,0.0386445651029136,-0.628216379459588,0.49510390481451,-0.418487376653409,0.227719358050954,0.312922648804687,-0.540926624473704,0.0395197972911016,-0.439843543069308,0.381115970547503,-0.130498228855646,-0.0850795375562372,-0.0357305418059967,-0.0142035999128991,0.304647906276912,-0.34857748783432,0.217888517795992,-0.027786165250882,0.0507672727983487,0.158333280164072,-0.358818484791569,0,0,0,0,0,-0.00167192547019877,-0.0789690063032324,-0.342566616402627,-0.771813064204979,-1.53011504316394,-2.43719112712889,-3.13715555410146,-2.91636147850972,3.14147342552228,2.59694355502868,2.81935630446627,2.80655211878065,2.82301260135335,2.67671065634145,2.76951862584695,2.81918008704861,2.72494157588047,2.88910108390488,-2.8103326413186,-3.08467808410031,-1.34605699385963,-1.50567436200811,-0.414897619046072,-0.814624136459752,-0.716261579036553,-0.340918897764927,-0.533985923104971,-0.128677831089587,-0.208565298736387,-0.277387844802424,-0.150087267163266,-0.252577303700825,-0.351294689370802
91,1,0.0871251113113082,0.451600444217153,-4.0203155182696,0.190591005835464,0.0714310882107706,-0.288802331060273,0.569794271530696,0.516903003427581,0.414930431466534,-7.62945373936162,2.61281256187555,-0.782015910883009,0.412423379847688,0.0129059882850433,-0.501164198536182,0.342699493550833,-0.308428754079714,0.261957970818935,0.327072905527398,-0.576693500246635,0.0526139003692077,-0.486439175942536,0.38347260015694,-0.0208349134927051,-0.0982796762047913,-0.0519611756138797,-0.0730329972118965,0.264052194407008,-0.248719262433714,0.0952200697982193,0.0557166546783487,0.0181405896020804,0.18663277227891,-0.316419235816055,0,0,0,0,0,-0.00156191575610559,-0.0753072872942441,-0.338817140638355,-0.767392497036701,-1.51649304458399,-2.43168190690889,3.12649362212852,-2.92673372705732,3.13140377306573,2.59950355701296,2.8012894971536,2.7835007211481,2.82316209139294,2.67575561129301,2.76978381359161,2.80415169809093,2.7205495779094,2.89185185145182,-2.81205006501129,-3.08147085012443,-1.35318576143505,-1.54987774800358,-0.417482615915905,-0.783139275381745,-0.704646693468873,-0.341333106084145,-0.565604308768191,-0.159150058027552,-0.206333178253961,-0.279935843631466,-0.117896332619343,-0.235073670798909,-0.35210431729208
91.5,1,0.0863973484867365,0.449069304833318,-4.10697469065617,0.175599108609275,0.0761196780109574,-0.297143746666764,0.569582452357082,0.502768351913953,0.433094420639886,-7.57716614821781,2.56520764908573,-0.761713685158829,0.355505996285209,-0.0496032471101302,-0.308406629872349,0.311857672758964,-0.35168234723808,0.206750797502868,0.318084444339632,-0.51109119893389,0.059937299500513,-0.438062412344659,0.259790353691845,0.0553770209371568,-0.228500088960159,-0.0216883364811277,-0.102013272798104,0.305811922790419,-0.130701185224934,-0.00716724970302005,0.0903827917355132,-0.0149875023712242,0.127379292257924,-0.213984207383629,0,0,0,0,0,-0.00145347820223555,-0.0712414996158554,-0.333357675042391,-0.760255724489459,-1.50040590539373,-2.42520954145487,3.10546955722581,-2.93925235544137,3.11921136256592,2.60110145660839,2.78123962678562,2.76028411995152,2.82202144053406,2.67488215903766,2.76793850813471,2.78898669221029,2.71522986837979,2.90182355089328,-2.80978465466468,-3.08115231370645,-1.34037400782522,-1.57154835559156,-0.422805043203152,-0.764134926225884,-0.702534919522186,-0.347031424208069,-0.575947732422697,-0.170025168680515,-0.203994758235988,-0.298622755259263,-0.111532649817437,-0.231849534837948,-0.344330709964094
92.5,1,0.0832568686497991,0.450570049823138,-3.60957081988509,0.171750413631727,0.0762869647349682,-0.303716899741436,0.745440131614576,0.52295940014513,0.444608454150751,-7.56888488188485,2.55085304149758,-0.70371112714742,0.288734450426916,-0.0612068529129701,-0.199109302684468,0.296116999042355,-0.359131451378278,0.140069648105318,0.339358884086902,-0.503508161454859,0.0784565611398315,-0.418108273041033,0.230504910493696,0.0700906696581708,-0.266903540418282,-0.0406773109602829,-0.109578117518135,0.353402538608078,-0.119302787610912,0.0154380869245805,0.0555372145038366,-0.0094992591965616,0.104135288816621,-0.143677363909265,0,0,0,0,0,-0.00131138688358989,-0.066784355248781,-0.326418436889971,-0.751269018954234,-1.48404683788974,-2.41958778737309,3.08362107144946,-2.95225671125396,3.10633396710627,2.60166357017127,2.76072536189392,2.73685287531068,2.81939407151858,2.67351338662909,2.76552407462933,2.77280468531795,2.7093133275988,2.91168503865367,-2.80242783213144,-3.08243987275685,-1.30358841153881,-1.5765441147047,-0.453463193216951,-0.765392945647565,-0.709563336466085,-0.354350908364248,-0.567110943285198,-0.174271726236104,-0.19805821574819,-0.320592524466306,-0.129249811256253,-0.235941728747152,-0.322125998770684
93.5,1,0.0882376372463703,0.446894610286787,-3.46393953627156,0.172935961924145,0.073797196645358,-0.305822390340152,0.938296528258149,0.54153645773184,0.446050933098015,-7.72090725940197,2.6086904472698,-0.585321609259349,0.210340767557414,-0.00362803076069387,-0.170543282142628,0.292691172032345,-0.283718170553438,0.0835044908961966,0.317529037803307,-0.521490233421811,0.0902096403645515,-0.44901203406187,0.292560829580793,0.0852996446758411,-0.221455702738981,-0.0972814063873585,-0.166931045066728,0.348247658696435,-0.105469523402096,0.0205100495510052,0.101714843227429,-0.0685470349508867,0.150869409685347,-0.120589773426122,0,0,0,0,0,-0.00121358277018358,-0.0627135868491727,-0.319545647640202,-0.742195151817759,-1.46863719155876,-2.41464409370945,3.06278606268947,-2.96503720911774,3.0929880950665,2.6019044886796,2.73927505327337,2.71137802912451,2.8150126165082,2.67190719781085,2.76303001702489,2.75550698989555,2.70356218122815,2.91626937813311,-2.80129120391025,-3.08407276276927,-1.24328564628945,-1.57925433402012,-0.526399072692374,-0.782590383019677,-0.701936508784326,-0.343450443813337,-0.552215607714589,-0.19929436927781,-0.193431694443271,-0.327149386503145,-0.152364844876617,-0.237553697313986,-0.294030861948402
94.5,1,0.0970996818923978,0.429065743944637,-3.80598224225125,0.158831365021538,0.0749065743944637,-0.308201802463048,0.951032770121226,0.54469972957511,0.449001992118762,-7.93455428631159,2.7204328558008,-0.46587903907821,0.156131055019362,0.106332129706967,-0.138221421728204,0.301140443299574,-0.246541099230498,0.0104947124337783,0.249959266635738,-0.445873146218758,0.0705597086215005,-0.396667810896217,0.349344601483543,0.0324266224737124,-0.130808180219779,-0.169059896670322,-0.223890720572974,0.322901539353104,-0.0778623249000905,-0.0143381674975797,0.188732544191105,-0.0843050915038888,0.182203399380662,-0.153219372567095,0,0,0,0,0,-0.00119825659308386,-0.0593527215107154,-0.313239722898327,-0.733587907143286,-1.45422825432978,-2.40945840018557,3.04379057470651,-2.97763052109465,3.07825058255005,2.60137542231134,2.7164579087871,2.68294323150799,2.80910536486065,2.67069493103625,2.76051983243632,2.73803802766431,2.69797747139676,2.91978557082491,-2.80098468719008,-3.08572421553878,-1.1760243588078,-1.5767790087035,-0.607591541300425,-0.805924160227896,-0.686930569535063,-0.322855650661235,-0.53620626508214,-0.235752080114062,-0.190992622386828,-0.327774905656023,-0.175805304327417,-0.241846468471253,-0.272135703691915
95.5,1,0.100608247196341,0.41297171377015,-3.76119477569339,0.155247898173892,0.0791539679378471,-0.311248158421374,0.773579508581485,0.570161709569231,0.450849910993019,-7.97307195050228,2.68676835035416,-0.364177381605556,0.12170816253636,0.123811944511581,-0.22301448315858,0.368118259185196,-0.338077808535548,0.0775071882439862,0.236734565886391,-0.419360676144852,0.0285225947066328,-0.399436624158117,0.28768078130548,0.0322625422434918,-0.155462665002184,-0.160602660835575,-0.165272303908156,0.273974535049881,-0.0554116114792784,-0.0454394947498948,0.145272958224477,0.00524860111576182,0.100601212518502,-0.0604344355031763,0,0,0,0,0,-0.00118293135899579,-0.0564786830685145,-0.307207380787728,-0.725127596160079,-1.44028332429919,-2.40399074923986,3.02594128471903,-2.99124220936744,3.06273751243204,2.59775659677535,2.69225894027276,2.65021530475494,2.79986714907204,2.6680745951963,2.75677960050707,2.72001494499313,2.69168246453643,2.91807887805772,-2.80034283358189,-3.08851235535989,-1.11453788443513,-1.56732079858231,-0.669993547821978,-0.822167785603736,-0.668046629184924,-0.306607987227323,-0.521813257841101,-0.271990836959924,-0.195132883476979,-0.332695992336217,-0.200688631682962,-0.248782375163134,-0.256633298758014
96.5,1,0.111279372424891,0.413894980506823,-3.35865963449535,0.169339068150375,0.082660768985957,-0.318186665896051,0.603874741165812,0.592779744402029,0.436733717104815,-7.93762299390096,2.64123393417606,-0.319733043446934,0.179310156012152,0.135079267260716,-0.322282354257365,0.448533720427108,-0.458014095854678,0.144389053334571,0.268845120480489,-0.434497683317994,0.0759836701050787,-0.513375212689771,0.290014232352453,0.0503059755276636,-0.189928126995986,-0.117372142503357,-0.0993636381115851,0.208301013269824,0.0355276854715506,-0.122564751467822,0.0932038071109096,0.0484089499273984,0.125773695146715,-0.0403182316291269,0,0,0,0,0,-0.00116760706783952,-0.0541019168295771,-0.301595490716551,-0.717020824902493,-1.42710615460354,-2.39922872348098,3.0075279229274,-3.00643013204134,3.0480425645286,2.59183991654682,2.66859147328394,2.6133103096939,2.78599883937336,2.66353950146855,2.75167753667783,2.70092633665987,2.68413005966558,2.91200265411387,-2.79868773593148,-3.09453071357831,-1.05500221940558,-1.5567420483752,-0.730643133512824,-0.839135633548957,-0.640347937195432,-0.286847257106384,-0.513440960328565,-0.307936174934024,-0.201744240169675,-0.334831882099906,-0.226717314511717,-0.25044272867192,-0.243469840255017
97,1,0.131836247421903,0.400545634920635,-3.2748695440258,0.154164227969505,0.0875,-0.335972949851484,0.455370182324033,0.586075794223627,0.421776383799422,-8.09428289090266,2.68122359248088,-0.206192903265395,0.23519069822182,0.202433840438104,-0.375502502965408,0.388832485445049,-0.502927288092636,0.118404869455518,0.298275204970389,-0.371764534158157,0.116334204657226,-0.610624156996688,0.34150391083036,0.0427265398009741,-0.245260461744958,-0.101976808540319,-0.0728133778522645,0.176061935312369,0.120406524434339,-0.134651339863195,0.0630369748359182,-0.0276099940996504,0.263177836091695,-0.112405738555778,0,0,0,0,0,-0.00115228371953524,-0.0519789499977001,-0.295901861475263,-0.708169540002727,-1.41262596247031,-2.39389189191558,2.98741769251481,-3.02422042912101,3.03342473951831,2.58453105812893,2.64541118590078,2.57482895104832,2.76814668300182,2.65715672221829,2.74638557901057,2.68223413023051,2.67589258686244,2.90300648009406,-2.79337802755688,-3.10418667800194,-0.999525606296177,-1.53978974508489,-0.781260990458534,-0.854310317108462,-0.613485177113648,-0.265425088109465,-0.50948922889479,-0.343349651558866,-0.212860851734802,-0.334780499780038,-0.258709815276564,-0.246365183275204,-0.230087706669733
97.5,1,0.132795724464305,0.369317068391142,-3.55588656588617,0.156139851835375,0.0969190236679948,-0.35456891613682,0.490826897493141,0.561387071375283,0.415059283020546,-8.48376184807557,2.78322358811355,-0.0343920711744761,0.32521398484884,0.278196317592935,-0.365117306585928,0.306694628487757,-0.511203235651453,0.0425451997914535,0.276285633680027,-0.253806736295955,0.0093621771716908,-0.540847060113865,0.366631763835809,0.00438974367545085,-0.272092404680277,-0.0341304227036438,-0.148382437442451,0.137615942403144,0.153844535137299,-0.0474458438771172,0.0355809710990324,-0.0953380845663134,0.299848622438967,-0.127406752305033,0,0,0,0,0,-0.00103149715354893,-0.0495779032838349,-0.289187285900669,-0.697249789330193,-1.39663099617922,-2.38839648389847,2.96528110670993,-3.04428068473445,3.01744826199877,2.57214344967849,2.62210915543117,2.53606213997795,2.74920932451607,2.64929882146208,2.73941651699193,2.66379150809076,2.66664007307749,2.89047761965157,-2.78550715410003,-3.11568650130254,-0.921382157993725,-1.46933185114529,-0.785003094797769,-0.856444077996327,-0.597907625498113,-0.266289583844399,-0.528750058449073,-0.392705875801681,-0.239670302371676,-0.342827573127043,-0.295815495812284,-0.241920690149878,-0.215234455849721
98,1,0.124150709737043,0.369105193347618,-3.96120948573297,0.160379995489425,0.0991224024759378,-0.363264451806837,0.691321045034251,0.553006955765849,0.451661961502762,-8.76187367045856,2.95846454456892,0.167864955891352,0.521482405051394,0.170011178353476,-0.42766170631091,0.261322710322783,-0.454580922058437,-0.0456392201591986,0.106726951561291,-0.243715170994849,-0.0609387722834689,-0.450004145098553,0.449852942574291,-0.0600405400652205,-0.251166877324002,0.0546924588717247,-0.27442549509113,0.133850747110335,0.159261104892491,0.0082655386736828,0.0874807944851387,-0.0898056518166697,0.230457233444326,-0.0776900787985762,0,0,0,0,0,-0.000802580598494048,-0.0468915389301831,-0.28151110357774,-0.684335325523629,-1.37943226946364,-2.38473094171034,2.94012410529766,-3.06402708501982,3.00100537183512,2.55240459326554,2.59894013514493,2.49586084215126,2.72829771510673,2.64002407523839,2.73092914384133,2.64467474491799,2.65538982180808,2.87709138642136,-2.77112253007229,-3.12912193216082,-0.822718734705554,-1.35849430605159,-0.755512263709654,-0.843447684349861,-0.584886415582115,-0.278995982768053,-0.557228793338764,-0.447083323480231,-0.275744340736707,-0.360797185462417,-0.336256636484165,-0.246737960036092,-0.207719242575324
98,1,0.130674577619553,0.364164483095825,-4.35866605775728,0.157038304151403,0.1059430849721,-0.375078265380285,0.839357545210671,0.54480626573408,0.522728972095806,-8.87338521258526,3.08601986795302,0.277857664452334,0.665535323864265,0.0214635741903613,-0.465511498753127,0.245649792279769,-0.366358760926141,-0.154261469330459,-0.0468591126675554,-0.161393731714552,-0.0352170271752981,-0.401230835660934,0.466143157476085,-0.151641724785588,-0.228299148181485,0.0806478509671454,-0.269758807769603,0.177865906944079,0.114188657772234,-0.00889364011923168,0.141918892572459,-0.144390223309062,0.207010078129727,-0.00641913522731274,0,0,0,0,0,-0.000573671493835689,-0.0442060517764476,-0.273299403707603,-0.66975007852468,-1.35962280844388,-2.38045811516012,2.9144967473441,-3.08284554366541,2.98471574959833,2.52692216673059,2.57464134715577,2.45477609106076,2.70307270226468,2.62911148198058,2.72062911315649,2.62667815884411,2.64249984885467,2.85031624144691,-2.75774439649208,3.13620309307758,-0.735692034170396,-1.26829473413183,-0.732923013109587,-0.822233622556953,-0.569072840869065,-0.282122357097531,-0.569461154213976,-0.486844481947106,-0.305404378264102,-0.377787999856007,-0.378927758558878,-0.264243865176616,-0.213624554496134
98.5,1,0.16686903597028,0.366549410378984,-5.60063156349358,0.157751298164127,0.132873849833498,-0.404953340914926,1.2745914237893,0.461570497851847,0.506653279476063,-8.96280451538001,3.0486758288953,0.387759926308665,0.67909463488083,0.0400632179159785,-0.4363784436924,0.221798402509082,-0.327403690823412,-0.198813424052606,-0.019572376038329,-0.0693588134593347,-0.0652913714705725,-0.327909497681652,0.389651829572209,-0.153023856902474,-0.247789961847833,0.0395204951649344,-0.117331662006804,0.189748108349655,0.0185829755603595,-0.0465157062227615,0.169620013354372,-0.174586250516799,0.158464141982315,0.0658057211359628,0,0,0,0,0,-0.000344769863198368,-0.0415214801079264,-0.264513672264188,-0.65349511342497,-1.33747785495329,-2.37502366814699,2.89158389289176,-3.10078076187297,2.9684264897502,2.49645113387644,2.55236442753098,2.41546838382007,2.67481240090844,2.61792579178564,2.70777206210451,2.60986605103441,2.62909523120619,2.81574507206962,-2.75290908988702,3.11259455547286,-0.655822368453052,-1.19975638137013,-0.724546064092925,-0.803674068452146,-0.561942442977544,-0.299415473803806,-0.583692348641485,-0.514632025101645,-0.327122676568618,-0.385499166809392,-0.405797290945363,-0.278120652240331,-0.226550340064046
99.5,1,0.151982746592999,0.354973198332341,-7.95396891294712,0.241204215568741,0.095114185198123,-0.449418295328901,0.939227052247556,0.490183286801237,0.417905620686947,-9.10719504191579,2.9271154472352,0.508009330672693,0.620192565654003,0.0815289778705376,-0.412244247396168,0.188238081769743,-0.250411575339017,-0.204121084171825,-0.0228700984350718,0.0346486899797,-0.145569985748166,-0.315357177931027,0.313842033602352,-0.122831497536667,-0.256330122063257,-0.010573139449575,-0.0268259451001699,0.164471134360812,-0.0251848871667639,-0.0373181705480827,0.143605051341312,-0.0564619283090538,0.0691301343015061,0.0683103511735604,0,0,0,0,0,-0.000115875730201887,-0.0388378621310379,-0.255152244776519,-0.635529826248901,-1.31285071114507,-2.37002444239463,2.86959572468228,-3.1186879608776,2.95138467209922,2.46382471841571,2.53078014302049,2.37700365344578,2.64070572769292,2.60430551790954,2.69010561365747,2.59113733238325,2.61483644932036,2.79101118960889,-2.74939091252323,3.08315516679591,-0.58272045909207,-1.14343863151094,-0.724734316100054,-0.792949468810265,-0.567967523536788,-0.335993921751756,-0.60493607652782,-0.529528204536093,-0.340926528609644,-0.382800373043747,-0.413617639636408,-0.2837682433853,-0.241819045819298
100,1,0.170570230364609,0.346701800614844,-7.81171546102385,0.268738695376176,0.0932491487432199,-0.472021847772376,0.503865186708873,0.589995782330539,0.397367211333757,-9.05176802511464,2.89666052353915,0.379936454630955,0.38322915324839,0.198236405513149,-0.335281549936765,0.166538787271759,-0.207650953818779,-0.154711430359263,-0.0175190696814396,0.0946685794655303,-0.204832150814375,-0.298049221472276,0.175224080182371,-0.0309443562008291,-0.126649589319186,-0.0744941206173476,0.000144782555713018,0.110198737632318,0.0397142814614747,0.0440453899354974,0.056294985112906,-0.0235378578726796,0.0371520319703707,-4.68148420400237e-05,0,0,0,0,0,0,-0.036545775983814,-0.245980966713082,-0.617062912227309,-1.28653844350233,-2.36409171207784,2.84791256930843,-3.13732146431834,2.93260294945272,2.43388235038685,2.50577212252829,2.33778482182942,2.59963457479467,2.58801230826653,2.66789164419433,2.56962132859971,2.59909596781242,2.76731841221313,-2.73487322019931,3.04937797133449,-0.513774915374092,-1.09082429306025,-0.724979305532806,-0.785845584880193,-0.584576264048392,-0.379327766586471,-0.630849302914043,-0.539837671798342,-0.355260665683571,-0.378025287278297,-0.416448915978139,-0.283850149018119,-0.252676212155843
97,1,0.187655672335618,0.338485690134042,-7.01884143303819,0.212501612138592,0.109061268401928,-0.470459626806464,0.689097867669218,0.61349452050342,0.415541990204267,-8.96013233637778,2.88055376517143,0.137446551290962,0.11604175113015,0.280404738793389,-0.296470096044098,0.137269355885894,-0.210410885892818,-0.0518802556987597,0.0613968855678213,0.121613252686268,-0.208722537603038,-0.287807036005275,0.107741902371455,0.104593620152087,-0.0589152163800305,-0.157686746436991,0.0366880663483398,0.0377549720732581,0.177223538081184,0.0781981399485721,-0.0337478996088579,-0.0388415616619913,0.0288298450076731,-0.00678909818694578,0,0,0,0,0,0,-0.034980075824685,-0.237815893732688,-0.599487602859535,-1.26031133662701,-2.35640943899647,2.82806368559426,3.12534728597284,2.91301328574076,2.40588953271497,2.47816413440637,2.29780423510092,2.55786580386624,2.56994695412308,2.64626584994853,2.54792815507381,2.58258618040647,2.73724732713748,-2.71669009211383,3.00850849361214,-0.44598166263138,-1.04191037772054,-0.72666467665567,-0.777709231017443,-0.609819114840173,-0.426292036123044,-0.656047292610463,-0.547771410083742,-0.372021781216791,-0.376567313449603,-0.41836682105563,-0.280412565785612,-0.257232313695081
93.5,1,0.181679673016246,0.329937461805594,-5.30840000328064,0.201900978307963,0.108797795610982,-0.477874566423921,1.07356302837439,0.620249124031579,0.452985053466682,-8.97915827092081,2.72343835854165,0.146776307842781,0.0485468280414595,0.333656511450995,-0.241664191436279,0.149095104587411,-0.215590075057008,-0.00754113167285182,0.152690196827916,0.0436625564882474,-0.173698816864008,-0.295074028692708,0.0466463472653094,0.193277327142401,-0.0291777025936155,-0.209677128148786,0.142744449359077,-0.00715867699990559,0.135380444951455,0.111289611461648,-0.0550715593309661,-0.00358399097877572,0.00905330366828602,-0.0254866266127816,0,0,0,0,0,0,-0.0343421513098306,-0.231127604162889,-0.583808893708256,-1.23603210221649,-2.34760424672872,2.8110035578827,3.1019194039977,2.89335302504274,2.3779408125249,2.44819818236255,2.25492956416736,2.51870947100698,2.54933014054153,2.62563611482026,2.52612189517229,2.56687479702606,2.70200985041857,-2.69842566706145,2.96075179092939,-0.384388046687181,-0.999599606306835,-0.72738832938068,-0.769263230643486,-0.642360631349006,-0.471811197504162,-0.670435618578674,-0.548083328253561,-0.386450241217636,-0.378992627080431,-0.420752146261891,-0.279977953290991,-0.259839762060031
93,1,0.166676056696236,0.376109906999679,-3.17317960161665,0.0996471313114204,0.0972152409053074,-0.460508102928405,1.85848030664353,0.561188229330403,0.559617892345267,-8.86340040435618,2.70209769334363,0.0576534712221164,-0.00213837587650477,0.303143584861283,-0.252788938186581,0.18567825435018,-0.289071554023817,-0.078959259898869,0.216334483793499,-0.125772564107351,-0.0672087215068941,-0.358792944998066,0.0445635021776642,0.175507768320488,-0.0261803520450711,-0.232003529240437,0.137410158902114,-0.0108616475620203,0.068886266019127,0.158363436470436,-0.0297990506413072,0.0160468080828874,-0.0300482577515963,-0.0097386107859332,0,0,0,0,0,0,-0.0345273810115567,-0.225525430659937,-0.569499227833065,-1.21316008273437,-2.33625408086017,2.79830274395348,3.07676882628112,2.87493499481476,2.34828831583212,2.41476145596703,2.20851034029242,2.48065600935674,2.52712475248514,2.60486865695777,2.50340510529924,2.55250730332248,2.66679382821349,-2.67935765712436,2.90998325899822,-0.326455152596372,-0.962527897378831,-0.727735801099634,-0.759541636126559,-0.673423072550072,-0.515276814203249,-0.6764234751851,-0.544571095108939,-0.397894058864596,-0.387081813401039,-0.423115994115481,-0.281726842182311,-0.264251216637029
92.5,1,0.13694141272681,0.329463540437608,-4.46149579116935,0.138104578800251,0.082910658836584,-0.426086400068338,1.86410109323749,0.546881520706255,0.644064493652751,-9.12836406060616,2.64499730888916,0.061059541742956,-0.0402883265242846,0.185654860894423,-0.283051770649526,0.119181018076753,-0.232238006779895,-0.0922830465147239,0.249037287578292,-0.037522421158509,-0.0928372793817394,-0.328488337717832,0.0769809964679977,0.146452139491677,0.050632916123159,-0.163573009213172,0.0462081807869389,-0.0240659803113367,0.0563373994274945,0.108500300214698,-0.0656328374419878,-0.0200335448416923,0.00783671424120068,0.0244440949294997,0,0,0,0,0,0,-0.0351109062652261,-0.219936508106601,-0.554816109416939,-1.18884558992165,-2.32056227964496,2.78737938242185,3.04954766657712,2.85937426834261,2.31806841678085,2.37944628137152,2.15874634842069,2.44458418498394,2.50383913150852,2.58315868946445,2.47921945243011,2.53906549594862,2.63446932285768,-2.66671632569364,2.85363757958832,-0.266498479201306,-0.919430408263909,-0.72205343236704,-0.736373600178155,-0.688913570887004,-0.545795845520941,-0.668698629840966,-0.538270465311813,-0.406118109710797,-0.398577127442789,-0.426021284104588,-0.285974536064646,-0.278071299450454
92,0,0.105376369774565,0.270827653411352,-6.18551835041611,0.194773443862871,0.0683169823175915,-0.41346001307977,1.58199051574522,0.593787732759625,0.654518554942264,-9.28864208060375,2.65507942456981,0.397566925100064,-0.0267564764169492,0.144730116849502,-0.14824928800531,0.138208884771808,-0.188513390082038,-0.205203079308652,0.143064527946491,0.155505716329063,-0.157679221093102,-0.178969978827088,0.0850776764897228,0.0860147328609723,0.06113735299281,-0.15148176529418,0.0658404671483219,-0.0217401691365272,0.0417197292726401,0.0442209752135869,-0.0172257999535631,-0.104609584528207,0.0517103752157099,0.0238622716150438,0,0,0,0,0,0,-0.0359713759157001,-0.213965006549715,-0.539156585534439,-1.16167270762807,-2.30057509069637,2.77648097075209,3.02202893876156,2.8480623532313,2.28961181229425,2.34289787473939,2.10686145877006,2.41121600493422,2.48077584773184,2.56106775599867,2.45409001855615,2.52598062269041,2.60296957158903,-2.68608566908088,2.7883753823505,-0.212801802844192,-0.877879716041178,-0.714330621686391,-0.71250925180585,-0.695333088362464,-0.563999109545748,-0.653822245304598,-0.529990534987134,-0.412255955456567,-0.408066780370344,-0.42953628298815,-0.290192298715194,-0.298199096048324
122.5,0,0.0738113268223209,0.212191766385095,-7.90954090966287,0.251442308925491,0.0537233057985989,-0.408911704872383,1.21595641161078,0.641792997643144,0.596262826063844,-9.59944724466889,2.40161369738515,0.643269040195258,-0.00742855535393826,0.147236949418045,-0.100323933004805,0.247463598363876,-0.111230720844014,-0.19007598086249,0.00766909315421209,0.223199644632816,-0.0194682614335158,-0.183174675099251,0.0479910107739855,-0.0313938682057784,0.0312985859374465,-0.142874844940221,0.0756501941208495,-0.00639342285222691,0.0295603093280964,0.102376717755132,-0.0203095620017286,-0.139695861409136,0.0898376708443471,0.0101430833038367,0,0,0,0,0,0.000454157853448723,-0.0362547323125511,-0.206933554600622,-0.522613979381485,-1.13159419098896,-2.27452058606611,2.76738095201564,2.99546914930757,2.84075623380173,2.26326042973964,2.30300854227613,2.05337163559428,2.38055082510741,2.45816513499544,2.54015142210272,2.42922824796898,2.51364151953499,2.57401722902277,-2.72938267383345,2.73233673463034,-0.171913421705572,-0.849128879562598,-0.716218268498963,-0.704173348909935,-0.704995159785804,-0.584681438386338,-0.642723221117831,-0.52353678495964,-0.418415475396145,-0.413612510354799,-0.431515339409739,-0.288829778247766,-0.312562477357385
153,1,0.0422462838700766,0.153555879358839,-9.63356346890962,0.308111173988112,0.0391296292796064,-0.396925532484183,1.18630104929216,0.543431193094326,0.484288140551276,-9.74721008843771,2.17634696043701,0.700485361333076,-0.0346609265991697,0.223342178634115,-0.120028938088171,0.170885826856749,-0.0328890314696,-0.0613765763663147,-0.036410136532475,0.145795125565433,0.0569298645004279,-0.209834398020504,0.110440136595593,-0.0689083416724266,0.0225061659480324,-0.0563001779896978,-0.00817726262076463,0.0461240742335676,-0.00333620274788029,0.0566686734968898,0.0101394889007644,-0.124395799882816,0.0874387498048358,0.00878981244844692,0,0,0,0,0,0.00137423460082169,-0.0359858366505527,-0.199525564494857,-0.506685859175684,-1.10182660271373,-2.24372549240822,2.76135041746838,2.96807843877504,2.83303584362522,2.24149672553323,2.26319589736427,1.9965715806815,2.3532074826113,2.43803241316799,2.51672260919338,2.40275359176258,2.50069330379919,2.54530765590236,-2.75019321101218,2.69283676979735,-0.141147722055448,-0.826049043608409,-0.720339752408281,-0.703110262812652,-0.71916130068481,-0.599524275991742,-0.628417964325319,-0.517964991586218,-0.425361322996438,-0.415606302510822,-0.432592323006499,-0.287756155458234,-0.320054623223589
150,1,0.0250403453320747,0.114514014922363,-9.44730607841622,0.302794685186105,0.0410888197694781,-0.410869771365383,1.58841480501452,0.409915185222682,0.443113771957177,-9.4552227259155,2.60818826049121,0.555485356209066,-0.0785732515835248,0.0935900181265095,-0.137576158152836,0.132305367712871,-0.100604310845595,-0.173267800906374,-0.120286763593999,0.199999410473007,0.0513006916724895,-0.172460933074749,0.185595091318399,-0.0675647668290289,-0.0497793455174108,0.0419780540119725,-0.00727912031401918,0.0510023097103148,-0.052049638883063,-0.064913428400983,0.0960529070538641,-0.0148766330633396,0.012699769658237,-0.0489175975974988,0,0,0,0,0,0.00229484422114736,-0.0359464429091147,-0.192920892144447,-0.492423443658742,-1.07533421573419,-2.20986414355909,2.76312214605055,2.94377597611713,2.82600705187219,2.22600773870527,2.22676110938003,1.94004670667355,2.32891193418585,2.42178654644352,2.49281796939622,2.37672612264972,2.48623858944476,2.51999572311213,-2.75291139362982,2.65905097375847,-0.120929970666541,-0.810246508303884,-0.722374061644928,-0.701756203731854,-0.733772564285528,-0.604622954454442,-0.609789920795131,-0.514357159967553,-0.433486641832478,-0.418703202306547,-0.435768858337969,-0.291605887075128,-0.32284585324143
170.5,0,0.0201899152435373,0.0923321234119782,-7.61731942884407,0.244141961663373,0.0569371975196612,-0.453236205733856,1.2082887298162,0.512249822316489,0.53721759773074,-8.89820472581935,2.99423393624426,0.432454955003574,0.030509869361005,-0.0892532664057789,-0.136592915555172,0.190376182968042,-0.199497319171218,-0.24060650451519,-0.146107171780967,0.26122348174934,0.129427316577829,-0.231916629639668,0.197334150758463,-0.115973715742281,-0.0464107956025181,-0.00141274950147652,0.091657711754235,0.0398070364723146,-0.0697977049274627,-0.12553174670972,0.163481223408268,-0.0101245177816025,-0.0198443723966287,-0.0393361292133965,0,0,0,0,0,0.00321598561566145,-0.0360671998349765,-0.187027804517213,-0.479734556966542,-1.05205769037784,-2.17443822433928,2.77151770016542,2.92193160492796,2.81951082925915,2.20926362410709,2.19074896174534,1.88638507393898,2.3043055425268,2.40738436547841,2.46908147500171,2.3557659135625,2.46964874002272,2.49722790275277,-2.75502441659139,2.63067601668295,-0.111527712420219,-0.801987313047954,-0.724033882055282,-0.697318060517324,-0.741749042714943,-0.603943771781793,-0.585717995868281,-0.508192525176199,-0.439611538317029,-0.424819223244477,-0.443398067084122,-0.301388835673827,-0.324284982326218
193,0,0.0153394851549998,0.0701502319015931,-5.78733277927192,0.185489238140641,0.0727855752698443,-0.466647147647248,0.975915491194477,0.505655120508929,0.619503979205636,-9.03626661636229,2.92375527744875,0.450603056016703,0.216281228606862,-0.0872827561609922,-0.162451663694635,0.136331990806022,-0.199956380040477,-0.29806185275786,-0.165920630429075,0.185084208836243,0.111535760070761,-0.262411517739265,0.183856031492499,-0.163268686569314,-0.0677030682969255,-0.0519728926010656,0.137803149787831,0.0391391589886351,0.0250410767988888,-0.124133727374009,0.215510900022359,-0.0377355351555691,0.0358974027905608,-0.0618513495310733,0,0,0,0,0,0.00413765768072056,-0.0363236405008312,-0.181767835942686,-0.468314106818428,-1.03188629231291,-2.1436273761185,2.77812848426042,2.89611198836003,2.8070285888556,2.1838483163961,2.15203576550607,1.83098614563778,2.28026278711534,2.39110928567679,2.44503899962456,2.33591926855348,2.45339554573036,2.46966262249471,-2.74591037469441,2.60707346109598,-0.109532996712448,-0.797465943869889,-0.727127927831999,-0.693583390257283,-0.739883403074606,-0.593774450508583,-0.560791001231593,-0.502124456155581,-0.445178216472141,-0.4321680417375,-0.454350856259837,-0.317152785905853,-0.327865681582661
192,0,0.0104890550664623,0.0479683403912079,-3.95734612969977,0.126836514617908,0.0886339530200274,-0.466603471053412,1.7010148780003,0.546285540342274,0.631183400477945,-9.55048456917224,2.80327181953035,0.535142764560026,0.413552462483873,-0.0582331650018613,-0.295206816225294,0.0652035761812232,-0.13472080952026,-0.356223457358805,-0.266353585228111,0.134744293582515,0.0159989654367472,-0.196895254997502,0.22979726921446,-0.188652766943836,-0.168411596378803,0.0153572472425854,0.126549139569357,0.033349269231813,0.0446749156052476,-0.0832901976942442,0.218528712076361,0.0147941849387604,0.0903482544485905,-0.162212783229318,0,0,0,0,0,0.00505985930780246,-0.036713961355076,-0.177187950931499,-0.45864243133956,-1.01653625517375,-2.1178106934977,2.78630279867836,2.86946852620799,2.7905563315897,2.15317303195451,2.1173283168045,1.77630665211979,2.26055352984749,2.37342869921765,2.419812679815,2.31708083258211,2.43735974218931,2.43852605653494,-2.72618699531625,2.58712572560574,-0.109637791189983,-0.792181125988385,-0.729677412148957,-0.690111639753243,-0.72678200693947,-0.576482462077322,-0.546425286240635,-0.505987598334662,-0.452876977720436,-0.439726740546783,-0.466262737214113,-0.33359712841596,-0.333119806391957
138.5,0,0.00563862497792482,0.0257864488808228,-2.12735948012762,0.0681837910951762,0.10448233077021,-0.483623063986942,1.60390994849088,0.601435421215309,0.627807461677373,-9.54617311376839,2.85112847509827,0.729438940029755,0.52307926580955,-0.036167204766026,-0.395681760240435,-0.0371603132259568,-0.146796270333139,-0.327821311302177,-0.255087945970842,0.0843444930687482,-0.0321932981953383,-0.190180288608589,0.285025770005704,-0.188116252431815,-0.184318036759858,0.045815546378022,0.156910621006217,0.0553849447137797,-0.0945087702156343,-0.0300835000784983,0.235345344214651,0.0162853276032857,0.0609322376489343,-0.17382594950067,0,0,0,0,0,0.00598258938350826,-0.0372223586188934,-0.173292656828816,-0.450817745817182,-1.00622490880316,-2.09452737767678,2.80546971236993,2.84910226200256,2.77740468574881,2.12400048682451,2.0936064597719,1.73234187290326,2.24836055467961,2.35915892184587,2.39759756591874,2.305640234566,2.42151517496286,2.41277947237587,-2.7004773849219,2.57177222375331,-0.111441370674046,-0.785928366639834,-0.729276068450601,-0.689048357310807,-0.707048762749324,-0.555936665615987,-0.539525983550089,-0.515108815137089,-0.463256646479919,-0.448162604613212,-0.476626810529571,-0.350637789753008,-0.339197634096928
84.5,1,0.000788194889387341,0.00360455737043759,-0.297372830555474,0.00953106757244399,0.120330708520394,-0.498815795704349,0.936987988582406,0.538422514090454,0.540648808229533,-9.58194627718955,2.91051142898958,0.829221595340509,0.541562465793076,-0.0137259690248296,-0.416225383409204,-0.136652660391704,-0.199151689341575,-0.373991323898157,-0.182597354296918,0.0726033396325907,-0.0189338855693788,-0.274040838067322,0.212972771681207,-0.1612618068032,-0.0613601572620861,0.00346838853725725,0.180671650662757,0.0350823358960928,-0.150876551500481,0.00326884419918997,0.226087564573814,0.0319220764757556,0.0067520145539688,-0.144605818932861,0,0,0,0,0.000399966408717212,0.00764658294709164,-0.037564561170449,-0.170460044144044,-0.444798080966304,-0.996943289180616,-2.07117414915764,2.83503757578375,2.83636882011148,2.76997464794666,2.09974174968516,2.07617236679157,1.69624717592012,2.24158808359903,2.34868672148911,2.38166899891581,2.30048294367841,2.41253113561821,2.39826357538363,-2.66677698616837,2.56276003786383,-0.11872963760094,-0.783612495318496,-0.726296259019318,-0.694503869428961,-0.688777264519656,-0.540881423641925,-0.537829483994537,-0.521956539056864,-0.474544736460295,-0.457491044320941,-0.484109713164594,-0.36291617172997,-0.336721194331789
83.5,1,0.0658362206779632,0.341367822849304,-3.93852376098873,0.18094538948109,0.0993356406890241,-0.502430211929478,0.996607128008296,0.59123570239163,0.450529776905664,-9.58735491506636,2.89361205495954,0.835295952689862,0.604312296125319,0.00164845865468756,-0.398983469186014,-0.19263339172083,-0.195974444712369,-0.341231758169014,-0.132366427501704,0.0827647998063557,0.0343037037945648,-0.371572081218124,0.152181618163418,-0.107617976815766,0.00980569674420154,-0.0385985858092095,0.144094442075447,0.0299496878116425,-0.123284657108045,-0.00816815688813052,0.199675908678199,0.0519099870435125,-0.0409435116508508,-0.114946535869568,0,0,0,0,0.0017482777147735,0.0108734117468767,-0.036981740131305,-0.167387101012934,-0.438056660903852,-0.984972137410319,-2.04475887460493,2.86994881335093,2.82738735077207,2.76617847197547,2.07868192918041,2.06019373957407,1.66359804488451,2.23458270399021,2.3392393579735,2.36491848527192,2.29794621417423,2.41206508616737,2.39071517830054,-2.62808752449692,2.55825924527976,-0.128730547792099,-0.786819904535525,-0.722332779561933,-0.696975797782717,-0.676663765124962,-0.536316631261787,-0.540051920919583,-0.530974828311542,-0.485194901673029,-0.466746514496105,-0.490507088624035,-0.367310074762369,-0.32260964940092
82.5,1,0.087370127014089,0.469627223342958,-5.45526466446875,0.253943068297423,0.0893131676150544,-0.506445170768954,0.99753780124167,0.646401020235187,0.476996465646978,-9.63330109438736,2.80115902980835,0.904684743279659,0.665248760506172,-0.00815326180124204,-0.38227229968482,-0.217335187045522,-0.200977069134218,-0.207148095209929,-0.112820699770446,0.112159571406797,0.00499270712183676,-0.383351124937573,0.146546652030241,-0.0328446190487427,-0.0378879439201337,-0.0447274435952207,0.133458362813664,0.0278959949834692,-0.0525344730134799,-0.0248636044958105,0.174760724871735,0.0464460221018611,-0.0518301052415926,-0.117139479680859,0,0,0,0,0.00364967484005363,0.0149358805041639,-0.0352709434719913,-0.162461884226267,-0.427790404733747,-0.968851057815947,-2.01479552513492,2.90747846302369,2.82020364917101,2.76535902281827,2.05921627083629,2.04538811475534,1.6356180445064,2.23037199358437,2.32748400486678,2.35031394316608,2.29485913761698,2.41594300213475,2.38549444326457,-2.60099264939351,2.55721755966224,-0.135271714504471,-0.790640712072593,-0.717830289518705,-0.695392758308947,-0.66793268874832,-0.532227655843584,-0.542774346703457,-0.542829117891572,-0.496597721872995,-0.478151732880516,-0.494960972100747,-0.370799475666514,-0.307776651149218
82,1,0.0913349489477927,0.474252328826333,-5.57368662222209,0.283047995075296,0.0892293659126603,-0.508111486097707,0.961767754160192,0.682310031610079,0.546773618763771,-9.55884919366904,2.77653444275535,1.01464434066532,0.764707095236972,0.0721365917998232,-0.366392065887427,-0.1730515029832,-0.242848514445166,-0.0611591061234484,-0.0723121451376998,0.0552643275933851,-0.0852863609949012,-0.279238457860445,0.158035821215744,0.00166455566089903,-0.0475336364960432,-0.0872024170714465,0.127400700100431,0.00198451203061636,0.0761427974059298,-0.0664692085307951,0.0787484964034654,0.0122758968533029,-0.0339902441285956,-0.0556038172231009,0,0,0,0,0.00555351084199933,0.0190231624211386,-0.0326426672574395,-0.155754408974127,-0.414266766315876,-0.9476168216276,-1.97780720540378,2.94980468939797,2.81509587632685,2.76476441474384,2.03992155843442,2.02991539770934,1.61431931932429,2.231967332953,2.31251503211907,2.33522009423992,2.28988711793566,2.41630774434641,2.3783638280339,-2.60224071080909,2.55787967140643,-0.135360828857268,-0.790734923717834,-0.714480918985907,-0.696094941815576,-0.658573731718301,-0.533622596031348,-0.550171681294649,-0.555558023127108,-0.509714404143278,-0.491622229305919,-0.49209688006168,-0.371806247506854,-0.294393045050804
82,1,0.109606001929377,0.487853593034868,-6.81942979102111,0.393654633201698,0.0921938480446711,-0.512973089351483,1.0324395793728,0.657627597414659,0.607694733236512,-9.46021891422012,2.95242605223014,1.04510758013243,0.758677826297052,0.100914794486708,-0.332035723256025,-0.128520170767522,-0.289480212676706,-0.100113042894602,0.00107347028939146,-0.0894187859865008,-0.0931597537975051,-0.176209273725875,0.217190879554924,-0.0481045456468379,-0.0390910956295381,-0.0566114028100904,0.0888880637597121,0.0196303158473881,0.124314486780216,-0.103160527923233,0.0202664757622256,0.022395957358439,-0.0703067814270645,-0.000400766142534986,0,0,0,0,0.00745977658831912,0.0231353477064998,-0.0289740289551378,-0.146996714902205,-0.397069986023258,-0.919848769110944,-1.93122982932474,2.99658119559838,2.81074287597936,2.76235059597054,2.02012606936767,2.01702827480125,1.60154011305086,2.24074435851373,2.29793891159017,2.31563260361393,2.28343826680487,2.41321491791535,2.36904713125431,-2.62866014226651,2.5654482655235,-0.122934785238367,-0.786111382837848,-0.717498177401402,-0.701749607641105,-0.651600427074956,-0.547170454646959,-0.561624861054431,-0.567639536173996,-0.522168788615058,-0.501384075466469,-0.482094769459077,-0.369759646438056,-0.283421366873965
108.5,0,0.0886590296933088,0.36496941697812,-10.2189123817853,0.574053382440819,0.0999243840381877,-0.517723463266574,1.80803788585307,0.588701790047344,0.630057361414102,-9.7656588182562,2.85027874991793,1.12996258600867,0.657249559403679,0.0775510521366137,-0.252318514921937,-0.0636421612753593,-0.267837980840904,-0.226794832397863,0.0549482610658907,-0.0676427044398957,-0.0766323980521652,-0.113392902308555,0.258710464776026,-0.152370460844127,-0.0349763321761758,0.047865724612092,0.0900917301023126,0.051330053403085,0.0750852237681058,-0.142066420628756,0.0573135879550471,0.0699668942349607,-0.0990701326634764,-0.0911992560400406,0,0,0,0,0.00936846285276333,0.0272725243025288,-0.0242221500655866,-0.136037520347348,-0.37602088076601,-0.884960333357731,-1.8721400472551,3.05202906120496,2.81031053561867,2.76235255923176,2.00315553322285,2.00653769044889,1.59805190780458,2.25564742120969,2.28469376396714,2.29192441046539,2.27594106342376,2.4136665465071,2.35855233571542,-2.74004791699673,2.58408385372967,-0.099944766404036,-0.780069787153253,-0.723844277558934,-0.709071936989866,-0.646466517973896,-0.564903254608041,-0.577374582482711,-0.582225281696584,-0.533266207890312,-0.505721026123666,-0.465818940704401,-0.367174412652004,-0.276576390043168
133,0,0.0677120574572403,0.242085240921371,-13.6183949725495,0.754452131679939,0.107654920031704,-0.517570853611822,1.71624202794792,0.505887074526879,0.613477689094923,-9.80620068955333,2.78595696233318,1.232266137265,0.596521656821824,0.0987160554481177,-0.289273163933534,-0.0517722006996142,-0.25119662971725,-0.246187057205594,0.0978905226987714,0.0440384791475252,-0.187673259557808,-0.0726724906187189,0.252125549826714,-0.157941319203751,-0.103516452870349,0.0783424382358184,0.173632842636466,0.015090801721199,0.0277073192503972,-0.179834151382987,0.0667920338128481,0.117332473961159,-0.0644587938206992,-0.216952442271762,0,0,0,0,0.0112795603150921,0.0314347778015291,-0.0188791724388131,-0.124036886803359,-0.35360886229791,-0.848581915588262,-1.80780634671193,3.1215887918854,2.8193972086018,2.7702673061315,1.99127963134653,1.99923605254987,1.60502064760422,2.27901325294151,2.2760303497702,2.27537552790389,2.26740157543788,2.41772713314369,2.35061074580237,-2.90533747721394,2.61559784586197,-0.0768307281503967,-0.779718895119345,-0.731299763732755,-0.713137711791252,-0.642300725354537,-0.583570847875644,-0.590669642247404,-0.595119596719103,-0.5439329572371,-0.506232421552564,-0.442417713761392,-0.361874843823831,-0.274704725690618
131,1,0.0467650852211719,0.119201064864623,-17.0178775633137,0.934850880919059,0.115385456025221,-0.517418243957069,0.958319293056117,0.558013805610665,0.589379398419425,-9.73633149400985,2.87992734225391,1.13973657949808,0.50707473282483,0.140942070781065,-0.333623280415117,-0.07114169227757,-0.305587296153761,-0.271420732259243,0.0283209450323065,0.0218141049098107,-0.2301535910962,-0.136250499283363,0.288199556298717,-0.0770270457550223,-0.137177057249178,0.0813667528978989,0.184670820625675,-0.078592273054594,0.121916111161656,-0.161928628048723,0.0448070067326033,0.123101452611636,-0.0217463269616738,-0.277577842377636,0,0,0,0,0.0131930595610535,0.0356221913609533,-0.0134663737858327,-0.112230018073553,-0.332401305138429,-0.816222698422393,-1.74795993088818,-3.08520682572173,2.83157189630296,2.78701028589924,1.98401915263472,1.99296545536204,1.61706041781466,2.30650517346992,2.27449843856499,2.27318333538016,2.25731771772898,2.42428998413688,2.35048959502569,-3.01266423009907,2.66185048242953,-0.0587161527870522,-0.786284131534866,-0.742403677389321,-0.718193896523724,-0.645818435509074,-0.605442339213398,-0.592917282730958,-0.59383334415286,-0.551623747735144,-0.503701216171217,-0.417100234533445,-0.352613954253412,-0.274104938946565
131,1,0.0403948039773446,0.0846240593296892,-17.6085726783331,0.965624876970559,0.116146011782223,-0.514611744711608,1.26044991587916,0.530216994232188,0.595293385362402,-10.0255301157346,2.70837002173172,1.2281540956782,0.49114671030907,0.186152287730521,-0.211902006619815,-0.0104831119861793,-0.229178532855928,-0.179218965477575,-0.0750789210648376,-0.0944399054404476,-0.13390897712259,-0.165161627451638,0.257620959211678,-0.0776951490672138,-0.0627326650421502,0.0877029581266922,0.10170350727586,-0.0960768844436169,0.188029901679123,-0.102282844904625,0.0281443067050409,0.0341944970113568,-0.0485081607003848,-0.214777753334654,0,0,0,0,0.0151089510823664,0.0401230330924066,-0.00741418911368979,-0.0998206232216125,-0.311741000251588,-0.789124928486066,-1.69354566607075,-3.00559047925671,2.83996045783646,2.8080397876468,1.98156030267517,1.98713799877453,1.6293025490088,2.33390028987348,2.28122393472108,2.2776960363445,2.24610161416055,2.4359342469989,2.35907738169326,-3.07519287727832,2.71108961486427,-0.0477580553301056,-0.795277912137469,-0.753574716209984,-0.723549446358649,-0.659964945967757,-0.627059600168238,-0.587781395819764,-0.584750169602371,-0.554040746917906,-0.499868266856323,-0.394599905676162,-0.338587320185237,-0.267468428674752
127.5,0,0.0393817681409222,0.0825018258668757,-17.16697837919,0.941408579115498,0.114425727116058,-0.511805245466147,1.58399337707868,0.435172339113686,0.61867029337855,-9.98378356491199,2.79828866535732,1.34417789325927,0.581717301662978,0.0486269380009734,-0.212523291652855,0.0155559527080812,-0.169930877190898,-0.193014136984404,-0.13645513975879,-0.194350472199952,-0.14511626908498,-0.0721213472225271,0.211005785194091,-0.0625069170530084,-0.0311884179048044,0.0730230136194339,0.0886814426698985,-0.0732630624505501,0.120876439786199,-0.031923272142303,0.0563011422499275,-0.0262060446453249,-0.101039601183995,-0.100819442853873,0,0,0,0,0.016637583852018,0.0442083850268818,-0.00150313397855866,-0.0876786100104329,-0.292527233801656,-0.766046488555781,-1.64588717738211,-2.92986099074668,2.8441887392026,2.82679672127352,1.9803694491313,1.98272286110197,1.63695157622081,2.36022024082271,2.29308228482326,2.28047926282069,2.23256201815743,2.44556203173792,2.36872414473565,-3.13710341003711,2.75160290512858,-0.0199352757023926,-0.763240410783987,-0.720864636678814,-0.690116674364306,-0.645345087282812,-0.609221101138365,-0.552448223127395,-0.554273418591052,-0.533298130191345,-0.483017752408234,-0.367284206736754,-0.323630002839849,-0.262726478742675
124,0,0.0383687323044997,0.0803795924040622,-16.7253840800468,0.917192281260437,0.112705442449894,-0.519570593650328,1.31298574157005,0.533698015348084,0.617954244321778,-10.2244701468319,2.60045819123618,1.34354887597732,0.653107803484582,0.11866998490502,-0.128249029032712,-0.0644671578023395,-0.195642826096319,-0.213113731542857,-0.0505407519615855,-0.239641943265492,-0.205353159670484,-0.0324324514702148,0.195383476900455,0.00056415876499792,-0.0161033867469461,0.0458263011173981,0.0530511496763574,-0.0594768063668437,0.124450585779203,0.0118512711115272,-0.0141222993984963,-0.01010332822834,-0.0763665345725211,-0.0403001397141308,0,0,0,0,0.0177688537040189,0.0475656102976113,0.00367620191618766,-0.0765955371708742,-0.27498557708492,-0.742566003596182,-1.59943153360701,-2.865891100727,2.84008637738474,2.83939513231722,1.97652300471363,1.96634205065986,1.63878021609142,2.37987065520495,2.30198912653739,2.28020689263522,2.21469410907535,2.45680977833826,2.37386728509204,3.07806678401539,2.78468108349049,0.0126274948588661,-0.716147494034873,-0.672967012801858,-0.649682880042277,-0.61946618512181,-0.576026328048878,-0.514147159955682,-0.519363101616927,-0.508391013369114,-0.467264439612315,-0.343046362194402,-0.318678653762908,-0.265273058011362
128,0,0.0373556964680773,0.0782573589412487,-16.2837897809037,0.892975983405376,0.110985157783729,-0.52695483303472,1.74736501526232,0.587773535258559,0.611367248650797,-10.2703327526364,2.53612140232841,1.22345284893182,0.573815982893926,0.192516185266736,-0.139811215972136,-0.190968286948952,-0.373722526367404,-0.234441050413873,0.0455263112479816,-0.210025477492253,-0.246846174478051,-0.0137200275555276,0.199659216723004,-0.0127406609517563,0.0456884510239483,0.057633634234881,0.0237752590233678,-0.0666846368223959,0.0884503330110361,-0.0700584311244075,0.0144585812555492,0.091441588807463,-0.0265989427186416,-0.0877321182020726,0,0,0,0,0.0189020264495147,0.0509512654370372,0.00895338326130886,-0.0656172877208744,-0.257752935900349,-0.717567808782575,-1.54944469639168,-2.8048579720915,2.83418332534353,2.85531411368097,1.9741492887406,1.93631542255344,1.63584417857795,2.39901284451016,2.31105639564051,2.28523215547546,2.19724984985296,2.47381394807969,2.37676576842708,3.00126966443608,2.81529607206864,0.0267442596543169,-0.701228109326187,-0.657274333985232,-0.639594145978343,-0.623277767858272,-0.571983500896129,-0.503955505743034,-0.503464270984991,-0.502110288512072,-0.463119285188421,-0.329945581392107,-0.322672529277777,-0.27052667352253
131.5,0,0.0363426606316549,0.0761351254784352,-15.8421954817605,0.868759685550315,0.109264873117564,-0.518783972495004,2.1175377353246,0.453155567356207,0.587802020091608,-10.0215894372018,2.73656311786376,1.0028624493685,0.720238681185271,0.237575005387885,-0.376325937946677,-0.308178015107768,-0.333419990985953,-0.179075903268509,0.120463147389364,-0.288120658730663,-0.27337096304796,-0.0358738811019696,0.194417373198068,-0.0788815029963018,0.0624174429426421,0.0629589040400743,0.0352998930573149,-0.0356143998984111,0.189006111593247,-0.153504980526238,0.063012237343314,0.135866965911774,-0.045178733894004,-0.174097476910736,0,0,0,0,0.0200371039762685,0.0543656344930205,0.0143309066949915,-0.0546977487907267,-0.241077869514967,-0.693105138682798,-1.50105754544626,-2.74437630786676,2.83568114164498,2.88185548556151,1.97288544481513,1.90994369239375,1.63622125018204,2.42406091573974,2.32269817255368,2.2947481021754,2.18762913215928,2.50147455969444,2.38465349250301,2.89775084138247,2.84896790559575,0.036865735205791,-0.692322428515091,-0.647346175711875,-0.629337297487457,-0.634874196898382,-0.571743154483608,-0.49461208602894,-0.485471317570275,-0.493127479916236,-0.456289257453267,-0.319797799643037,-0.326344048751848,-0.280457000182185
105,0,0.0353296247952324,0.0740128920156216,-15.4006011826174,0.844543387695254,0.1075445884514,-0.505885574353279,1.36527466819526,0.441874403123428,0.580630256331956,-9.90164279522451,2.64714659538928,0.933953033240269,0.90135799763384,0.333809459212619,-0.359980511867012,-0.165886612589853,-0.207441598336145,-0.143063538112036,0.107197043281863,-0.293873563294695,-0.220522103516419,-0.0360975711698089,0.181830485732618,-0.101153736447192,0.0188932830812,0.0967235804241948,0.0906504970291119,-0.0610883809328108,0.132200886776539,-0.161375565120545,0.0431154235378508,0.106226665553992,-0.0375942448301393,-0.15407963277383,0,0,0,0,0.0211740881587617,0.0578090036735662,0.0198113414752193,-0.0438062096481456,-0.225153794423854,-0.67030944013217,-1.45862806506661,-2.69026225911466,2.84705920618195,2.91636019205903,1.97341236350779,1.89377643482588,1.64270201011613,2.44722025472278,2.33490064367126,2.30246601979547,2.17868650385863,2.53998213581482,2.39632157536867,2.80176963157028,2.88971667687029,0.0398415372032182,-0.685078291986112,-0.636742465197433,-0.619479423647715,-0.648794554391088,-0.56882086615654,-0.487851168059233,-0.468008025355751,-0.480884013888758,-0.452897091795223,-0.312877834255816,-0.326664212178188,-0.292887703899365
103.5,0,0.03431658895881,0.0718906585528081,-14.9590068834742,0.820327089840193,0.105824303785235,-0.50077692795148,0.933928721589233,0.534499143700199,0.628713985484082,-9.97755937115756,2.34962335606968,0.795968493191738,1.1163139870723,0.321400454985871,-0.187072953128696,-0.136878192778732,-0.31885311436468,-0.113297132589054,0.0963243927824695,-0.206900254372745,-0.143583945903869,-0.033453307471234,0.0567580389044157,-0.139353262217037,-0.00613903896411085,0.0690984090370088,0.106564417242237,-0.000836646512269813,0.046743206088774,-0.0726347206213808,-0.017401340750801,0.0694880116655428,0.0288936642856252,-0.116051858174946,0,0,0,0,0.0223129808580596,0.061281661317991,0.026140931408551,-0.0315386406293393,-0.207764334766403,-0.6458552453374,-1.41570736341399,-2.63742799383745,2.87055411502691,2.9573839995536,1.97879746132549,1.88162075754377,1.65544535174724,2.46410169084511,2.34768948740084,2.30350511724829,2.16409788478847,2.57577221661904,2.40356228172308,2.66353641378068,2.94986055691654,0.0380303735736207,-0.67728040109463,-0.622770429148939,-0.612332845243082,-0.665423882665155,-0.569017075275411,-0.483715637389319,-0.451185202870414,-0.469468461525607,-0.454323190652641,-0.309654877948252,-0.323468949992989,-0.300232809037611
117.5,0,0.0333035531223876,0.0697684250899946,-14.5174125843311,0.796110791985132,0.104104019119071,-0.47940670505737,1.14331497782528,0.507927235928647,0.651485972633234,-9.61249165517394,2.3801823846107,0.476934375316339,1.22143132560993,0.218245768573147,-0.363433072878112,-0.300914910748539,-0.62507611308241,-0.0776122762398806,0.219735170897349,-0.270791683312453,-0.119216536365315,0.142367049042528,0.0674478265442391,-0.159874668298177,-0.0942983568163725,-0.0310042139241608,0.156353759212613,0.0618987455527546,-0.0347954506741012,-0.0366707207501159,-0.0291895709876029,0.219045093904732,-0.00157750350679895,-0.139820212184495,0,0,0,0,0.0234537839216773,0.0647838978655609,0.0333415946325878,-0.0179893391358674,-0.188970190440574,-0.619019838180029,-1.36812501430702,-2.58252209051935,2.89879287417807,2.99949643365776,1.98930915054649,1.8733061102946,1.68099525409514,2.48342171949323,2.3636885151467,2.29514411697399,2.14947065056227,2.60852377219895,2.40792295170836,2.53695254433129,3.02459287842961,0.0375329977334457,-0.663982013682473,-0.606655728247666,-0.608841433727957,-0.684677685612739,-0.578042926789965,-0.482732855454903,-0.436789671973544,-0.4563769150235,-0.455281921542145,-0.315809157361592,-0.322107539870846,-0.297816875150378
107,0,0.0322905172859651,0.0676461916271811,-14.0758182851879,0.771894494130071,0.102383734452906,-0.455212635864938,1.60330812993474,0.507872637776513,0.650536325515705,-9.78653165840475,2.27967929717166,0.61993094757035,1.13777733242692,0.14492349270656,-0.232062882363816,-0.274042209742525,-0.667570224494615,0.0763352500491611,0.174848236218208,-0.270918915925859,-0.138417305881795,0.118434303699906,0.1713231994575,-0.108293463918822,-0.0325603731361688,-0.0166637904275259,0.048886618166069,0.06456139964155,-0.103420029903354,0.0429523113800217,-0.0778349700983697,0.235811064054451,0.0017038302879812,-0.141430556024551,0,0,0,0,0.0245964991834431,0.0683160058214829,0.0406481222707509,-0.00476716855649371,-0.170550741809194,-0.591445185140495,-1.31529202881147,-2.51636389444424,2.93037496171275,3.03654812069001,2.00538206901476,1.85358902305562,1.71916626208217,2.50086463325446,2.38445757138398,2.2783922558605,2.13427483896572,2.6387501217618,2.40981632073925,2.50030506811586,3.10164521410756,0.0536071226602664,-0.612348108571398,-0.560242387970741,-0.574874969715142,-0.666666943348564,-0.560981386905207,-0.460243978932618,-0.407104588864508,-0.425190960606904,-0.436969868789473,-0.312736211784617,-0.311981720966837,-0.283716231290462
86,0,0.0312774814495427,0.0655239581643675,-13.6342239860448,0.74767819627501,0.100663449786742,-0.439576024990768,1.81852232353011,0.563024427233609,0.648908982932743,-9.49114276777351,2.28053803225105,0.81209547642704,1.09782382556999,0.103514387858968,-0.00668269424914687,-0.167158396326163,-0.701893593246147,0.271952710672478,0.104294594943837,-0.191846873155662,-0.0916706276646344,0.0607415399377072,0.275131916113211,-0.112565959465487,0.0193650629841994,-0.0297157031434199,0.0142587309973904,0.0229089416412234,-0.137659576697512,0.122119935536774,-0.167233436480638,0.164383474049049,0.0611608732489276,-0.196931748014734,0,0,0,0,0.0257225140213474,0.0713207073120599,0.0471506743238059,0.00724917292770066,-0.152570947322569,-0.563912078942769,-1.25811135486586,-2.43549659116596,2.97514274995442,3.06938932931966,2.02287672594464,1.8216632954461,1.75645102325723,2.51261035949341,2.40616251596658,2.25006742412069,2.11556227362473,2.66909794158245,2.41429549967849,2.46483080656206,-3.09993759821639,0.078529452952806,-0.548580545189291,-0.507278240917583,-0.528456578167244,-0.627104238639346,-0.530508755794233,-0.433171274073445,-0.376181216950676,-0.395363789889249,-0.413621313312792,-0.303837688525574,-0.299431576097036,-0.275199011649301
110.5,0,0.0302644456131202,0.063401724701554,-13.1926296869016,0.723461898419949,0.0989431651205774,-0.430938192982532,1.29614516537945,0.707724917922875,0.637369593548364,-9.22643707883399,2.48279477419379,0.757984773912966,1.07781953856093,0.00507875390367625,-0.0746955207052767,-0.157370881298466,-0.756358320170628,0.223881107569026,0.11207451461686,-0.213118086922574,-0.0908536848290998,0.0856536211688048,0.340014265591237,-0.0629868398094896,-0.0538532341165998,-0.0371854999870882,0.119370168887421,0.0167866997759,-0.0997305039937375,0.0335807981991696,-0.154613575721188,0.159994565638561,0.0917376899185453,-0.259190199645089,0,0,0,0,0.0268317223386906,0.0727906875599871,0.0509020307320318,0.016074023152204,-0.135752463185104,-0.536201173003345,-1.19820349172063,-2.33952966031191,3.05336338013982,3.10482710168614,2.03924001445823,1.79003911916689,1.78803370149845,2.52230258472503,2.42690726962222,2.21383197159861,2.09391339423896,2.69902004534008,2.42815039717256,2.42696818770057,-3.02385214827502,0.0963770721811794,-0.513130253488828,-0.490709297148098,-0.510948238937221,-0.609918336602746,-0.527095463611351,-0.432707825681237,-0.370652823414312,-0.390314846017842,-0.405297140443426,-0.305300455981356,-0.295140445489544,-0.276492905269289
157,0,0.0292514097766978,0.0612794912387405,-12.7510353877585,0.699245600564888,0.0972228804544129,-0.437557439315544,1.62380778267737,0.60731692777433,0.615744984880214,-9.23346251881416,2.49778700127236,0.690489180163207,1.05631286030334,-0.0191506577100104,-0.0375363256468783,-0.241486411685434,-0.814233326012543,0.151613009005659,0.178808436556352,-0.265025723185245,-0.0554159423210278,-0.0014182347069564,0.310165102621146,0.0270435094008136,-0.0657022704327082,0.0211861358489902,-0.000323465877627665,0.181207121040441,-0.0970926909267798,-0.0301706061386477,-0.103329296491066,0.134162779075457,0.0384927760849975,-0.218360570451808,0,0,0,0,0.0279431919978572,0.0732595326756687,0.052747141403788,0.022743082895039,-0.119636588394513,-0.507939290813211,-1.13613142235753,-2.2163627440039,-3.09201495907292,-3.12743131226423,2.0529226640743,1.74654823374002,1.82281915132924,2.5299869529283,2.44423065846952,2.1826140986355,2.07190014624704,2.73423278743911,2.45918222015372,2.47305626353176,-2.95364057897711,0.113703423836081,-0.489014447044902,-0.492442803034365,-0.507672133545461,-0.600506540541729,-0.534347273751718,-0.435896525438395,-0.370672830504506,-0.392719525542723,-0.393231682957477,-0.30162482212707,-0.285011652631765,-0.275282520362194
158.5,0,0.0282383739402754,0.059157257775927,-12.3094410886153,0.675029302709827,0.0955025957882484,-0.440001753080945,2.17112361214951,0.426595869003452,0.613523949075612,-9.48525426197501,2.40298491429679,0.69136893151671,1.0685830823762,-0.111482898834285,-0.155458695085456,-0.232594670718843,-0.87900993752883,0.082267842959831,0.221371121370169,-0.242638907676991,-0.0681542877990895,0.0232988564494245,0.391334983962647,0.0855398291161642,-0.108301747981595,-0.0104999530783608,0.0454391091586163,0.226545612436375,-0.121521856686007,-0.0442428304851441,-0.0810123658004342,0.136890228233343,0.00679601742876544,-0.239324842216159,0,0,0,0,0.0290565227498007,0.0737324838484921,0.0546241437817516,0.0294967129919565,-0.103717456395121,-0.47973276297064,-1.07430463503818,-2.08421738614342,-2.91075881028578,-3.06264115456791,2.06560959221718,1.70191736023736,1.85829152463644,2.54071737880112,2.45854329458059,2.15323307832588,2.0501506626324,2.77421705454056,2.49763066085148,2.57360039132922,-2.89352202811839,0.125401525871055,-0.471769406738007,-0.496014642376237,-0.509203166432788,-0.588883449162872,-0.539364272817506,-0.442080202882356,-0.372154605551988,-0.394278197163636,-0.378414877132895,-0.297925949822157,-0.273308208242366,-0.274456597334799
132.5,0,0.0272253381038529,0.0570350243131134,-11.8678467894722,0.650813004854766,0.0937823111220838,-0.440596118389346,1.54018516922729,0.490888223308854,0.662343078296269,-9.44593366969196,2.48128593990282,0.771330786870327,1.05090406229786,-0.157718931705952,-0.190292784617266,-0.141625971961438,-0.732606877979943,0.0935097876953066,0.163223336525433,-0.22654112021413,-0.238003558221281,-0.00707483616821975,0.406617920224475,-0.0463918501497325,-0.0961835116667392,-0.108719771748713,0.07221147336951,0.33067103143329,-0.127803398318431,-0.0713679827822466,-0.126125644770507,0.144121680601534,0.0264912116157249,-0.225744804761575,0,0,0,0,0.0301717165059762,0.0742095950416601,0.0565338583551136,0.0363359043658491,-0.0879984677792888,-0.451803566893046,-1.01382920493756,-1.95775248635105,-2.71772256940578,-2.99274315631243,2.08573808927442,1.65371344663106,1.89301197893842,2.55221375199894,2.47543373597565,2.12415612850073,2.02822048328405,2.80717764715705,2.5395830470295,2.65931622882116,-2.84902853843985,0.128654229028782,-0.461941907167403,-0.496194691613637,-0.508278437088943,-0.573081908256811,-0.536981504067546,-0.450876550943129,-0.376551931054964,-0.393902448209466,-0.369312535939054,-0.30144614195718,-0.269865059260103,-0.273438210933591
106,0,0.0262123022674305,0.0549127908502999,-11.426252490329,0.626596706999705,0.0920620264559193,-0.440209133231265,0.989567678662049,0.483130462719445,0.708456532905095,-9.52151361243895,2.42654409155136,0.770703903977582,0.889870090600464,-0.21889880130316,-0.224860556048126,-0.206471153982084,-0.764374024726302,-0.0134595603444606,0.0644123560763665,-0.258257596891829,-0.114801955560653,-0.0414795097331981,0.356893571136783,0.00552269496772389,-0.101426019875305,-0.126178071710721,0.072022661229637,0.265934401381036,-0.110386457863041,-0.129150739564513,-0.102907599665532,0.156288994644927,0.0870041660940416,-0.246020094886823,0,0,0,0,0.0312887751657056,0.0746909211643075,0.0584771335089096,0.0431703744852486,-0.0731567226828337,-0.425860407061918,-0.9551154556307,-1.8261619747057,-2.50964462473398,-2.90378399530358,2.12099037518371,1.59690670048168,1.93613242454719,2.56314822495453,2.50197645366354,2.15947565029498,2.01715320434906,2.84197631306536,2.5987314423231,2.77177758391662,-2.80171148283611,0.125314564697978,-0.464675888398604,-0.496924368089305,-0.504845664468544,-0.552629663026151,-0.529360028989582,-0.457248228290173,-0.382296737957943,-0.391954397603135,-0.359610010621768,-0.308259199503049,-0.271358404864527,-0.271153286231668
106,0,0.0251992664310081,0.0527905573874864,-10.9846581911859,0.602380409144644,0.0903417417897548,-0.462577950993328,0.827644823213548,0.512492005649969,0.713230293247369,-9.92198891244336,2.18573719241593,0.898782384054997,0.917394903283316,-0.217100250017373,-0.21524317599673,-0.185452383407637,-0.733156184512031,-0.0910669930527498,0.061647806305074,-0.194249697972367,-0.145209133335767,-0.152053056954699,0.161741991066238,-0.114819062103717,-0.0805474196181916,-0.0817286202421504,-0.00442142545132833,0.197802608553914,-0.114448095001443,-0.182134850241448,-0.131207575387415,0.1245547712809,0.0833847950637097,-0.203094346035317,0,0,0,0,0.0324077006160515,0.0751765180922329,0.0604548466970459,0.0501240593942614,-0.0582664893697973,-0.398639387341642,-0.892179190796594,-1.70377937620772,-2.31764137699873,-2.80267947441905,2.17581140786993,1.53737259324772,1.98768502049444,2.57399876070039,2.53428864985371,2.26854061111628,2.00817692039133,2.88899940107798,2.67041984559801,2.87816320578799,-2.74467522597738,0.116519446715943,-0.478088589571282,-0.499787914111423,-0.499751542190089,-0.528065978188406,-0.515370740655033,-0.462585138977361,-0.386000642999552,-0.388708600824927,-0.347937794046186,-0.314813919779767,-0.271410486623463,-0.270000741423863
78,0,0.0241862305945856,0.0506683239246729,-10.5430638920427,0.578164111289583,0.0886214571235903,-0.485928119221874,1.49686001960888,0.520353724268906,0.690109645706304,-9.83024126419149,1.8394586596277,1.01034722931341,1.02960031349115,-0.307903309798899,-0.0645117104519013,-0.167828924592369,-0.640863787909562,0.0330699155740474,0.0788049155398003,-0.178368592079488,-0.118814403899401,-0.149301834042664,0.174870776361328,-0.11620406620891,-0.16741478743201,-0.0142866980513941,-0.00836896520100985,0.130785585036746,0.00817268461297213,-0.230547292375036,-0.115502556710841,0.144731568206691,0.0589099937957394,-0.084046135646879,0,0,0,0,0.033647698601943,0.0759544778103911,0.0629649712206879,0.0581770196112124,-0.0426168207886565,-0.371644337296094,-0.827840932662582,-1.60340108276321,-2.16506406772314,-2.71102781870595,2.24042158374273,1.46082665306009,2.02951211291012,2.57343313261435,2.56427591835631,2.27976918749773,1.98180565129606,2.95384368728812,2.72868841288666,3.01458142867426,-2.69291165921406,0.108089208099782,-0.492335201412636,-0.504441836968364,-0.495557673088688,-0.508689700768088,-0.497648961624423,-0.465226342168056,-0.385927886935092,-0.386780383234843,-0.342341072708799,-0.315852003266317,-0.267577771732972,-0.274840227404617
50,0,0.0231731947581632,0.0485460904618593,-10.1014695928996,0.553947813434521,0.0869011724574258,-0.433936801373892,1.91555261522278,0.457307799257788,0.669294907217376,-9.4872241889614,1.40982146200133,1.18681198663018,1.11291655622795,-0.24141916232835,0.248665220788383,-0.0498588319906052,-0.416074462490334,0.324741193983899,0.183035707629256,-0.197425208729994,-0.052026782334061,0.000221216008804592,0.3215063482623,-0.113829133214153,-0.212499437698058,-0.00729066094318365,-0.0414925022136737,0.0286668766432469,0.066005652704057,-0.112540718691461,-0.0352180598766709,0.152552837096599,-0.027573524755457,-0.0473119821555669,0,0,0,0,0.0343956015760157,0.0758188809733497,0.065056432089647,0.0669134734605693,-0.0267373129915594,-0.347316953653059,-0.76659997644472,-1.51443844943731,-2.03821569564873,-2.62917065209749,2.3021743214668,1.3776900598581,2.06213871287789,2.56259440818042,2.5912967218517,2.14024771797904,1.94081944668287,3.02510894572037,2.76980022828426,-3.12614931345272,-2.62903092607548,0.105404101921608,-0.503827071893525,-0.507004622788615,-0.496363566318098,-0.501416013445898,-0.485102918218692,-0.465518493720382,-0.38325733610707,-0.380451261494405,-0.339478718354375,-0.31236983978689,-0.259430554754025,-0.278739178710219
95.5,0,0.0221601589217408,0.0464238569990458,-9.65987529375642,0.52973151557946,0.0851808877912613,-0.374401352172137,2.12095494486683,0.423390070066051,0.602944426759222,-9.15755826145902,0.970327628560994,1.55769719790584,1.23836527866267,-0.332591012536347,0.50021980910623,-0.103085621656854,-0.442011848056756,0.323977893267225,0.187415844141133,-0.220803990974793,0.0241729513770053,-0.0660411260814173,0.257552740864189,-0.175405416096981,-0.135132093679101,-0.000175167257688413,-0.0681544198266479,0.0292064180969974,-0.0299487024460398,0.0309973424346997,0.00347048258279857,0.120185431140883,-0.0680512844491193,-0.117046059021893,0,0,0,0,0.0334035057834788,0.0725662146271319,0.064695596074757,0.0727411437787685,-0.0140235564081499,-0.324024654711778,-0.704155888744389,-1.42660985994876,-1.92917171440497,-2.54949765137745,2.35799453172992,1.30132421981261,2.0805840216329,2.55003628732383,2.61544971193988,1.88604101900094,1.88913936585303,3.07177623188823,2.8118804253958,-3.05135972422877,-2.55252903182008,0.103802506321266,-0.51726011673735,-0.511224786079191,-0.499764237823381,-0.50500075796207,-0.480810968682654,-0.468056609974014,-0.379908244498709,-0.368904490804294,-0.333272853361819,-0.308449811178757,-0.252856998207783,-0.277624895395603
141,0,0.0211471230853183,0.0443016235362323,-9.21828099461327,0.505515217724399,0.0834606031250968,-0.335879234525379,2.28956790454612,0.349747213475844,0.395581636247811,-8.8631900671198,0.525182363796,1.62831921441733,0.902755804037067,-0.318335147100037,0.680976460545324,-0.204948803086262,-0.301326190176864,0.200487668591849,0.144055862935005,-0.232657656786091,0.0633762083522077,0.0448309857036363,0.240915114345356,-0.0378093774399968,-0.143955983020515,0.0126407861399488,-0.134668991185733,0.0838899178693049,-0.0586545347367809,0.0245621716432088,0.0622381099090673,0.104337186881367,-0.0973482407215835,-0.0983770066509912,0,0,0,0,0.0312748159346286,0.0673954302224958,0.0625754846103858,0.0752750420366659,-0.0058805236501575,-0.302656152841901,-0.639562070732823,-1.32762339727893,-1.83132088920968,-2.47772222593433,2.40406986559951,1.23253408922198,2.0863710783356,2.53200399942025,2.63965811789493,1.56413493883736,1.83695198343601,3.08398774003888,2.8431370513279,-3.01444301981669,-2.49396478262824,0.0966364004705433,-0.530310020421596,-0.513191255122912,-0.499921232643364,-0.512575497829871,-0.479190681489527,-0.474060332970825,-0.380085570027705,-0.359300514534066,-0.325067965529668,-0.302059182204455,-0.247359798583273,-0.279105340374306
138.5,0,0.0201340872488959,0.0421793900734188,-8.77668669547012,0.481298919869338,0.0817403184589322,-0.273266757553402,1.62202297459529,0.422537866832312,0.301121700108304,-8.73833551035943,-0.24547929586454,1.46468027339487,0.679695738405794,-0.176253243238624,0.566882351731852,0.0037041253435223,-0.0799354812041971,0.516789188582652,0.170122664887335,-0.249347165765653,0.0299385810917772,-0.0511419100908048,0.210768078012005,-0.0981377938860854,-0.0853746280029929,0.0150070059876913,0.000545442430776026,0.0780675991665577,-0.183225597262495,0.00143996310933469,0.102189592578893,0.0192056848074833,-0.0888928805396347,-0.028054629178529,0,0,0,0,0.029147441767659,0.0622342434218124,0.0599278021105554,0.0765547196592029,0.00015732950551174,-0.283425675650934,-0.575859401781277,-1.22481737241702,-1.76282421732663,-2.41868243629546,2.46037633942773,1.16613012442555,2.09149096654385,2.50521461355318,2.66637026525486,1.61598813469303,1.79296651996685,3.08626935582909,2.88202398939673,-2.9892960104474,-2.42694908000459,0.0893708210055627,-0.537137924960255,-0.508398856709571,-0.495985441625005,-0.520403416905089,-0.478831274921543,-0.483399221335618,-0.384143904928334,-0.354654552333335,-0.320993908795029,-0.295622917489946,-0.237467497780154,-0.283873946345092
135,0,0.0191210514124735,0.0400571566106053,-8.33509239632697,0.457082622014277,0.0800200337927677,-0.222994280546174,1.35559787890223,0.53947665465792,0.345080593158069,-8.67235063580546,-0.542460215756336,1.17437725579738,0.42424013680772,-0.0550801372320607,0.627907951181931,0.0294424004051227,-0.100185035483968,0.481164078954276,-0.00645000660890684,-0.267725458547562,-0.0670295496913691,-0.0278236421063337,0.273464165094573,-0.125367324668727,-0.0545303457273137,0.0548433467578119,-0.00789665755243353,0.1385272652842,-0.0923655151829548,0.0269818813091584,0.03411330520908,0.0174695433554125,-0.108474382112268,-0.0784470879683973,0,0,0,0,0.0270214013009018,0.0570829017113431,0.0567015103559017,0.0765048135877567,0.0040194668820164,-0.268423861740622,-0.521806249978382,-1.14065251802596,-1.7298724860065,-2.36113718097086,2.55138630841662,1.09672433944226,2.08984479443362,2.46745331609894,2.68901604320957,2.04198990636899,1.74854234073355,3.08793519985838,2.94787144074139,-2.96960154765363,-2.3552241351168,0.0847946909801853,-0.547515486329112,-0.507763278650979,-0.492062709328922,-0.527317461700507,-0.480413477693627,-0.489430861943231,-0.385476224537233,-0.353695658690694,-0.320965249179096,-0.286110064792897,-0.225662416808458,-0.286810109734771
134.5,0,0.018108015576051,0.0379349231477917,-7.89349809718382,0.432866324159216,0.0782997491266032,-0.184671208628402,1.5130673190047,0.464222566555055,0.33363413003953,-8.7243969417086,-0.754751733025653,1.19255909347239,0.344976646669352,-0.136371208481048,0.646019505723573,-0.0912233601679485,-0.151096175512373,0.269397184159027,-0.102777115724479,-0.221009169418086,0.124350234429104,-0.00858294276665612,0.274574715289902,0.0928441263670916,0.0854589220207849,0.0115377237946716,0.0314063578097796,0.0462214555724427,-0.070953590404522,-0.0086625631730552,0.0691686984183405,0.0566719929821508,-0.128871216184236,-0.105972964766711,0,0,0,0,0.0248967124818783,0.0519416495443753,0.0528853428514252,0.0750295311882433,0.00536473433180257,-0.258590507550379,-0.479907034040135,-1.0811728851557,-1.71980389692811,-2.30965180689114,2.66301292323866,1.02208780720879,2.08313797292057,2.42957816247097,2.70428262827226,2.5062140944204,1.71135532529155,3.07847086947549,3.01277693527094,-2.96825563074751,-2.30844715010085,0.0816058550230727,-0.564964879342618,-0.511688027232641,-0.491795355177644,-0.532770403057063,-0.483480577651018,-0.489796624379726,-0.381211174653577,-0.35187282835952,-0.320798422766403,-0.275378539648721,-0.212912924820243,-0.283240894382734
135.5,0,0.0170949797396286,0.0358126896849782,-7.45190379804067,0.408650026304155,0.0765794644604387,-0.114870827595838,1.49905675039729,0.430423938509667,0.322331058531373,-9.10366518395306,-0.932281433430152,1.01959029704944,0.0990355927132654,-0.187554826354685,0.481789221954542,-0.0619141211674894,-0.137419863963003,0.424361899451467,-0.0230879536485649,-0.090663623198004,0.15698754669963,-0.00379368286308678,0.325868496769462,0.0811966084136798,-0.0151874646334808,0.111140792308711,0.107669365728304,0.242646491842387,0.0058243135669964,-0.0387260699284589,0.0895868660457011,0.122030438521226,-0.178052255392104,-0.12546277567159,0,0,0,0,0.0227733931864843,0.0468107282843413,0.0487762877241909,0.0727891168143848,0.00526404168910816,-0.250485815781131,-0.439097401564415,-1.01267358122366,-1.70207704501623,-2.26560823688599,2.77709747489434,0.949666704305051,2.07166646597913,2.3959059338285,2.7127082044211,2.83241827648912,1.68719036353023,3.05455398476063,3.05115769186222,-2.97122656392213,-2.26579774722541,0.0810352773974212,-0.576854346752829,-0.514823034204461,-0.498523199916212,-0.545012231454345,-0.493199090335093,-0.485967415053343,-0.371948047678703,-0.347247223566439,-0.319830799946273,-0.264904470723997,-0.202502361069875,-0.280410008887016
99.5,0,0.0160819439032062,0.0336904562221647,-7.01030949889751,0.384433728449094,0.0748591797942742,-0.0345025035545202,1.43727096054261,0.500777592725983,0.305393564692691,-8.9809285551867,-1.0195982896425,0.927055023599922,0.0795460344265781,-0.222668599913213,0.365683071061056,-0.093832641958918,-0.0930845951585108,0.476299345813188,-0.0120372218869136,-0.107734120355736,0.149001297386071,0.017807301909257,0.284638640250154,0.0839533555660289,0.0606627417096199,0.0554559656224003,0.0417986283749043,0.258905760283208,0.0268598163867418,0.0179840863330576,0.0818340985943619,0.073168407899863,-0.160900686064416,-0.0193027629927456,0,0,0,0,0.0206514612181829,0.0416903761501705,0.0446818701274208,0.0705427617669883,0.00521519887259752,-0.241839689659606,-0.395731343146569,-0.920961524966204,-1.65732941650204,-2.21420936614755,2.91180010642417,0.886546606180161,2.06010921643205,2.36244765363853,2.71078582449915,2.93241749907087,1.67379969238674,3.03089877712438,3.07560511255766,-2.95631467715015,-2.21084783447399,0.0808799214676806,-0.581003163834246,-0.520427733429384,-0.50973507703553,-0.561684094928491,-0.510276657231495,-0.475200053685415,-0.356984918160005,-0.336742321448706,-0.318469264248211,-0.254897067108546,-0.203661136941983,-0.28668055412556
57,0,0.0150689080667837,0.0315682227593512,-6.56871519975436,0.360217430594033,0.0731388951281097,0.0213533715459407,1.14989282303708,0.412756040595072,0.291564000116747,-8.40243391230243,-1.04016046994526,0.955788843706056,0.155372346839291,-0.106454799381286,0.457657243077918,-0.0756379422074521,-0.00950474544661956,0.483981439074873,0.104880679816828,-0.159084482183645,-0.0319227560942478,-0.0347418963878351,0.0633750885170093,2.64127154537726e-05,0.0414428313068517,-0.0607360047449266,-0.0643784456972618,0.161984036340629,-0.107965324453948,-0.0152485042738379,0.0993212744094528,0.033187721183362,-0.17839073590838,0.00186937987042823,0,0,0,0,0.0185309343072092,0.0359669803188948,0.0392787346437355,0.0663466568331366,0.00336230524469147,-0.231920674697532,-0.34954341577786,-0.835757294405035,-1.60768772313499,-2.16397381398351,3.11310591419185,0.825737695647634,2.05126197281516,2.32812901730524,2.70134493616149,2.98654813413377,1.66336762434855,3.01792461738713,3.10418289466413,-2.93724900391613,-2.14467600204074,0.0812235079384299,-0.58249084343961,-0.523703104532814,-0.517221279377925,-0.57027816734927,-0.526038000370048,-0.463904237133062,-0.343827256391618,-0.32699748814085,-0.317393799164805,-0.25216324559551,-0.214854664781251,-0.299474705080543
107,0,0.0140558722303613,0.0294459892965376,-6.12712090061121,0.336001132738972,0.0714186104619452,0.0673697016612507,1.72313146156759,0.389744543816096,0.271454926839348,-8.36066623484747,-0.992170811469905,0.913975526750728,0.243357878516588,-0.151279738822235,0.393036899548431,0.158987232088969,0.0285890454762226,0.377409405504931,0.116328576907836,-0.000186340781878723,0.12242431405198,0.0258003950364762,0.189249267875972,-0.0366090041901842,-0.165294758942644,-0.0498800049725616,-0.0191130587849586,0.103559987481051,-0.0157144722569935,-0.027238073435168,0.0856593766386394,-0.0466363471720474,-0.0528692232216222,-0.072622199688192,0,0,0,0,0.0171993034152953,0.0312148209599188,0.0342908158115555,0.0618319305165114,0.00148491884558096,-0.221216943716818,-0.30095536827515,-0.768358667104107,-1.57491019360677,-2.12659490211062,-2.93467267455627,0.767530702536204,2.04581326649244,2.29388040403778,2.68697334305314,3.04323314993539,1.64231743297935,3.00482763896825,-3.13327090678733,-2.92950061196174,-2.08672417286496,0.0805115888709326,-0.588169010408267,-0.526187134112363,-0.521365000719841,-0.57319232539464,-0.535928004477712,-0.459357570371862,-0.338989779463188,-0.327826433213478,-0.313925834469522,-0.253853228699352,-0.226914690222895,-0.31341140574909
158,0,0.0130428363939389,0.0273237558337241,-5.68552660146806,0.311784834883911,0.0696983257957806,0.0765075216886523,1.88612356879871,0.449321547363079,0.270487886844568,-8.35542154624647,-1.00062930089207,0.821130089294232,0.130392116197825,-0.138142243006395,0.419362789535485,0.115722440142239,0.189208188306172,0.36738604679364,0.045566457096342,-0.0568075846579622,0.0794310492454896,-0.0354819134103503,0.11547878367073,-0.0212564027305798,-0.0285046567893147,-0.0617171763143279,0.047144569430142,0.190749024961608,-0.0604269142515372,-0.0778064558449551,-0.0682268225332751,0.0668908044024824,-0.0257907492771416,-0.00823324630758165,0,0,0,0,0.0166762134274773,0.0281094006654414,0.031137491143979,0.0589179664806408,0.000913380505204089,-0.213452908055639,-0.260475847151785,-0.720857737834947,-1.56212612985703,-2.10594295174684,-2.77856238485225,0.730845652629726,2.05340549435491,2.26796400175869,2.67250847695985,3.12441943605662,1.62957874818344,2.98985524419139,-3.01316490942414,-2.93024172165935,-2.03586114745343,0.0771509639847789,-0.598499916470485,-0.528283968695716,-0.527925017461049,-0.573740166329214,-0.538079159059933,-0.450020929829969,-0.338613704904115,-0.332398441084016,-0.309732301140854,-0.258132634011705,-0.235586407539944,-0.325798134767075
153,0,0.0120298005575164,0.0252015223709106,-5.24393230232491,0.28756853702885,0.0679780411296161,0.0636508501981597,1.88612356879871,0.411451274976638,0.29609877586914,-8.38237169884406,-0.961971890892001,0.821330916638395,0.113620467414155,-0.278269486810716,0.256000557693665,-0.0904089662134093,0.133609744041313,0.511080863029678,0.104529326344366,-0.0678372529340818,0.0630046417249648,0.070958311155816,0.115325921360222,-0.0612695821595364,-0.0148004386232916,-0.0146026150622192,-0.0520680460152634,0.117235636926849,-0.161388960639443,-0.0651604400798701,0.108413980653222,0.103765210091403,-0.0688984581517706,-0.0937263001044469,0,0,0,0,0.0161539465222067,0.0250266943298112,0.0280347080749106,0.0556056151537141,-0.00116907962414627,-0.20979231211544,-0.228722988381731,-0.689246497199906,-1.56768902099931,-2.10533630423051,-2.72300272763938,0.724197184209135,2.06769436029515,2.24161108092126,2.65913761397488,-3.06448864098706,1.61322212183577,2.98292164444072,-2.88465961641437,-2.94780876637272,-1.975764335662,0.0766993145796065,-0.606808496510146,-0.529470333356776,-0.53799486514887,-0.573622908110293,-0.533770940536445,-0.429482838086817,-0.33587148055582,-0.333392368732581,-0.309829751783239,-0.266001529163137,-0.246183080065457,-0.336345970248262
153,0,0.011016764721094,0.0230792889080971,-4.80233800318176,0.263352239173789,0.0662577564634516,0.0620698422934063,1.81674644043792,0.34160058871548,0.307463902165659,-8.38712757708881,-1.01987633165019,0.797887500379599,0.274346918382189,-0.124947485130076,0.414439970435759,-0.074580739829677,0.021400585819999,0.452624841629288,-0.0885477769749698,-0.0883871436949635,-0.030990990427308,0.094391889712105,0.172874052347286,0.0596637678888586,0.0324532794860298,-0.117169952815668,0.0208653310106359,0.0988043009689666,-0.160889642637,0.00493691838012128,0.0189331850330009,0.0590754962240918,-0.0583741218099623,-0.0708795298226673,0,0,0,0,0.0156325010425679,0.0219665116104134,0.0249813194703847,0.0517997028071703,-0.00486219441361827,-0.209403379968184,-0.201834104672143,-0.667725471574177,-1.58814062664077,-2.12611682387096,-2.70123196609651,0.743277234235048,2.0838708176782,2.21571576826516,2.64412221004745,-3.00411218194456,1.56316450864266,2.97877149255763,-2.82923684469361,-2.94523001070625,-1.90682376589917,0.0772609526318269,-0.614220151139047,-0.532867496053993,-0.549281939254813,-0.575667710056057,-0.527056869692979,-0.410550501137768,-0.33447340033434,-0.332344696595994,-0.311183539643471,-0.275508933745799,-0.262851012343968,-0.337804878955357
152.5,0,0.0100037288846715,0.0209570554452835,-4.36074370403861,0.239135941318728,0.0645374717972871,0.0620698422934063,1.15598426451424,0.410429513716571,0.292448623427077,-8.50488685777416,-1.15317260374607,1.2086740676444,0.480978042495753,-0.0614830384039383,0.28382764904938,-0.200862541055528,-0.190083649737135,0.415143251247477,-0.0632980415073551,0.0311414538309622,0.0915083097765874,-0.0310756763778001,0.104058729288325,-0.0550555327460796,0.0360551980674855,-0.00619035661211772,-0.0670817800037005,0.0170214654891957,0.0472504953744263,0.00181698327934062,-0.0840730242128593,0.055405747745675,-0.0241873523231865,-0.0325244424764865,0,0,0,0,0.0150952831009546,0.0184044428146622,0.0210818594324763,0.0469340129890462,-0.00997321293250071,-0.212090424460874,-0.180550353289269,-0.660414269098838,-1.61978277008148,-2.15336991904761,-2.7003951371627,0.783632416061363,2.11118453395953,2.2024546230227,2.63044153993499,-2.96332239200764,1.50136585649463,2.97701835537575,-2.84235971000353,-2.88776209674716,-1.82100225041183,0.080902134283621,-0.616838996860866,-0.53817045397632,-0.561026636101968,-0.580101544013325,-0.517902841046945,-0.397178164479825,-0.339784406412298,-0.329883772499881,-0.311322668675273,-0.291859181986728,-0.282632338267873,-0.334548853600081
173,0,0.00899069304824911,0.01883482198247,-3.91914940489546,0.214919643463667,0.0628171871311226,0.0639404077408829,0.974538981769153,0.503573502845004,0.277400407578314,-9.04643617986642,-1.10144768093793,1.21997497578832,0.400461761627901,-0.0510865226610372,0.456121245352444,-0.0572809825827343,-0.120342586405008,0.413652741079149,0.262829030034628,-0.0427290355802943,0.0980828731703949,-0.0131732171938541,0.181765937698909,-0.181979339227929,0.048432805007865,-0.00602481159804105,-0.0485167821159663,0.1477869649252,-0.0103118023624047,-0.0608754698382358,-0.0309442622958639,0.0190248466578682,0.0755087461375347,-0.103138001147024,0,0,0,0,0.0145418966058978,0.0143293076929788,0.0158963388284071,0.04007074896624,-0.0177906415633006,-0.219142446613207,-0.165262882320253,-0.668752805303327,-1.65720630879155,-2.17469699247911,-2.75106563011754,0.841531571285907,2.13827987210218,2.1916217617956,2.61776024046424,-2.95507644349003,1.47337502506121,2.97656239331551,-2.99141680156528,-2.81916914796681,-1.73879393346971,0.0872144189007317,-0.61694322974726,-0.547179059368138,-0.572442807717291,-0.58738080059144,-0.506620140498132,-0.386484638785578,-0.345679295638089,-0.326691621750781,-0.313795854722068,-0.314146936784297,-0.303850804467822,-0.338266586831106
194,0,0.00797765721182668,0.0167125885196565,-3.47755510575231,0.190703345608606,0.0610969024649581,0.069602695756728,1.63525979549856,0.428639049851451,0.280426840349925,-10.0681401724817,-0.745090591271401,1.16409020180209,0.402996750430064,0.0428998664012858,0.543864470960615,0.0613900391500841,0.113512982427028,0.392052755410757,0.113480015209568,0.04507398645631,0.24998537399415,0.154480684641453,0.292194112842455,0.0851670631850368,0.116860997264261,0.0142342857473013,0.0512110506889046,0.186499020940479,0.0464421616934297,-0.0604873603212475,0.0371047384415909,0.048485297774085,-0.00923875622056979,-0.0848320633578721,0,0,0,0,0.0139893784343221,0.0102807772367778,0.010302268199166,0.0316569899346671,-0.0287300584515557,-0.231397321100494,-0.155087487766111,-0.694895465900479,-1.70604435330035,-2.19666480276966,-2.82204769830615,0.90511824162486,2.14948030299771,2.16990434823787,2.59942548359297,-3.00089514403446,1.49475117015681,2.97122600088576,2.93596842954982,-2.77254788498894,-1.67120322037826,0.0915331537914217,-0.619575912655578,-0.555399682509396,-0.574083157337367,-0.589427404922251,-0.492242500710032,-0.38218896285359,-0.353661982994785,-0.326937645800553,-0.321652769015382,-0.339807906419644,-0.325817910574094,-0.344462339886976
128,0,0.00696462137540424,0.014590355056843,-3.03596080660916,0.166487047753545,0.0593766177987936,0.073271083555009,1.76353492179712,0.464276493150148,0.306252493272286,-10.4634280048478,-0.252436524484726,1.15454002749094,0.37065118848488,0.0428360168949042,0.636959212422742,0.105539538627246,0.171699124854657,0.382400949749089,0.0374286138484907,-0.020305235010222,0.103673475270572,0.0838597068496967,0.206598537192799,0.085994983423059,0.0795407885972828,0.019070567035135,0.0456568071172967,0.157395237950815,0.131952910783613,0.0146305545285858,0.0526958194359344,0.00163611974104839,-0.0615783916197373,0.0137369720923438,0,0,0,0,0.0134377268806382,0.00625872318511005,0.00466613258661195,0.0224300323637938,-0.0423527041769002,-0.249330122592375,-0.148528267951536,-0.732899493691944,-1.77190313801159,-2.22394154610514,-2.87865258717435,0.963140275913902,2.15395684027859,2.1507762564737,2.57119915542506,-3.0364647159984,1.60227600775526,2.96728040497573,2.56482278820133,-2.76348252390075,-1.59501058956706,0.0931070938907638,-0.619909193070439,-0.555855302070874,-0.565822101187986,-0.584683509591834,-0.4760474036682,-0.385070730453587,-0.365057767391677,-0.33293769592138,-0.336737611986189,-0.367974108441821,-0.343005198262911,-0.347913102670382
61.5,0,0.00595158553898181,0.0124681215940294,-2.59436650746601,0.142270749898484,0.057656333132629,0.0520873886054766,1.11568497280998,0.423752382650906,0.337266368051686,-10.1852381165268,-0.0592481035866455,1.14760613551562,0.246941460139702,-0.0542547735257898,0.573741619212949,0.119137053056923,0.140951346615739,0.21839765979027,-0.0977300496652436,-0.0173790652834641,0.0962467945888876,0.0285342216806006,0.0932108558825703,-0.0207963228080377,-0.0361032459524305,-0.0625235280432932,-0.0715540599086792,0.0204167171129124,0.0863097446861187,0.043675361823381,-0.0508478300801906,-0.1141243869893,0.0849790828764321,0.0427474769109216,0,0,0,0,0.0129240627601907,0.00340710752247972,0.00082591512855921,0.0140687551646337,-0.0581312166678772,-0.272004940246646,-0.151690275353131,-0.775528851720765,-1.83880545844098,-2.2646694636121,-2.96111767914585,1.03685294725246,2.16332024825538,2.14243806587695,2.53992524364425,-3.04984101668216,1.74969520594143,2.96099739403809,2.34936554467002,-2.7742469648414,-1.52796663628694,0.088047264643548,-0.622633670253328,-0.556764821764153,-0.562053888442213,-0.582189516728811,-0.46310104291908,-0.388812989227019,-0.373799176744589,-0.341157832613875,-0.356675743559512,-0.394308937999,-0.355156500293983,-0.35169276530583
122,0,0.00493854970255937,0.0103458881312159,-2.15277220832286,0.118054452043423,0.0559360484664645,-0.0309825430811184,1.10922090541832,0.372785901240004,0.349332990115976,-10.5356716472733,0.151213538627322,1.22721726749474,0.375166116753772,-0.0542406986943899,0.338062520030901,0.143107752809533,0.151764308809284,0.102240430760991,-0.106624161175537,-0.102156249507973,-0.0483025367917503,0.0130149826765499,0.114807864055223,0.0885741270166272,0.0942108790931114,-0.105015310102579,-0.151820100924952,0.0139097526122891,0.122467472040653,0.0234055905583192,0.0371481804961106,-0.166485272163228,0.0267043428399002,-0.0309081792838762,0,0,0,0,0.0124484847157447,0.00221960554803932,-0.000255433005395581,0.0077031457165142,-0.0755206599821232,-0.29941404088703,-0.17022624485611,-0.838344076256303,-1.9072612763719,-2.32428053961352,-3.01232473673283,1.14908224866053,2.16930369975882,2.13495084045262,2.51265843218313,-3.07058085731016,1.88029516608917,2.94845026219075,2.21167497246593,-2.81341333327111,-1.49509247640483,0.0834482624099517,-0.623546463752012,-0.556383818642756,-0.559420786485249,-0.578722425244743,-0.448981890182086,-0.38697208941489,-0.378976266634017,-0.3450678863848,-0.376806807504153,-0.418323200698099,-0.361719854846568,-0.35328657923464
164.5,0,0.00392551386613694,0.0082236546684024,-1.71117790917971,0.0938381541883616,0.0542157638003,-0.124318815844192,0.836107871606429,0.441399688497183,0.356568425304711,-10.2828933055166,0.0964460836444947,0.908512239783153,0.339786754840508,0.0621793260063827,0.453801583715607,0.0250530739497945,-0.0396707866892509,0.189501027421594,0.00314806982787356,-0.0379491487891098,0.0832738665902964,0.0998877044603143,0.0927926776618511,-0.01308177860229,0.0511150599810048,-0.0149028295372352,-0.0366419564145428,0.0765354312592267,0.0260511856254796,0.00285143778581779,-0.0493522416010548,-0.0405446971048621,0.0100325437460118,0.0539043407418893,0,0,0,0,0.0119728514329994,0.00152461435282793,-0.000434060715462625,0.00224471221164595,-0.0936276954094659,-0.329676755061446,-0.19094851125564,-0.918718445138428,-1.99195456738036,-2.40458600230818,-3.02887973729139,1.27062318532387,2.16528879526535,2.12686874104743,2.48905034005033,-3.09214221447735,2.00618250365997,2.9210238107699,2.0776188901473,-2.87505780886908,-1.46411064449091,0.0830772332017739,-0.619040293872702,-0.548295746247645,-0.54822902138823,-0.571186907949243,-0.432639594119568,-0.384606678389108,-0.381821293702858,-0.347403968345332,-0.392320734601981,-0.437036781769736,-0.363259582591027,-0.349390078320183
146,0,0.0029124780297145,0.00610142120558888,-1.26958361003656,0.0696218563333005,0.0524954791341355,-0.18139355344064,1.0770453784251,0.535637515032316,0.384848902472514,-8.05129895126761,0.851957210307208,0.127778031518975,0.155193626763419,-0.286529307788178,0.0984520889674959,-0.103855833385804,-0.122670826846716,0.239858594813358,-0.034860209964833,-0.193789797343725,0.0681866125638471,0.0453676952999699,0.134555372576146,-0.110925566391761,0.0767693276081832,-0.0581344158391388,0.0023774375577687,0.0200882931860868,0.0195937472533317,-0.0641243502125234,0.00485156919448552,0.0953049499703179,-0.102716564262923,0.0391319073517272,0,0,0,0,0.0114979645566766,0.000834985633642442,-0.00060021590925996,-0.00273164081484723,-0.110998834522423,-0.360631209069294,-0.211397742069062,-0.995382571423827,-2.08193874521904,-2.49089675082503,-3.07779161906326,1.36848641146201,2.1536711536863,2.11658126786147,2.46931908692316,-3.11057313589091,2.06965924652609,2.88213906076952,1.94542333803582,-2.93668026745655,-1.43686445632488,0.0825547678939755,-0.615696661523669,-0.543751845766708,-0.534956268246891,-0.563382024102233,-0.420803409264255,-0.38632426138276,-0.386589389312093,-0.353936716285019,-0.400112584248992,-0.449661000276749,-0.365961267392741,-0.34182447024174
146.5,0,0.00189944219329207,0.00397918774277536,-0.827989310893407,0.0454055584782395,0.050775194467971,-0.223976463432168,1.99694128310914,0.509022409241605,0.387697712910691,-8.26322887590747,1.32690448054027,0.662771809368245,0.371869771960897,-0.193007760283566,0.152513653566434,-0.27032672163458,-0.242917101271596,0.363069543975081,0.0353363208609169,-0.281322832864091,-0.050780803819974,0.105786663064679,0.23165146923231,-0.0720613358724255,-0.186793611982046,-0.0141808218875393,0.0306259536845388,0.096718973882821,0.00580026819619077,-0.121088684119693,-0.0572127488802891,0.143830049704075,0.0228561003374787,-0.0673064336910857,0,0,0,0,0.0110238225448497,0.0001506582128348,-0.000743625511231549,-0.00717073992568125,-0.127508020632011,-0.391512458203596,-0.232628271940921,-1.05786505619971,-2.15934207731085,-2.56933240040726,3.13379416029465,1.46282824860692,2.14262535086885,2.10588363347207,2.4494716611555,-3.12815972106447,2.0688076191235,2.84155569044133,1.83326332191876,-3.01320751640541,-1.43008554238206,0.082115998243011,-0.613463556091522,-0.540816706984379,-0.524771227253687,-0.554388857290638,-0.413806350772073,-0.386285395765936,-0.392426324182162,-0.362451771592938,-0.403634790638209,-0.456209368772897,-0.366396672500703,-0.338963319397346
148,1,0.000886406356869629,0.00185695427996183,-0.386395011750256,0.0211892606231784,0.0490549098018065,-0.250014560908515,1.98048063006108,0.495156934814375,0.400705786576109,-8.96008372466514,1.66508528442726,0.55735747792629,0.34092250058104,-0.197339487966626,0.0396164186561223,-0.459626503344091,-0.401966783574025,0.26527650859618,0.119131633365072,-0.149778925467074,-0.0115062107579139,0.0267231613517604,0.139732269668784,-0.0972974552396488,-0.266297560881531,-0.102989604968774,0.0581073718872744,0.0769027501443341,0.087988949381972,-0.0443934977932549,0.0894827953629972,0.217828553535922,-0.0541817068140296,-0.0855878874065701,0,0,0,0,0.0105504238590854,-0.000528428170136004,-0.000863905780667403,-0.0110182759329022,-0.142741512347617,-0.421255141582682,-0.252149171267219,-1.12288425418976,-2.23816430595397,-2.66052675234881,3.04560493771976,1.5664141668504,2.12961216447664,2.09128051591884,2.42285226453871,3.13156957707882,2.03213533369067,2.7765831816507,1.71946537932078,-3.05716232495643,-1.4293650181819,0.0772401529078956,-0.614528483690043,-0.531660379022233,-0.51448217521495,-0.545103820915562,-0.413982660773632,-0.387782918733756,-0.396296017482095,-0.371867097927988,-0.40567263602596,-0.455770768516884,-0.363658867313555,-0.340638000540596
99.5,1,0,0,0,0,0.0475349866641921,-0.274881365596275,1.31810703758544,0.617045011665458,0.496949743703761,-9.02301006456109,2.05094223811366,0.303875058736609,0.3186718389635,-0.128769974767885,-0.194862742047958,-0.524407335171475,-0.441804388979469,0.22110319339974,0.205182290218956,-0.175061416047559,-0.00893655326089787,-0.0237532478967141,0.0872420215750418,-0.0833825576894579,-0.397137780524072,-0.0894148911985836,0.138912512014118,0.0705264687059021,0.17092914642149,-0.0335646680086024,0.0250458914554081,0.216671059166429,-0.128247122770064,-0.119509892479935,0,0,0,0,0.0100777669644378,-0.00120233287563354,-0.000971677147418893,-0.0150135478274582,-0.158985886166426,-0.456350055584684,-0.284882665432854,-1.18593382392604,-2.32130124823697,-2.76450715581512,2.95228204869332,1.65944180376293,2.11708623169644,2.07596559127598,2.39589534772979,3.10542558481533,1.99508711041859,2.66226101129963,1.62064060502626,-3.06778122432225,-1.4329532411539,0.0705733603707125,-0.61387164529105,-0.517584557542195,-0.504792803572131,-0.540284704281892,-0.420340968491595,-0.392085778766735,-0.401113605268575,-0.382815110439868,-0.406784174127043,-0.447477970014778,-0.360134177559686,-0.340216739346293
50,0,0,0,0,0,0.0473412660250768,-0.331738396464054,1.06943130972737,0.674832249751739,0.57366455271954,-8.92770731527644,2.14265840587121,0.23499475652737,0.315299142227139,-0.12784011930454,-0.313571817681633,-0.439941094672396,-0.467208228651161,0.319870690745263,0.338281194166927,-0.156585973816162,0.0342655643653472,-0.0335919098076443,0.0920780053320755,-0.0358772983540148,-0.502617544866087,-0.0502616741669533,0.177343961114362,0.0733595907480035,0.19006454789099,-0.0143801694830654,-0.0219290569179158,0.205663236130175,-0.190555280148935,-0.130649174749729,0,0,0,0,0.00937121875795961,-0.00240573451855377,-0.00193434929558231,-0.0210850801483922,-0.177610708524638,-0.493405335186444,-0.329825363060465,-1.21062981383477,-2.3913087595611,-2.85549902221291,2.85873853508387,1.74078146479397,2.11411098810392,2.06873249236402,2.37244919816872,3.08664763674017,1.98580502424295,2.55444624644681,1.55189805989462,-3.08624708909482,-1.43758359048896,0.0655370338524423,-0.611218940279748,-0.506663094422018,-0.504432055428365,-0.545473812062958,-0.43039237066732,-0.394533040209574,-0.406331008048639,-0.39229866189977,-0.405440240503006,-0.433845368480858,-0.351960973720833,-0.336155317413046
71.5,0,0,0,0,0,0.0471475453859614,-0.379087136247167,1.33828598256147,0.693237290772226,0.510661109583334,-9.29518611452042,1.8779874261103,0.558440938178815,0.347737090341604,0.0950386585367926,0.044509249275346,-0.00391928957406811,-0.234009301703318,0.229399401426403,0.245030848324434,-0.177411577128878,0.0298081567105868,-0.133194496590084,0.138086552584469,-0.0186795641306711,-0.251616254052861,0.0807742037973215,0.0750114183596833,-0.111190269770202,0.0538783996184025,0.0427931586061579,-0.0473870081525044,-0.0692107743623191,0.0165909167208251,-0.050831342386446,0,0,0,0,0.00842252680737585,-0.00428470318300961,-0.00428552502612397,-0.0296939981020292,-0.196281948751143,-0.525392673594614,-0.383601418558635,-1.21091099859983,-2.44556441143276,-2.93255073014053,2.78371427530057,1.81418607857639,2.11589536448704,2.06303733692019,2.35027324358484,3.07745125567211,1.9921110122502,2.47759651897579,1.51661685267765,-3.12731129798517,-1.43657342242904,0.0629315278659706,-0.614345688924589,-0.504382651688454,-0.513206283353786,-0.560789214548807,-0.445662583773401,-0.398762690618186,-0.416030296745773,-0.40208785799801,-0.400483272407173,-0.418286410833751,-0.339092537876813,-0.327362686202173
106.5,0,0,0,0,0,0.046953824746846,-0.382186930424354,2.1018736465003,0.593935957164521,0.422863689433715,-8.68206335909354,2.50110477373882,0.00321413330799934,0.116985064695622,-0.0590069805803919,-0.198119918186096,-0.185111855937576,-0.18483608937274,0.312516598522018,0.281297480485952,-0.422817616582455,-0.0212935200141502,-0.168416770614002,0.157989051668744,0.0210321578852776,-0.119696702713336,-0.106322900604702,0.197388390264881,0.0709957526282852,-0.0327731471885242,-0.0676362827159938,0.0215113731427554,0.0859338814975402,0.000659940248022104,-0.134252797762829,0,0,0,0,0.00801286884736705,-0.00548973371077749,-0.00668747772188887,-0.0374915396310614,-0.210547469350468,-0.55277472564318,-0.448689304271632,-1.20733970754736,-2.4848844564341,-3.00412470565285,2.73062178019706,1.87268270129908,2.12534050873334,2.05363620271036,2.33163138634171,3.07378822023112,2.00937258165934,2.40981482723376,1.50023406588056,3.09777436654688,-1.42769135902209,0.0652234332244114,-0.618626135350139,-0.5103309356007,-0.524639767798785,-0.578867506750021,-0.460253157120903,-0.405410661502027,-0.429805401714664,-0.412188843391141,-0.395235300618685,-0.400701753957737,-0.327753767204734,-0.318943482471981
120,0,0,0,0,0,0.0467601041077306,-0.401501405599644,1.67844141683,0.520135213291359,0.441090823591306,-9.30747774228431,2.38852094861985,0.318815617645952,0.304099630368122,0.111499939807009,-0.216961868026982,-0.0937100730493302,-0.0829373195864443,0.361921017763831,0.316947828546764,-0.290899804547487,-0.1993619951096,-0.284496541008017,0.16276449356687,0.185633861144379,-0.134949690671512,-0.129585375837244,0.292630813632648,-0.0223048998388849,0.0133665414460621,-0.129441090122911,-0.122573225032141,0.0505968177781604,0.0937167214471378,-0.0624284675331387,0,0,0,0,0.00815789747639215,-0.00586650294082369,-0.0085968046773326,-0.0434711512501372,-0.220557496947535,-0.577684816923988,-0.522856877200063,-1.23714481446738,-2.5194404375518,-3.07602503624302,2.69666209191765,1.92679057974215,2.13678633660001,2.04037343812032,2.31667027819995,3.07200301450326,2.03269662733726,2.35713794044854,1.50412270015898,3.04775365690682,-1.40627757116186,0.0661579865566885,-0.621937701058369,-0.522351236702535,-0.536242281906343,-0.592491815963165,-0.471592491387213,-0.408821049088372,-0.435598984937022,-0.419060875454665,-0.389829310680553,-0.378152030439274,-0.323386453197267,-0.316376598600456
127.5,0,0,0,0,0,0.0465663834686152,-0.403403321952992,1.67844141683,0.467520007446305,0.559837315419025,-8.5806544780628,2.802139918061,-0.349768634872311,0.230525463439319,0.339088809177025,-0.475634299348521,0.000133719445498409,-0.249748556209593,-0.0995480257973271,0.292912701273337,-0.27605466358474,-0.0859630465953063,-0.125606863773051,0.0219378093134889,0.272807071989434,-0.11538555445289,-0.341031199330429,0.289088815774921,-0.0490513477685601,0.070199892228855,-0.0308035437959733,-0.00969977192800212,0.055002029150872,0.0398718350683004,-0.100719982165764,0,0,0,0,0.0083028448534979,-0.00641963741412301,-0.0110930641834486,-0.0503180661730137,-0.231175568145785,-0.603672528582904,-0.595016700815147,-1.2782728001866,-2.55268223608119,3.13914842730806,2.66409873941156,1.98208931039955,2.14264827193326,2.02423619789688,2.30202084689701,3.06992197905638,2.05058979245169,2.30539842479369,1.51155384267046,3.01133892285623,-1.37676703121391,0.0654872980280779,-0.62601322448789,-0.541383556451768,-0.551714997454407,-0.604350972477163,-0.483266046379222,-0.410234364643528,-0.435922434435085,-0.424115584559672,-0.384349117384665,-0.353295610931892,-0.322244192230816,-0.318324127744137
120.5,0,0,0,0,0,0.0463726628294999,-0.382935267530485,1.63643780335088,0.495928808071031,0.651461475652036,-9.2711911619451,2.72843549236929,-0.0314758507086549,0.214991981430605,0.171241049168297,-0.295253685093592,-0.0403502858491752,-0.137742186378161,-0.0387227909393673,0.332516440668898,-0.0268168180799294,-0.15365475324211,-0.290096749525894,-0.0532507178216328,0.345855932373334,0.0362186654972871,-0.224607990441002,0.117003077382478,-0.0730319390245048,0.152989465313267,-0.0689521270537001,-0.0997930305255785,0.0419165957743147,0.0760678055906227,-0.0465375891732349,0,0,0,0,0.00844771104086147,-0.00720690402055074,-0.0146366719197472,-0.0588834481412676,-0.24386536625872,-0.630535026619099,-0.650014120377584,-1.25413999725291,-2.59791394614177,3.05267761112065,2.61654137741641,2.0397622121165,2.15158301221931,2.0084178374054,2.28821555519892,3.06507797482197,2.06402803802249,2.2532547646661,1.52622538590813,2.98586336902746,-1.34721142794318,0.0644787417009197,-0.628825712279867,-0.554633719742573,-0.562366792881173,-0.616999140630239,-0.493871797032124,-0.412731834129357,-0.436354305463499,-0.427052597381554,-0.378536662709287,-0.332671691380284,-0.317436042442888,-0.325164085421627
150,0,0,0,0,0,0.0461789421903845,-0.382935267530485,0.762672185942474,0.540019517588831,0.601126436380537,-9.79800732772967,2.30707922699121,0.289528775006301,0.492489837535649,0.114392823626757,-0.199245570593679,-0.132627168660821,-0.242306353513437,0.00545483556370151,0.109971012824864,-0.140119098536854,0.0100331726032719,-0.190477322764304,0.301315282338278,0.201491646699453,-0.116377888049226,-0.217058519766287,0.0409976276212548,0.0943125284539403,0.0862943481327855,-0.112862381444999,0.0497753508828181,-0.0559728896495977,0.0201358899197141,-0.0249764805231152,0,0,0,0,0.00859249610060402,-0.00801018890834855,-0.0183904061119578,-0.0676644185874527,-0.255939106235575,-0.653799937613723,-0.682552761146385,-1.16322170144348,-2.67499761677957,2.93618456465822,2.56702117949004,2.09687076262707,2.161036999049,1.99038373441871,2.27417570161872,3.06117175096673,2.07120126650085,2.1933349699332,1.54564569431872,2.95895997104323,-1.31274833956172,0.0605492126878606,-0.632413735955888,-0.560749981691996,-0.565820448995971,-0.632743231377352,-0.503103612289857,-0.418766460284225,-0.435993555535567,-0.427225287414796,-0.368315012737661,-0.313183223880272,-0.310342608457874,-0.334463167978592
173.5,0,0,0,0,0,0.0459852215512691,-0.382935267530485,1.25517841327927,0.385677520734343,0.490932607974354,-10.0305491753397,2.32957131293638,0.541000744459058,0.280696490372551,0.319921671677889,0.0489138949035609,-0.0926573133968808,-0.107234199938473,-0.0904304158823453,0.193221101228368,0.0516923203628662,-0.0491851060790247,-0.192309409411423,0.0668728058033621,-0.164583008815353,0.0431788078754934,-0.0926061095786929,0.181769340557014,0.0965550885587846,0.0597209449096788,-0.126373118551428,0.0371641964148651,-0.0643182740101243,0.0238680210780584,-0.0599059692818905,0,0,0,0,0.0087372000947907,-0.00883804496388932,-0.0224152644381249,-0.0767280603920732,-0.267476690889009,-0.675027957310348,-0.704210542932841,-1.0640721017292,-2.81546263517425,2.79713295858322,2.52349365525476,2.14611242920689,2.16725254632044,1.96465478577651,2.25985304203359,3.06080859157714,2.06542624326318,2.12589387810519,1.55014098982814,2.91689774423252,-1.28208700383066,0.0543404196315945,-0.641866710456174,-0.569240272358864,-0.572922602633255,-0.651250318570897,-0.508299673133084,-0.42310080199322,-0.437091591991931,-0.427465584335215,-0.360887126280175,-0.292954743215697,-0.305782558414348,-0.340000907085651
141.5,0,0,0,0,0,0.0457915009121537,-0.427720778242771,1.4438935528572,0.284839238227907,0.452832300882171,-9.32083050004115,2.94382960508948,0.607482799845621,0.385427796568788,0.0256168850887919,-0.321908574048348,-0.0417019676540809,-0.124907961339205,-0.359609464198253,0.0300411087956085,0.273848394833396,-0.00929663908291096,-0.27289163044612,0.19828346775723,-0.0826727270114756,-0.0218579040423572,-0.0855295320876388,0.146185331416025,-0.00604064447631271,-0.0797588642007127,0.0369635625711778,0.137188445494073,-0.147634587620766,0.0504041374830036,-0.0694075361818097,0,0,0,0,0.00897032062970485,-0.00914802173798158,-0.026142566239169,-0.0860790772680187,-0.281204356928027,-0.700264997538037,-0.723989782871834,-1.0216127705779,-3.04978859428766,2.65510239589683,2.47511045209463,2.18444970200816,2.17606168015285,1.93555221538916,2.25103857463998,3.0575326841471,2.05351211515574,2.05925178914783,1.56867091773538,2.86022924112367,-1.25586109819553,0.0396795121562482,-0.662871323077914,-0.577348542052028,-0.584019838798624,-0.663975030865689,-0.512240309104347,-0.426930551233823,-0.441906369208088,-0.430445591767082,-0.360408247207302,-0.276749361475199,-0.304626287047506,-0.34154082603459
145.5,0,0,0,0,0,0.0455977802730383,-0.472506288955057,1.79395482134773,0.503587163930519,0.45237957290066,-10.1699557279949,2.57738086026727,0.67658745658775,0.306011165321567,0.0269789534938694,-0.260520874437502,-0.236790167731336,-0.1937841179374,-0.299977166429633,-0.0761879189183534,0.0804838960630582,0.0385353250577952,-0.14817573978675,0.148730248319951,-0.00397445581151456,-0.135756408557254,-0.025744528429906,0.0874934307271803,-0.025905953455879,0.083204461762476,0.036386794145387,0.229384151397746,-0.08290038085837,0.0838992996722024,-0.111258424874338,0,0,0,0,0.00937069819941916,-0.0080588771453061,-0.0276729384328242,-0.0932767134520249,-0.295269666743159,-0.730071778165352,-0.739906745157182,-0.776561996875718,2.97173425208061,2.54691616618131,2.43321615423312,2.21315699420615,2.18660041833911,1.90466905802848,2.24446608279235,3.04645387783798,2.04131468911765,1.99203970492042,1.583462083498,2.78359804310846,-1.22160100436321,0.0160615010048318,-0.695016163937912,-0.591082412090598,-0.60091216138217,-0.679395973620713,-0.528028585749029,-0.447687214036657,-0.461143198422117,-0.445152444312975,-0.368715361936036,-0.266777113898277,-0.312446585276842,-0.345322953834976
128.5,0,0,0,0,0,0.045404059633923,-0.465282965637182,2.47900529917821,0.595548828978063,0.44207967830876,-9.65663826029811,2.7165952444599,0.533557768635467,0.105983468269448,0.0376210286935259,-0.0916316842329979,0.056240686296144,0.046296134735602,-0.198293704084046,-0.239716774450367,0.243957229445199,0.183202222078662,-0.205229802352802,0.259818076402354,-0.0893266629079701,-0.0787038864632612,0.00260338349488324,0.0940997321987337,0.0569002076830744,-0.0233511027610609,-0.02964824343257,0.143506966632401,-0.0774090640902369,-0.00843296097997072,-0.184742569117247,0,0,0,0,0.00956163601920414,-0.00626507716433162,-0.02783864765334,-0.0995419266415582,-0.310217648507747,-0.763337993924628,-0.761263484068576,-0.438337527249018,2.76677148140046,2.46634167854854,2.40790975527791,2.2467778192689,2.2026640063866,1.8738572110612,2.23742929515377,3.02872283749549,2.03631556926794,1.9418313972906,1.57948197985455,2.70748050118003,-1.18296077689979,-0.000452533214480574,-0.712942779155156,-0.598565694962347,-0.609674943344185,-0.685069897893568,-0.536821889330252,-0.465750145964564,-0.47455728716307,-0.456791426413587,-0.375050513332504,-0.256464525821915,-0.32526834348209,-0.349816976191603
96,0,0,0,0,0,0.0452103389948076,-0.447302914334361,1.5983395852893,0.490404099587366,0.541751977206186,-8.9712727402102,2.86385773579855,0.189844774744858,-0.0150889005943072,0.071267806816959,-0.166494424139479,-0.0557290381373014,-0.061336939588359,-0.231431471615885,-0.43661407685154,0.215646958912618,0.0966871303924463,-0.472873191871325,0.331806508184742,-0.176679705217259,-0.0881198739104573,0.0237688639689117,0.165838181898994,0.0578470078011411,-0.0953697916993841,0.0192967753512176,0.145495167504549,-0.0306951865363342,0.0499337507792332,-0.213263331296114,0,0,0,0,0.00915960423246704,-0.00525253654827156,-0.0288961558987873,-0.107297424048023,-0.32633711327239,-0.79529844945952,-0.784749317458271,-0.242946083913572,2.58441236597669,2.3931589849876,2.39215128572452,2.28590353170301,2.21982469504359,1.84587413951933,2.23209194870202,3.00663259935017,2.03530336888605,1.90681518751786,1.56002542165217,2.66322328245119,-1.16508174167044,-0.00617102395400978,-0.708727385523214,-0.584022491515949,-0.600819618303716,-0.674099534861389,-0.530766571553981,-0.466867120463064,-0.471110857746708,-0.459237305140953,-0.375106855148718,-0.247535665059985,-0.335532201100046,-0.35177823167179
96,0,0,0,0,0,0.0450166183556922,-0.436546186349414,0.814736013363721,0.476926653420737,0.63194671603173,-9.36345769376402,2.82342424214129,0.144110497047343,-0.0503236390075054,-0.0309845455791335,-0.110735717808534,0.00960794677351283,0.0135464633446004,-0.28226404201579,-0.323127835381479,0.0921124275148646,0.135656437878406,-0.498202765634013,0.194742351711804,-0.102556966761756,-0.179326639413767,-0.0390121028414357,0.270971202563791,-0.0181622762402028,-0.0476744773890565,0.066986855137654,0.124672727860736,0.0135494172556036,0.0838799392324098,-0.318613914272393,0,0,0,0,0.0086557745871321,-0.00443093099075088,-0.0301394121687438,-0.11469563496913,-0.340473437588276,-0.823428239827461,-0.801286701580522,-0.0773211214085272,2.40708587930368,2.32729582040698,2.38655035999175,2.32625246065297,2.23826163392717,1.82590640539135,2.22758735005488,2.97924704029992,2.03178937627231,1.80553593309684,1.52447379565735,2.61589902261131,-1.15956157279223,-0.00973261762819114,-0.700890212792401,-0.558803815391225,-0.589360548956719,-0.669145065694239,-0.52598998706913,-0.466760792587606,-0.469655301380456,-0.463823286683527,-0.38062230621099,-0.24779271998837,-0.342836923705915,-0.354256845680511
79,0,0,0,0,0,0.0448228977165768,-0.436546186349414,0.749266891132555,0.436934109997429,0.592062137921602,-9.19303915215735,2.9422968353304,0.0498510586923085,-0.0533550117498649,-0.0472105365860315,-0.0125184809859346,0.259831424115646,0.152469405397037,-0.162162097544038,-0.13050394154886,0.0757174522992643,0.256826663881581,-0.386137297244673,0.0276980369983882,-0.0189037970656741,-0.169422944640898,-0.235008044180186,0.357711392756069,-0.0709463429375931,-0.0794641408545291,0.128201685026555,0.114228386350509,0.00995457513706549,0.147787969012997,-0.289580994556351,0,0,0,0,0.00858376358767894,-0.00257857970605459,-0.0298931487679876,-0.119637331045843,-0.351306876314775,-0.848122158442735,-0.808982235323909,0.0516600380798531,2.24534934650901,2.25867188385845,2.38296873624823,2.36320986282427,2.25428579797905,1.80407328981745,2.2192581859401,2.94648524179716,2.02568784955874,1.64605191685007,1.49609909492632,2.50309800719551,-1.15454395888009,-0.0156791208021799,-0.692892446205793,-0.531448386469493,-0.575110632724283,-0.667836312840208,-0.522913216189858,-0.46691304994874,-0.468498718351314,-0.464727585207068,-0.3863180748073,-0.253364204939843,-0.346379830058627,-0.354753440466396
77,0,0,0,0,0,0.0446291770774614,-0.443974196721452,1.03708123930512,0.430657168686068,0.421949341525923,-9.07530863622805,3.01649455753835,-0.016228280872918,0.0791704435802415,0.0166389122474766,-0.0533431248558333,0.370260555014467,0.0449593332495273,-0.15589692160348,-0.162386808121041,0.00814046439792003,0.23102246912316,-0.362763743461112,0.0821755070116274,0.0735601607554646,-0.168915055793876,-0.148205774321021,0.326379324109213,-0.0309871226800102,-0.235915060214635,0.122806433983129,0.115049851194208,-0.00445213842927017,0.149590073516583,-0.217826553054945,0,0,0,0,0.00877344394125265,0.000831776397357722,-0.0271389118382734,-0.121283986488328,-0.357724435935017,-0.865836678000169,-0.797708735290581,0.225679360216072,2.07592519951484,2.17944505878842,2.36908129296249,2.39306716888543,2.25936704830434,1.76386063703655,2.20482863277235,2.9089129931397,2.01480004956257,1.51237891063398,1.4715961081277,2.35476693850402,-1.13874977137021,-0.0251174422330435,-0.690262200642407,-0.512695809656423,-0.563148376721702,-0.66649930493499,-0.5257154966733,-0.470814827332181,-0.465147261054799,-0.463519903401051,-0.395666962490274,-0.263468922845943,-0.349951424224351,-0.351761520236584
92,0,0,0,0,0,0.0444354564383461,-0.44396980162393,2.0007117826981,0.506669654450981,0.273092471867392,-9.13271271490428,3.08163803156425,0.0733768361402444,0.111161083778799,-0.0778807363597491,0.0386030464200339,0.439818775831303,0.0650865375746368,-0.0888701015121209,-0.233274813968927,-0.0339450086403527,0.214249275485443,-0.455512097304313,0.0395544628048937,0.0150626928199778,-0.20902847173904,-0.0865045652784978,0.21576936232712,0.0867163545367753,-0.22739108990301,0.0847321428183081,0.129665779622644,0.0136824394256398,0.144643332448913,-0.23661482931057,0,0,0,0,0.00898323808651087,0.00486139489132476,-0.0233034813009992,-0.121124564894528,-0.360388560400245,-0.873401464279172,-0.758805649459673,0.372332633982151,1.93137435499534,2.09282409853077,2.35465139748144,2.4261335805987,2.25833536115129,1.71390122019941,2.18837522615625,2.87176713885357,1.99644833593292,1.40564573159159,1.44019351098503,2.23142084559303,-1.09992061255582,-0.0328468367124263,-0.691964005692081,-0.504828470956791,-0.557763762160749,-0.662474544561828,-0.528488015066616,-0.473582587536894,-0.461746098455213,-0.463909387702024,-0.412502292455387,-0.280121466841109,-0.357206723961575,-0.350422286761819
91,0,0,0,0,0,0.0442417357992307,-0.44705895214891,2.00862608082476,0.624478234729458,0.245275846005361,-9.32693850093074,3.0018149206323,0.468140226505761,0.141094325180047,-0.0378253841234406,-0.006025392786628,0.386272309263796,0.0519790731133262,-0.108979439354625,-0.249579332484383,-0.0893259047453113,0.277841819720786,-0.405239845085296,0.113660325828267,-0.101838535346226,-0.163772982387761,-0.0405188104251416,0.224297614944196,0.114359597072502,-0.269320693776507,0.0211978123706609,0.20518697180316,0.0132131524440443,0.123393456961031,-0.230484084793057,0,0,0,0,0.00917915247676008,0.00801874350958293,-0.0209332218059328,-0.121540619255536,-0.360819770578911,-0.869784279297525,-0.701452925658276,0.409540387031637,1.8104212466307,1.9922169219322,2.34687309125671,2.46330563028507,2.25712704517549,1.66293126262861,2.17449919892796,2.84636520657586,1.9712419223847,1.33433200059436,1.40656576088671,2.14956423146615,-1.05348624065201,-0.0368922410673897,-0.691802076183741,-0.503114255546197,-0.55262353349607,-0.655736866855283,-0.52986664950694,-0.477017239449106,-0.461605680444837,-0.464087857902408,-0.425933010562443,-0.298723508649139,-0.365691035159196,-0.351687519304184
91,0,0,0,0,0,0.0440480151601153,-0.458232427973938,1.18568849033557,0.526906237399904,0.236487205398077,-9.64240265546569,2.67754851546227,0.676338745861659,0.20819207920731,0.241729824758069,0.262997406855894,0.236386843585231,-0.0170949708105084,-0.160183404770366,-0.122333067319929,0.0329928311623464,0.246155891712022,-0.255888547715096,0.144099051005737,-0.0856145477868885,-0.0454214885179964,-0.254515714086835,0.118136217448185,0.079553927841325,-0.224382262699519,0.0323839559438914,0.0974730966032887,-0.0505977536936785,0.172575099048554,-0.167961133958282,0,0,0,0,0.00937514325435393,0.0105741220335144,-0.0195545235634278,-0.122047544080199,-0.358519508493286,-0.853777256725207,-0.638423725319056,0.378030423732555,1.68732593445262,1.88226953539822,2.33872005509468,2.50179848643651,2.25544001343656,1.60372694596493,2.17099869418729,2.83318201309668,1.94405248627316,1.29541122196271,1.37455718731658,2.10583999541451,-0.999179233191864,-0.0338017658817633,-0.687649753253729,-0.511483007619116,-0.550273987664906,-0.650982605755666,-0.53433209227341,-0.485714327766042,-0.465470489795402,-0.464838284044065,-0.429750313238366,-0.315798847766482,-0.370761288508312,-0.349458681026961
96.5,0,0,0,0,0,0.0438542945209999,-0.473047704680154,1.10585898966414,0.436103997558846,0.227097843339496,-9.33890361041926,2.82474045979056,0.416492880612636,-0.01737077453743,0.153457555737844,0.420025779581626,0.332020357204257,0.175569371360284,-0.125236151654413,-0.119068738588866,0.0899214295181303,0.103646509120079,-0.239512912368828,0.281901158733413,-0.0320654457948194,-0.0219585569237843,-0.295062344704479,0.235700510724582,0.109965206524513,-0.279310616572866,-0.0333713628751067,0.139362823194575,-0.0396036256084938,0.0252237198645073,-0.222383007200696,0,0,0,0,0.00955277906971656,0.0124263879049873,-0.0192432197067262,-0.122859929135441,-0.354151678362331,-0.828465885326539,-0.563857950733254,0.351325527466402,1.5879901861656,1.73665272407394,2.32344114282907,2.54512506924561,2.25494200589805,1.53455353935275,2.18136211381609,2.82850608015778,1.92032521739209,1.28285092028937,1.34934949949002,2.05145139693547,-0.934138735072189,-0.0244549219128551,-0.68155952991938,-0.530280990703571,-0.556015262531973,-0.647509169206327,-0.536240555352724,-0.491508037012019,-0.469647082762481,-0.467622504104439,-0.428977364567224,-0.334085081067074,-0.375042225735122,-0.344528714320508
97.5,0,0,0,0,0,0.0436605738818845,-0.484414931592633,1.92879658015333,0.532901060257963,0.208560737774895,-9.25695110141364,2.76182942900695,0.402222860299899,0.0616365076821682,0.104281134040738,0.497272848865859,0.38482070005011,0.271973733502886,-0.128225994705272,-0.196516679703497,0.0603095569680422,-0.00633728332236668,-0.215202453775465,0.372354258193273,0.0244405059567288,-0.0588068502309971,-0.278321496633549,0.212563403866079,0.0415111422878328,-0.162960494363285,-0.0561768117766466,0.13820129705902,0.00158459021942078,-0.0486330551740957,-0.134108243693458,0,0,0,0,0.00971197497221275,0.0137224417801089,-0.0197985842246808,-0.123658500390569,-0.346593492794747,-0.79218766036643,-0.47718726977359,0.339120677086743,1.51119492693226,1.54530826616393,2.30701078030391,2.59371485933548,2.25960384244372,1.47114835782565,2.19752535222345,2.83298023950141,1.90363724035091,1.30298931681297,1.32720091651822,1.98227116521428,-0.897786356342477,-0.017559192820359,-0.676507548123304,-0.550176692254621,-0.564784710735607,-0.647486882305656,-0.538596350495566,-0.498418150923138,-0.476704475840355,-0.46977778001138,-0.426017926575991,-0.350279210681677,-0.378967668609371,-0.338107015479143
93.5,0,0,0,0,0,0.0434668532427692,-0.471634568680321,2.17322674672536,0.495733883801269,0.196998714992767,-9.44427303375078,2.51708853320388,0.3606749998488,0.227267039852601,0.242026847052011,0.413277851108287,0.431279512190905,0.236237283168032,-0.138931716983088,-0.182953278240488,0.121361324030236,-0.0385212185619718,-0.309113174990096,0.446179590712623,-0.0468882095763213,-0.123038176959469,-0.180220135176814,0.0151407703219261,-0.000438410306208602,-0.0444735868764606,0.0200431951893608,0.132269257681858,-0.0297316019629835,-0.0358942258555421,-0.0540943304401204,0,0,0,0,0.00987163173933482,0.015030750538823,-0.0203555506317024,-0.124348166175142,-0.337545617042928,-0.748742613365384,-0.401226639970107,0.293398707595617,1.43968959443588,1.33366786148463,2.3033848316938,2.65537740426429,2.26896507050188,1.42500059946655,2.22319841540326,2.84776070601567,1.89240716631648,1.32138633497519,1.28971778072106,1.92132131439731,-0.89707916611045,-0.0143827546408148,-0.671625993011989,-0.568457405376173,-0.571593070245736,-0.646216003964929,-0.546087803159386,-0.51238022146093,-0.490068017441096,-0.473891404222231,-0.419248669462486,-0.360157121400648,-0.381634353947568,-0.334308500889306
93,0,0,0,0,0,0.0432731326036538,-0.461650335731258,1.49777857155829,0.437906961184724,0.187324380087607,-9.65159386381661,2.34749824231033,0.500134415002494,0.451128234907561,0.234313533792874,0.306471313172028,0.257257731122204,0.208368668062438,-0.249461205802105,-0.166008557230316,0.184313487149437,-0.0443264579849341,-0.284635689464534,0.51142447646023,0.0383048290402022,-0.117454404117505,-0.191368022667199,-0.0271581913974762,0.00482359524763202,-0.0745956297636257,-0.00561880122066145,0.139485671149883,-0.0532055478235978,0.0453437934769853,-0.116460560700145,0,0,0,0,0.0100313510163909,0.0163466779032606,-0.0209442756336798,-0.125967211135856,-0.330616291195925,-0.705126252462128,-0.341791843163635,0.233825725911566,1.38118292427456,1.14091821888201,2.3174531166408,2.72062460109235,2.28150015568342,1.3795175876829,2.26208236840596,2.86791589347319,1.89304050986442,1.314961786949,1.24858356071802,1.83459515517932,-0.909865968870498,-0.0118527086918422,-0.669780390544157,-0.591503677757572,-0.575735308140143,-0.637021274094917,-0.5546801347692,-0.53083905944601,-0.506541629421904,-0.481304159843608,-0.413343564774441,-0.369488319451275,-0.384280102506066,-0.33408557940031
93,0,0,0,0,0,0.0430794119645384,-0.468466113129118,1.13176913942167,0.511986362697515,0.178679341447086,-9.93926503641749,2.20060359153502,0.550473066714367,0.532137232951442,0.171758778678779,0.159735234711536,0.0880844504109852,0.265648467393379,-0.1310963023963,-0.267353662819436,0.263105183890757,0.128382802345032,-0.218812976963194,0.319398478948333,-0.10080662546901,-0.0947572387264869,-0.175528141364227,-0.0269112529412565,0.0481202617384159,-0.0777144773313276,0.0670999030014112,0.139825122511708,-0.0930005860101225,0.0950869545933836,-0.0875798233715223,0,0,0,0,0.0101911328319459,0.0176702860177072,-0.0215877729353278,-0.128706769384117,-0.32594672700209,-0.66146293291111,-0.292934731394213,0.186659639562474,1.34356754114463,0.847176067440807,2.34953451878873,2.78235729907839,2.29032392886214,1.32335286813909,2.31232171543017,2.8953374968268,1.91489142630438,1.29410264417966,1.22159796077964,1.71054747610325,-0.925424585597378,-0.00862519029530252,-0.672475636661572,-0.620641369883794,-0.585517345817368,-0.629865687063351,-0.56507077578085,-0.55495285896483,-0.527649983299144,-0.493573017409506,-0.415333516198181,-0.380636670183682,-0.388319901976542,-0.335234338479395
93.5,0,0,0,0,0,0.042885691325423,-0.466741999547719,1.12082056286324,0.576967227210023,0.214004608458622,-10.1589125520334,2.00247133511654,0.542519222415675,0.346013530213256,0.00624224373941288,-0.0100672043239082,-0.0891892032570865,0.146987968849961,-0.125187418087056,-0.306585908466687,0.0789018353929973,0.145525321967313,-0.136806093796711,0.276191017240382,-0.00316316573271059,-0.056188802062976,-0.156563129965037,-0.0138865067455558,-0.0208711771277704,-0.0723240100048926,0.105042312077537,0.119641721221332,-0.00447722487090235,0.0509005814726445,-0.0136591035917423,0,0,0,0,0.0103509772145744,0.0190016376463557,-0.0222897573369638,-0.132675626776926,-0.323436128700957,-0.618169649879619,-0.25006428161911,0.153892449583,1.31702028805719,0.439124943368665,2.39057334703833,2.84946447389429,2.29325436870904,1.27030284364993,2.34664492423615,2.92747172120597,1.98707198091343,1.25477123547123,1.2018062787781,1.59155283123739,-0.936044919450358,0.00697182763701421,-0.656588140581178,-0.635366193066263,-0.58510417715738,-0.610438073708116,-0.558076253636076,-0.566567549477697,-0.540328422369314,-0.498986350586131,-0.411647519910869,-0.384420644117842,-0.390390055833273,-0.337202256190201
94.5,0,0,0,0,0,0.0426919706863076,-0.459549714500231,1.30268666295393,0.501548055009867,0.295384475008424,-10.4314202399345,1.71243572064157,0.307959353448124,0.190506077819738,-0.0240598840953188,0.0401424584777207,-0.041357454603714,0.133003435822065,-0.128500032903937,-0.266292855013133,0.0658435947730299,0.111254179483441,-0.0101168668880708,0.324221796086735,0.0578385278339598,-0.083859615637561,-0.0222559182799571,-0.0497552368650806,0.0478500389391272,-0.0100500501503039,-0.0237133711860613,0.0548845238284577,0.0406337659361198,0.0877532969864631,-0.0546595201403989,0,0,0,0,0.0105108841928604,0.02034079618012,-0.0232401200676123,-0.137062905621969,-0.320378373688801,-0.569621564354742,-0.210189322014714,0.107707357951536,1.29330893764743,0.120386441302307,2.43240568761916,2.92629672378338,2.29371094052704,1.20983382525316,2.33948271122332,2.95845329980839,2.07424107935875,1.21440846003068,1.19156941542809,1.50342697535185,-0.971091213936527,0.0345093928562257,-0.619113192304874,-0.626090016319101,-0.561797048499685,-0.571710152790384,-0.532638040748552,-0.558872083685703,-0.534879640079268,-0.486242226958679,-0.393730885098492,-0.375638960703663,-0.387224600222809,-0.333156517362969
96.5,0,0,0,0,0,0.0424982500471923,-0.441937523797752,1.344659556934,0.438704384937485,0.291185394879817,-10.6562183569359,1.53262807456936,0.20846612250436,0.169605407331535,-0.0956629258787865,0.0554386167787558,-0.118019833403217,0.0601601886586974,-0.128043185308768,-0.248902776455502,0.0928259169582585,0.185517634879897,0.0565063959400964,0.216909102191998,0.0232441229122824,-0.0646172556602063,0.0236806866574991,-0.0916145748458938,-0.00885997026029828,0.00024496262682482,0.0237561325526824,0.0778260062559384,0.00233645309291972,0.0789250632741265,-0.108050206441918,0,0,0,0,0.0107881587420926,0.021963075322538,-0.0237096044893611,-0.139642929098015,-0.314715778317269,-0.521723556362306,-0.177812762099795,0.0283262357493639,1.2818638360522,-0.112191689342573,2.47631139928578,3.00757684887155,2.29842461705599,1.13009297223387,2.32261422006997,2.99874202062251,2.12847400970054,1.19009392479433,1.19023492994103,1.44364295421005,-1.0856505214242,0.0588499561565535,-0.586277513142864,-0.613653419685154,-0.543666689247178,-0.541965700449742,-0.513188295763917,-0.553082734368857,-0.529479042829089,-0.470146844419677,-0.375790996588257,-0.362857413181803,-0.383618015690355,-0.328661146497853
98.5,0,0,0,0,0,0.0423045294080769,-0.410489112196432,1.77125713243213,0.387879143035748,0.170176873505604,-10.794843932691,1.37307440530038,0.0830645980360199,0.149030753521862,-0.0981278846479984,0.0321189042947638,-0.148695429220934,0.11370589911765,-0.0336021660626954,-0.180689262632484,-0.0471070014393387,-0.0435422426461098,0.020837715784819,0.296128666405567,-0.00831097530981859,-0.180756259835534,0.0665037485460232,0.00882826404893262,-0.0407748997837719,0.0257129220305246,0.0325482981428939,0.0464266796946021,-0.0944788578043684,0.0963340583424957,-0.0254158597823467,0,0,0,0,0.0113884483174426,0.0243411004712789,-0.0228459322295479,-0.140104825268502,-0.309613938025274,-0.484904705992579,-0.149140885873924,-0.0903946692277762,1.28812774113324,-0.351166285280467,2.51445381312817,3.08690298375682,2.30640210153434,1.03644556026257,2.29854294707489,3.04929000457967,2.16047805333421,1.17577253393051,1.18885485883317,1.40084806791298,-1.31157714935404,0.0753738155898831,-0.560197845472863,-0.601776791207949,-0.538650058687938,-0.526751880977631,-0.501252534227496,-0.549317758415796,-0.52496493421369,-0.455547627554881,-0.363398165688942,-0.352040588321225,-0.384298932332923,-0.330308188528783
125.5,0,0,0,0,0,0.0421108087689615,-0.354595075279784,1.73759309932711,0.35819003040259,0.0997444039565704,-11.1505430186244,1.45351152810657,0.293812540928156,0.199734792694965,-0.0542124639608453,0.110406764173603,0.022653282696144,0.211295376182475,0.0338607627636474,-0.0155875698955024,0.0817509649668946,0.0172314277749516,0.027898979022339,0.309509569294523,0.0564060985978287,-0.0180706515310396,0.041793713103708,-0.00782571777406674,0.0126043035281784,0.00655870442873613,0.0234474691155604,0.0341594677572139,-0.0618942963727771,-0.0368345873339032,-0.0889889790272632,0,0,0,0,0.0121967849888091,0.0272098298416257,-0.0213604304055091,-0.141221300021643,-0.309874648486741,-0.458609479619371,-0.123974725122247,-0.352905734033741,1.31787184364233,-0.617490235632663,2.54711485202402,-3.12269020252711,2.30919581879657,0.94082008262632,2.23588230023821,3.09510856029558,2.16916097406778,1.16282479798749,1.18954500576094,1.38323148284037,-1.50479249744608,0.0901282627403297,-0.525665825329887,-0.575707152099962,-0.523253553413562,-0.508224523940915,-0.487180635899418,-0.539628050520356,-0.507664595526742,-0.433729805780929,-0.349047445486183,-0.335333435919225,-0.38025015253699,-0.329585542042563
112,0,0,0,0,0,0.0419170881298461,-0.324355818070434,1.13769610875241,0.354145115636281,0.109965043634598,-11.3064338656175,1.48191306791967,0.475439400562483,0.274241217443991,0.0765439761448813,0.235710578110696,0.181327862899195,0.250542987267236,0.0621455955689489,0.0816493018473327,0.0893081980567422,0.0857122139144465,0.0524892143704739,0.196476934346487,-0.0341690293895476,-0.0188866470081462,-0.00353788230573724,-0.0348303115201815,0.104281682294222,0.0832853817153428,0.0485033611782153,0.109332176488976,0.0390562328183091,-0.00954102038449091,-0.100247432284847,0,0,0,0,0.0130055397470338,0.0300974439155515,-0.0198609714947648,-0.143598564924028,-0.314272474135167,-0.436472593854091,-0.100283063604826,-0.836822616331713,1.34417989177559,-0.87961712949515,2.58744535967575,-3.05119894950671,2.31291802007432,0.851504199287147,2.15800792916254,3.12522671738222,2.15896332534817,1.15158037068443,1.19351450364799,1.37664972894563,-1.61416146813743,0.101939264471058,-0.493116352766802,-0.545825296249203,-0.501232572534085,-0.486361651449925,-0.472356312884876,-0.530417135844207,-0.488152877027879,-0.414301128012605,-0.341254882466113,-0.319312396584847,-0.371185653046911,-0.32893029506161
74,0,0,0,0,0,0.0417233674907307,-0.310388242138642,1.10954596519576,0.354923296399543,0.106277894897053,-11.3344915047449,1.35406444718294,0.502447938186141,0.238498786287943,0.180660786248824,0.24585440266013,0.202712468646612,0.16948485243134,0.0378665116396101,0.00647495927554639,0.0147721404206116,0.0977309608859397,0.0444518170915129,0.0959692312903287,-0.0362076080607079,-0.0100441559946729,0.0217865006034213,0.00145711912348574,0.0814826287298212,0.150060800660026,0.102396977442669,0.141694136016879,0.0487155378005531,-0.0094098166634343,-0.0538076823621265,0,0,0,0,0.013814711857757,0.0333743418158486,-0.0168758349870711,-0.143275370587828,-0.313871698788169,-0.406539209522981,-0.076878524713929,-1.45223153815858,1.36189370730049,-1.08740548782989,2.6341969905237,-2.9759644985351,2.32052640427634,0.756026765215834,2.10928580249107,-3.13209846644431,2.14217336600657,1.14500501382405,1.20376769825621,1.36656494818985,-1.72273159017785,0.107330184252082,-0.475818263347229,-0.527569088546653,-0.490607261104919,-0.471561480785233,-0.459427092530634,-0.525209943677392,-0.476548946543445,-0.40267151534784,-0.345153089667435,-0.314613401604428,-0.366585307040296,-0.330555122650119
75.5,0,0,0,0,0,0.0415296468516154,-0.288845320553761,1.79026297204403,0.446252604691059,0.0931493135555657,-11.4700115484168,1.08347617806386,0.60773951503892,0.297394262854618,0.243520295086996,0.190792051434627,0.230030887742637,0.102980798719812,0.0371699172038491,-0.0390186045348489,0.0555688968468598,0.198691681593098,0.0771223368215253,0.144614003194192,0.0734832285560216,0.106726834201539,-0.0020290684926378,0.00554721085652587,0.0945667672621777,0.118975350011196,0.102023032774378,0.0659392739769311,-0.0548729362949459,-0.0561078822928932,0.00271032365068681,0,0,0,0,0.0146243005836747,0.0371651189895882,-0.0112454378918444,-0.137553732147569,-0.302468953292806,-0.360538698671052,-0.0526027159990488,-1.91817045909485,1.39600687509094,-1.23043374962032,2.67970919678157,-2.89771021997082,2.32252116364334,0.650491548804007,2.08439874467464,-3.10050711062975,2.12914617880299,1.14521263695666,1.21132072487383,1.37196663671382,-1.8556513528524,0.11038582206453,-0.461412560775756,-0.511615225022803,-0.486527564448656,-0.461971169053273,-0.449719842659745,-0.519151108250392,-0.466775750497521,-0.393092066577426,-0.351808398743279,-0.315840813097447,-0.365053825282495,-0.331466886371234
75.5,0,0,0,0,0,0.0413359262125,-0.288057478970855,2.25983990964521,0.474354092546785,0.091086811862549,-11.7291668591795,0.965675793562964,0.543116714039549,0.27965429912904,0.224640614841277,0.225444547721064,0.182789472208098,0.117522442307879,0.104878343463377,0.0597466165219736,0.075636643798604,0.168779661988314,0.0380784246535775,0.152591913221439,0.0418096195189124,0.0729144651152849,0.0570272387561057,0.0582712455120083,0.0837037495189939,0.122637586336426,0.0992268053134658,0.0530866578777828,-0.0231233216191522,-0.0689974834415399,-0.0647610963993059,0,0,0,0,0.0154343051845389,0.0409010391624485,-0.0052276506173064,-0.130965326621159,-0.289716422939683,-0.31536521716802,-0.0295027643411947,-2.10070511563462,1.43020428937339,-1.34335196499061,2.72365323393609,-2.82140614260301,2.32334317930973,0.559423868029427,2.08824071272774,-3.07593014810357,2.13098225905798,1.15776815345547,1.21535290234267,1.39054995604282,-1.95180403864629,0.110795454138812,-0.448113155435171,-0.497644764099196,-0.482028001769285,-0.455654571540044,-0.446917223803326,-0.510333566600776,-0.456999982906758,-0.385543357735528,-0.358153349263377,-0.319378946561682,-0.365445166741763,-0.336272332257084
68,0,0,0,0,0,0.0411422055733846,-0.267406748491555,1.38064480623638,0.5154132654693,0.093784914875966,-11.7907816316261,1.01699728286017,0.43020243274683,0.315501432813901,0.237654419023723,0.302218882308864,0.13504311218347,0.165815650185228,0.103618305049521,0.0955607248317666,0.0628176283720612,0.174905059751882,0.0421662855076375,0.16618080404748,0.0836912831975192,0.0124068946903333,0.0440578555760433,0.0780033635078347,0.0817687553341944,0.10369983883697,0.0791468861267274,0.0841276574882101,-0.0257494145480964,0.00704114983357206,-0.0877253476660638,0,0,0,0,0.016244724917158,0.0445635839578802,0.00126198255845663,-0.12338248879714,-0.277194471757483,-0.281596676715591,-0.0174951734777036,-2.15489199257945,1.45021690994006,-1.42847262336777,2.78251105735229,-2.7254762539254,2.32724558064747,0.49902060076626,2.12790665731438,-3.07016552630195,2.15803574888369,1.1874626458174,1.22519077477,1.40800270669023,-2.00474203900007,0.108006527933444,-0.438244637592055,-0.483859703210769,-0.474558834090979,-0.453298521693891,-0.44876220726364,-0.500315826651868,-0.445936055249831,-0.377180273043948,-0.36128527700952,-0.320359595651921,-0.366535940444097,-0.3426574687323
60,0,0,0,0,0,0.0409484849342692,-0.250281019019901,0.908428564717216,0.508652074479383,0.0945207591118265,-11.7819626126871,1.03261304147226,0.418370724985816,0.439234358471253,0.269285932302819,0.282298512796947,0.169861951895325,0.224481443059681,0.0602584319300905,0.033865845658358,0.10134925880868,0.210672322787977,0.0725276239261272,0.257527518113206,0.21161675548488,0.0468669035287224,0.0211986264318022,0.103370856386803,0.0931627195744178,0.0810719387018423,0.0925213252547164,0.0869744076430677,-0.04183718548724,0.10089192788753,-0.0657858269632633,0,0,0,0,0.0168776984669839,0.0469171384638913,0.00659246968475493,-0.115306500004958,-0.259012791124799,-0.245683006670335,-0.0147542074545859,-2.18084659165305,1.43450410136301,-1.47986071257203,2.89034783263885,-2.58832672118963,2.33653188185424,0.435307741850032,2.18381188974952,-3.07921375529214,2.20038543201856,1.22884632913352,1.21890004404248,1.41755250014251,-2.00817500648299,0.103104178757273,-0.430370411327999,-0.469828290988722,-0.465729780652235,-0.454011600868927,-0.448210772308376,-0.492575737894465,-0.438830679872759,-0.372004153887207,-0.361374428310697,-0.31799799496044,-0.364496958997124,-0.350930267638649
60,0,0,0,0,0,0.0407547642951538,-0.253447311089592,1.74432536321562,0.446600572796521,0.0947518373939814,-11.8413315719209,1.07140090928403,0.463372327973473,0.426399160729977,0.281996989749098,0.290891322379233,0.244247175184119,0.277445036340205,0.0641980947383686,-0.0020907241837944,0.143389447248098,0.195641143836277,0.100417087642691,0.298928575087592,0.229011518051164,0.0723710145313137,0.0579386713389592,0.165465512718707,0.0945553651297975,0.107394233826742,0.111893300325318,0.0236527436303313,-0.0253297871242654,0.0879497982090835,-0.0982308862531375,0,0,0,0,0.0171794524305065,0.046852131520967,0.00775391064402934,-0.111101843069908,-0.238238016749069,-0.202355629058321,-0.0162319021280393,-2.19426340120304,1.16489105742334,-1.51226518030598,3.01987175715226,-2.47362911289618,2.34569902016836,0.3587906550909,2.26120643454109,-3.08716985595228,2.2585254745185,1.27133032857986,1.19526840107214,1.45427954079784,-1.93100141254464,0.0974450305773984,-0.425001841617239,-0.458191474844305,-0.456669721300592,-0.453094247758625,-0.441482562916678,-0.483983861009379,-0.433825839568936,-0.372831745814594,-0.365693091373047,-0.320668477083337,-0.361712475797788,-0.360427272390093
56,0,0,0,0,0,0.0405610436560385,-0.26337458591652,2.45320270154068,0.502232212030937,0.0911270610357095,-11.8515906101167,1.13363922629609,0.540933836511313,0.345763988357374,0.304246980244377,0.337350442131028,0.275884620903488,0.30936845540772,0.0449611285836365,-0.0179318980708948,0.0745435776101692,0.129913688623277,0.109041870774553,0.237726753508608,0.110872261377305,0.0343466652781012,0.0755319680302075,0.211678950531964,0.0667055375942428,0.152877914644919,0.0408880169186804,-0.0805521874430623,-0.0735897508814265,-0.0158842128374331,-0.074653558155696,0,0,0,0,0.0171258294919752,0.0444014542958449,0.00511982497973077,-0.109435528425108,-0.217470322228991,-0.15694280348139,-0.0137626524359833,-2.20468339033072,0.769842236090067,-1.52583926837191,3.1173835820437,-2.40882128610968,2.35367487957213,0.264634606789157,2.34292221078603,-3.08281284692246,2.32409497927806,1.31097567776141,1.17702001918029,1.51676762633629,-1.8070886869311,0.092250441718945,-0.426674028003836,-0.448279286394658,-0.44866259709285,-0.448680782465296,-0.431975860610383,-0.474406237280186,-0.430370776164095,-0.378168976774221,-0.375848992003555,-0.329294863717634,-0.358666857024989,-0.365318992043219
52,0,0,0,0,0,0.0403673230169231,-0.276408353531251,1.59994684247637,0.569912925291939,0.0866663584441112,-11.8229168863924,1.1545749664514,0.567457345632246,0.303062299799743,0.282300424393285,0.351633118571998,0.291654686010716,0.264276326975759,0.00315549212881717,-0.0476421807356567,-0.0382863306684757,0.0532411215840538,0.0725942576593571,0.176390023362619,0.0246730780009061,0.00992644173601124,0.0829680163704126,0.199459910851442,0.0631789007169175,0.206570917752209,0.0253942109202685,-0.103271913735043,-0.0614507995510363,-0.0582315796280867,-0.040325926987922,0,0,0,0,0.0174621236205783,0.0418889892242938,0.00243585864111434,-0.106002331484697,-0.198679797050401,-0.123100470302711,-0.0152771760188788,-2.20776824197723,0.490057807952642,-1.53496163937145,-3.07166844192114,-2.35943921133818,2.37594503212319,0.169867509319067,2.42870410716545,-3.07239455795557,2.41737898679958,1.3485571727095,1.16852712935015,1.57487006737176,-1.63664983552063,0.0878272317530998,-0.436758482769159,-0.446764233813929,-0.445665109840864,-0.443443863467915,-0.421242630151099,-0.464841645885332,-0.432569961780244,-0.384769477871381,-0.385213865757629,-0.340615677455318,-0.354437004403057,-0.369497169871899
52,0,0,0,0,0,0.0401736023778077,-0.297145202301146,0.697516079042061,0.52347786597508,0.086742308524962,-11.3195610904478,1.18997717884174,0.565350383607791,0.402037537171013,0.247626705875503,0.370549320375646,0.291626847302311,0.179494879493199,-0.0634159897458941,-0.0606541078129433,-0.0668123890303831,0.0586655781205138,0.0252112986725846,0.0717705481566778,-0.0131569803726611,0.00592078332686566,0.0025062298299508,0.0791328293272296,-0.00538082886848528,0.0727136123135883,0.0304424672909385,-0.0291557875461973,-0.012214039527052,-0.0508431163062362,0.0224392479136265,0,0,0,0,0.0184040349951993,0.0406169442515618,0.000929386414040081,-0.102266762998009,-0.181829743757906,-0.0958506735206169,-0.0266728558007516,-2.18124173310397,0.213847532625268,-1.55498979981529,-2.96624532321911,-2.31228429846637,2.40139210071967,0.116474604447749,2.54647268323201,-3.05729449393941,2.56673670125183,1.39413819429364,1.1581861376905,1.62696581934749,-1.51968930953747,0.0867922041317982,-0.449335321048094,-0.453251173397851,-0.450822421145457,-0.444407183937118,-0.413575942020461,-0.458032298801068,-0.438462257305734,-0.389108538937478,-0.387343702410358,-0.349108981115737,-0.349768469586391,-0.373296506231546
113.5,0,0,0,0,0,0.0399798817386923,-0.320857124384193,1.1650389181725,0.458802270713381,0.0900226938154229,-11.4173491954109,1.23678337634076,0.544704840482507,0.402651456051678,0.179153683043129,0.317189616281456,0.265262576245549,0.198808359082394,-0.0136604083570061,-0.0485120193533401,-0.131362093201342,0.0629654018099491,0.076285882204043,0.0697808919594781,-0.0284142344439902,0.0367984906372281,-0.0108458901811939,0.111725719685228,0.0520657039899894,0.127370711781492,-0.0146111913967183,0.00180284183014349,-0.016009659905842,-0.0602584271454967,-0.0279251337899444,0,0,0,0,0.018604280405626,0.037339737480123,-0.00452494058165196,-0.105336231506467,-0.1691815412929,-0.062454315681067,-0.0362468446042028,-2.13182072366429,-0.10245729809623,-1.57564706623357,-2.87428545587383,-2.27017623655858,2.45771093659138,0.0940839868565835,2.71132932890981,-3.04213187556316,2.74886114938002,1.45249498403383,1.11102074201377,1.64586084098162,-1.44548194099015,0.0892952114419353,-0.460568692262961,-0.460494572319896,-0.459397425352219,-0.451392855752183,-0.412169308852392,-0.455339744338044,-0.443958097566903,-0.392576399154653,-0.386197898810622,-0.351020443832908,-0.34276534296094,-0.376008929996799
118.5,0,0,0,0,0,0.0397861610995769,-0.322029788776934,1.22889395363103,0.428466038799032,0.0975482844742476,-11.492640702096,1.34004964638757,0.604796636849129,0.372189025411632,0.19804384791519,0.212566035257357,0.202710986433045,0.220273232841982,0.0639590902416504,-0.0220281253035692,-0.0958448262946202,0.103583711798639,0.131415266264811,0.116579295223997,0.0126065431983852,0.0327699777588031,-0.0504163257273656,0.0949214905129746,0.106619734314055,0.192945409179302,-0.0957263405183038,0.0215251815593893,0.0206137840678799,-0.0133818217178616,-0.00209045590410694,0,0,0,0,0.0180350148330579,0.0316650589544257,-0.0139678416288119,-0.113970079107248,-0.161065759180239,-0.0296897177804712,-0.0489301554787467,-2.07669976984127,-0.451884304837124,-1.58544641136558,-2.80070815420766,-2.23391106008203,2.59041753827867,0.0811645203498053,2.94499358244003,-3.02245545233934,2.91396089305342,1.5171473009439,1.01422280692465,1.62478727537201,-1.34107721182716,0.0898779634067027,-0.473577514602635,-0.467977552474011,-0.466817530506096,-0.457601488187554,-0.414072867081829,-0.452206028875392,-0.444995721147685,-0.39638226072683,-0.388442620481682,-0.350672125921763,-0.335497857159123,-0.378394602991123
63.5,0,0,0,0,0,0.0395924404604616,-0.311032016021684,1.26155840790698,0.37857485758115,0.0997727767295922,-11.3934100406695,1.39269103953337,0.612802395210057,0.371139085382227,0.180453614502098,0.171551398345923,0.222550150695424,0.245985978748283,0.0965516526435263,-0.00877168362732526,-0.0258504664432174,0.149705278306757,0.237015104083953,0.208429321825233,0.0680580968079909,-0.0129275512417496,-0.0300659907825539,0.0896795612153369,0.0703932559929377,0.170425469900359,-0.0923112504936539,0.0150490570765474,0.0371162069190258,0.0992902658395817,0.0533799944066362,0,0,0,0,0.0174761216630575,0.0263517895908017,-0.022558736770737,-0.121459690656052,-0.153734430748022,-0.0073553792319681,-0.0745158311480436,-2.04078540810072,-0.722946878288855,-1.59162113488306,-2.74169475429146,-2.20169498260441,2.70978963606043,0.0684968870261251,-3.10957685338936,-2.96555423594982,3.03368703101153,1.57721592415966,0.838841225906236,1.53280288939627,-1.2354217736196,0.086497932431679,-0.488873014802718,-0.476118389617312,-0.473568899372303,-0.462671655241301,-0.418176574708078,-0.450350946466854,-0.443349258921873,-0.399412763967001,-0.391916681609647,-0.349352578352696,-0.328355595921718,-0.377950948868786
65,0,0,0,0,0,0.0393987198213462,-0.314599166868434,1.24983060266375,0.354050027983675,0.0890357342290684,-11.1077110847142,1.45777908737397,0.574420114188394,0.356647651795035,0.0331411217195066,0.182323707697864,0.227577248119993,0.143421020978303,0.043199337154427,0.0033078340390437,-0.14305214116392,0.11994020085323,0.28648265908065,0.338331758117031,-0.0484738123837859,-0.211667721193047,-0.0733767324685828,0.00870175001983424,0.0666393506303394,0.0698183603271825,-0.0594702841258715,0.0602814197935509,0.0712550671654936,0.0526570419303686,-0.0637259807240759,0,0,0,0,0.0169452012045044,0.0229027078710369,-0.0272320926900967,-0.124028573383969,-0.145998707914585,0.000986822274510841,-0.110368086395531,-2.02536615664986,-0.899245224296875,-1.61599915191226,-2.71107439344252,-2.17780372815454,2.75881020290766,0.0627649083175932,-2.91987889674206,-2.86564062771699,-3.12647838322038,1.63087685321406,0.468331457468892,1.48964735673599,-1.15276406429409,0.082153356211414,-0.50530194737101,-0.486507502208843,-0.484654012733102,-0.466643600788279,-0.423836658745586,-0.450941557470349,-0.443432538279774,-0.404216837303204,-0.396474177740784,-0.351359385538512,-0.323825435577396,-0.374514162139873
94,0,0,0,0,0,0.0392049991822308,-0.267713855401765,1.1723872668499,0.458381448619619,0.0809397163158516,-10.077915437504,1.46085828219561,0.800264621914532,0.253630561544738,-0.210816109798935,-0.153339888737732,-0.0396364546981935,0.0107560355527049,0.0696842811731814,0.0666158926064574,-0.125793211715802,0.0506871071949418,0.107723380655791,0.272196621891085,-0.0914178798795678,-0.133294323508039,-0.0408840334919717,-0.0474699855495365,0.138883909603402,-0.0458486605036727,0.00310962385618696,0.0433369426243066,0.0334819224486752,0.0106976527357775,-0.0781336933471466,0,0,0,0,0.0164142094790644,0.0207483516113619,-0.0290697298815524,-0.123134665466384,-0.138051813441581,0.000980410282959911,-0.152306671346482,-2.01967944635587,-1.04107914802778,-1.65688272777861,-2.72349546215283,-2.15928626376996,2.79552717953695,0.0621526100669367,-2.68358904154316,-2.522114740411,-2.98815516822082,1.69261421304992,-0.105106231282704,1.53685404033685,-1.07661850391266,0.0810453053794516,-0.522218886948191,-0.498460554178604,-0.500311923524651,-0.467789459358607,-0.429449730646933,-0.453348450252087,-0.444877911348138,-0.413486035989958,-0.406200838167679,-0.359694379762495,-0.326353030224295,-0.368098432426954
123,0,0,0,0,0,0.0390112785431154,-0.2171924737734,1.11379468811209,0.495675998860626,0.0848870274749838,-9.2952011397775,1.25367130074987,0.746439808472086,0.168277231843676,-0.181518640750182,-0.263977903099617,-0.212953370168757,-0.0385037541158468,0.133538194946503,0.15663300047726,-0.139090624114893,0.0757767135020579,-0.03479091250408,0.194009994458744,-0.0838289675868319,0.0401859587599912,-0.0105363550233461,0.0737289021827021,0.222186921697483,0.0103189256988608,-0.0371999809585801,-0.056051466343611,-0.0704398684711485,0.0883196847738853,-0.0230265015624011,0,0,0,0,0.0158831467718757,0.0189323274792567,-0.030130923687035,-0.121507895896041,-0.130773479420793,-0.00379201135447407,-0.206327432057845,-2.01345423697739,-1.14289885021518,-1.69405024352566,-2.70631765593999,-2.15055246982505,2.81209900147256,0.0637644568423141,-2.42992601338425,-2.10711323375325,-2.91160641177077,1.75729785493742,-0.598296317474581,1.54888734954924,-0.871807931237326,0.0812354225602481,-0.54275929360241,-0.512225231465324,-0.514538865618444,-0.466652403101796,-0.437596998122557,-0.460558601190301,-0.451575840069164,-0.424443480813052,-0.415926750099776,-0.368034355867947,-0.330947409540547,-0.363914577550557
125,0,0,0,0,0,0.038817557904,-0.209673332101256,0.630049521238652,0.423411740346987,0.0867277306250801,-9.27034452863848,1.00919819778356,0.842586012101854,0.291448829938465,-0.00395938271794074,-0.188753224312277,-0.115161503232777,0.00152278945421945,0.1330103222479,0.088053495580859,-0.0150494699834186,0.0485985989225789,-0.0939970895686326,0.132654127747162,0.0305293664919586,0.119562773001305,0.0154933177231346,-0.0187936697539944,0.163822964185193,0.0484488879159682,-0.0307913627758192,-0.106707056165551,0.0491003987901865,-0.00154952101686132,-0.00775597526377315,0,0,0,0,0.015352013368313,0.0171216472034934,-0.0312034254457161,-0.120582355232365,-0.126077669230366,-0.0121533271472007,-0.268894323119062,-2.0074847917061,-1.20629533939682,-1.71943545111227,-2.66046955551771,-2.14092500519927,2.79176903271799,0.0657673672840104,-2.2882935447927,-1.88439581120738,-2.90012049372759,1.80727841308743,-0.870579362689044,1.54152472485856,-0.624572345172062,0.078705086024444,-0.566527405432789,-0.529888337576893,-0.529170113847406,-0.46883851044164,-0.455606133399956,-0.474926087782283,-0.463744574731408,-0.437411641587208,-0.422138312089787,-0.376802637405234,-0.338514687748228,-0.365476050544614
128,0,0,0,0,0,0.0386238372648847,-0.17072978884735,1.07370080112819,0.536007544579603,0.0828798467498042,-9.38386907973663,0.443104268749405,0.795294256058032,0.445349334984541,-0.0847660093624894,0.0135649620729186,-0.2735151439175,0.0454538342319281,0.0668494995086794,0.0297931085569623,-0.144176265007808,0.151690033493641,-0.0627567069510981,0.100489898805669,0.0879219671778297,0.0323405870868847,0.0210139371882236,-0.0135016578286695,0.0785320211262617,0.00777589976688517,0.018807730420511,-0.0934273955074534,0.104986515977596,0.0124126172903323,-0.0283580050206113,0,0,0,0,0.0148208095539862,0.0153162990520019,-0.0322585246705535,-0.119769800880063,-0.121460055935316,-0.0147402967103361,-0.318964161071176,-2.01075370824457,-1.23894633267675,-1.7435812703546,-2.66858411769962,-2.11959847138556,2.74566085901475,0.0708845238309372,-2.26056858542035,-1.69421522184418,-2.89317183907617,1.86884361253551,-1.03699846349324,1.51359922283285,-0.503865145530312,0.0758813836073512,-0.580811856817118,-0.545748397022532,-0.542325061126756,-0.47909343872267,-0.480784687871446,-0.492651855164196,-0.474018549417849,-0.455013805374423,-0.430273725514366,-0.384945663428762,-0.351699687718584,-0.364819402563986
129,0,0,0,0,0,0.0384301166257693,-0.12442354397256,1.23665339903196,0.616257234990359,0.0828484781337274,-9.50592734576609,0.208903644794737,0.625669553700934,0.336575950107916,-0.255521115475817,0.114324011358257,-0.442504517737391,0.11964680290011,-0.101127403701186,0.145004243418086,-0.31817402300047,0.113236488743803,0.0688262347715655,0.157443269150343,0.0135550504233335,-0.0130044219895038,0.0121213273086414,0.000531428658132448,0.115717774728369,0.072554520024065,0.0531442852548258,-0.0543722827805118,0.037771531958367,-0.0755156035812875,-0.0400904337831759,0,0,0,0,0.0142895356147402,0.0135162712226755,-0.0332859763192,-0.118493121058299,-0.11538818592042,-0.0107202151054839,-0.361198296310005,-2.02051986853972,-1.26329246432894,-1.76305131216854,-2.67782387559528,-2.08859328014242,2.6923972087889,0.0950474093038061,-2.28986445882797,-1.51649980758199,-2.88093007818975,2.0037723487601,-1.16082568920477,1.46311611986665,-0.448417153013509,0.069726698111122,-0.598173069920524,-0.570382568381658,-0.560406882217629,-0.499986140949481,-0.510205657024123,-0.512079550750716,-0.486441273415259,-0.483624434798295,-0.452594899747972,-0.397115422762172,-0.369687344864964,-0.36461667200447
124,0,0,0,0,0,0.0382363959866539,-0.0919619254652675,0.821160228366002,0.489958681183791,0.0824373768464745,-9.88415694515212,0.569501049985269,0.362116276858149,0.283642309985765,-0.225765158219851,0.129463160300017,-0.344411254464366,0.0832893199555819,-0.0706002936479793,0.148044569875106,-0.207275402391556,0.0180058079684273,0.0981533547209357,0.142573133783255,-0.0840411425043705,0.00805816858454509,0.160791833792072,0.0256654484493954,0.194850224350897,0.15659246698763,0.105016638136885,-0.0415893740842765,0.0297284279240935,-0.155954195243121,-0.0256454131862315,0,0,0,0,0.0137581918366535,0.0117215518449577,-0.0340440216228933,-0.115976511797389,-0.10730351465221,-0.00569674959434408,-0.406031160893966,-2.01852632688842,-1.28018099412489,-1.7737982804735,-2.65635967190333,-2.04822711614815,2.63759212525268,0.146264193651648,-2.3362057059028,-1.32728488223143,-2.89103734089788,2.23292986485697,-1.24171902758434,0.957102343007342,-0.364311497647034,0.0624120180633477,-0.62096650156076,-0.596139451451207,-0.580003424932095,-0.518274477618809,-0.535115259804152,-0.525049704448796,-0.497588161313609,-0.513084250851014,-0.479321102657439,-0.411745795203377,-0.386158628355859,-0.364862529664853
102.5,0,0,0,0,0,0.0380426753475385,-0.0620936862314511,0.652964082851289,0.399246930483246,0.0805100537875389,-10.0968632264095,0.926536971840234,0.137934135648606,0.351048174482503,-0.0904219571493349,0.118148137542689,-0.285275797051879,0.101984984743685,0.036221980138281,0.156206454945688,-0.0736426702868579,0.00393147747691838,0.0630719344366138,0.113345487436216,-0.0836180284216996,0.0658390417592281,0.145867076708117,-0.0159519165178004,0.160969297421883,0.165843131037266,0.0970665098934675,-0.0121692360213912,0.0187630231119542,-0.137327657736365,0.00389146600525856,0,0,0,0,0.0132267785060377,0.00993212898141304,-0.0343826033978872,-0.111634528272333,-0.0968674782891975,-0.000909230404907649,-0.452028286081417,-2.0030816904874,-1.27047176219629,-1.78196514022316,-2.61999878780282,-1.99923318952863,2.56663029787822,0.199115733902987,-2.37020739841095,-1.12658542847857,-2.90493945410697,2.51844625394389,-1.33183905149067,0.440212639128688,-0.218613078383221,0.0545129557297389,-0.645885864393528,-0.61976287545184,-0.60092508071784,-0.533692216063781,-0.559878172772265,-0.537776668949074,-0.512151927765607,-0.539186579803735,-0.500054813626257,-0.426435144000966,-0.399163207019065,-0.363042605629127
86,0,0,0,0,0,0.0378489547084231,-0.131274285428324,0.78945108560357,0.417105539866492,0.082517669666738,-10.1036103095049,1.08114058312911,0.0290780638932542,0.32221464068949,-0.0943167505384591,0.075375567312091,-0.309040654034468,0.117037417807053,0.131239471716872,0.176033950158603,-0.041107938065652,0.101911473425047,0.108435519212394,0.134504560661996,-0.0602451416457408,0.137705751225105,0.062981735870801,0.0292550403101007,0.105115693705172,0.0639275656777854,-0.0287004310878144,-0.0314018184272111,-0.00723874737391457,-0.102170248843887,0.0155143652211832,0,0,0,0,0.0126952959094365,0.0079784854098834,-0.0346065691572982,-0.106471862377693,-0.0856669093958838,0.00365514466451953,-0.494989712385983,-1.99166988892025,-1.24401599925649,-1.78389450194553,-2.5310330364967,-1.94694155215271,2.50450491551316,0.248030080205515,-2.41223209236983,-0.973354115697489,-2.85730764738468,2.77551750233892,-1.42391185455955,0.457040778343352,-0.0424203222769375,0.0440069012924062,-0.674511840280252,-0.648327835992661,-0.630822670982656,-0.555111330749586,-0.589866026227176,-0.553829696173763,-0.533943312838245,-0.567307483307613,-0.520857950410047,-0.444004857558634,-0.40967484662618,-0.361930723253131
86.5,0,0,0,0,0,0.0376552340693078,-0.221354027538449,0.952555900842297,0.36237585013213,0.0854278815173702,-9.97574079270863,1.095553579614,-0.0459056826574993,0.29104598908503,-0.197579383082809,0.0582485281538994,-0.234769495354158,0.0738801297235286,0.136395759264783,0.0915588381838278,-0.0825917220951165,0.147069205764269,-0.00103235902235328,0.158525928889548,-0.0435143417326527,0.125910767603493,0.0165187247525332,0.023754337650181,0.0626520457087155,0.0660872115820435,-0.0790802646230888,-0.105952493414736,-0.0170162024857558,-0.0357814994093249,0.0706912270931741,0,0,0,0,0.0121637443336246,0.00615705630985715,-0.0346068317991891,-0.10183734399814,-0.0763617194840532,0.00591087643170721,-0.527643484146854,-1.98661958347226,-1.21271459115901,-1.7739965756751,-2.42398197019269,-1.90748484008087,2.45397982833041,0.306052680999517,-2.44138854040034,-0.876277098801477,-2.75498245419669,2.93658058818081,-1.44864442920819,0.474933576487052,0.183036272266726,0.0435271268286392,-0.675987466018803,-0.653744090477096,-0.6406735456035,-0.560411551025078,-0.5976428895281,-0.550874627801334,-0.538704536122517,-0.57960093219705,-0.528139124115952,-0.448426382847977,-0.406155822149561,-0.357031089831807
118.5,0,0,0,0,0,0.0374615134301924,-0.226529395783883,1.16156530678563,0.32793173827285,0.0859291764475824,-9.81002729321689,1.20045534821791,-0.0624059406000323,0.436722230852216,-0.184129975931403,0.0456875965838167,-0.189179821962435,0.0226962732514136,0.185229107676224,0.10359828851692,-0.158956704495226,0.0785293490815965,-0.0432503255394004,0.104854559148587,-0.066203008526543,0.0578323905951482,0.0397828280622102,0.0208557364429154,0.0521064761859879,0.0986857286452097,-0.0733652362080578,-0.0962885043377419,0.00401516966541134,-0.0710593819937138,0.0798571115184871,0,0,0,0,0.0116321240656075,0.00479088280139538,-0.0336340408719904,-0.096064457863663,-0.0659319341118483,0.00940550783278096,-0.555766527864148,-1.99234638881278,-1.16960665303079,-1.75746772332082,-2.34013285475179,-1.88536563494057,2.39996999342138,0.35888509157885,-2.42908365032913,-0.807316017571709,-2.5917250703827,3.03390271750291,-1.50691978876293,0.422299365983969,0.367974247390102,0.0496417261738749,-0.659700732939925,-0.644788843894631,-0.63526947449543,-0.55971284645452,-0.591419496009126,-0.536678873031065,-0.531040124937279,-0.576606967624884,-0.522535810823421,-0.440383825424785,-0.392884547051785,-0.350394157732662
150.5,0,0,0,0,0,0.037267792791077,-0.223441328430871,1.06415134112302,0.390438172768756,0.0891630291972419,-9.92408825013159,1.18536031556589,-0.119897278368795,0.486944766239729,-0.135225161753185,0.0506007342729835,-0.246338780471796,0.0609107959610697,0.245810208819248,0.112859976624217,-0.0998331463780782,0.0596815834098136,0.125933118848151,0.134645132205466,-0.0858456906492802,-0.0202916361328558,-0.0250013558292597,0.0712546248582531,0.173046059862876,0.126269556673144,-0.0760163963969135,-0.0826361075342481,0.0247637032783235,-0.0811184788012273,0.0243630185901079,0,0,0,0,0.0111004353926196,0.00387972344000708,-0.0312133255189896,-0.0874672836620011,-0.0512291711247755,0.0188426819271147,-0.592788199308495,-2.0077510516743,-1.11021955757426,-1.73248482301723,-2.27563739483393,-1.86983493021903,2.35789591988233,0.411751284919854,-2.40396241937985,-0.767916827602435,-2.3540053013486,3.10272835080474,-1.57600642488623,0.20324568879589,0.513688162072144,0.0544944501795171,-0.64768377206398,-0.640282259381079,-0.637398232140285,-0.571952157257752,-0.594109624945351,-0.524904215535988,-0.522601284125265,-0.570502085609443,-0.515183136440912,-0.430174057145902,-0.379138114977568,-0.344831052533956
131,0,0,0,0,0,0.0370740721519616,-0.211246577878428,1.59939293516066,0.493279312076387,0.0948754825663041,-10.0918982296217,1.07612768926873,-0.206514633279657,0.381146686950692,-0.200866304481405,0.021905541619189,-0.313082025559158,-0.0184157510302693,0.170809594201957,0.0267111177424864,-0.0418917373304764,0.0614121807559986,0.121138038664415,0.13377044805032,-0.127292137574846,0.0374687032645695,-0.071776171714871,0.0294904947765415,0.233991643710364,0.181049722134434,-0.0508274057046605,-0.10820005886635,-0.0133798452743816,-0.0732762712435484,-0.0101762243034965,0,0,0,0,0.0105686786021246,0.00308555681098904,-0.0287624574326788,-0.0789572313373116,-0.0363172399493082,0.0285242280918622,-0.65986742103939,-2.04126510655573,-1.05718585497384,-1.70363890653286,-2.21573147325854,-1.84827604886419,2.32414316204652,0.464290754769754,-2.3891454301161,-0.751401675328355,-2.23847440416684,-3.11071815854577,-1.56417133060658,-0.118211265060364,0.701226751180286,0.077027524471902,-0.599423026960461,-0.596613979214001,-0.601023793641881,-0.549153887954987,-0.564569470351981,-0.483255465859573,-0.485014687950861,-0.537981232162043,-0.485694529681444,-0.398438283819873,-0.348226071650429,-0.331774508823233
110,0,0,0,0,0,0.0368803515128462,-0.218472551506377,1.62793741915984,0.531702934846036,0.0956958286287686,-10.2796224628297,1.14216452149493,-0.190921125872171,0.286223100141161,-0.275362851814839,0.0375218597735222,-0.294535546922595,-0.0749976905813636,0.104451131910687,-0.00662410716834238,-0.0428678623582299,0.0457016744575736,0.0158681121314548,0.109683863419335,-0.0958603233494928,0.114625511053873,-0.0158850197008636,0.00484861944851181,0.181721979115185,0.203961273289842,-0.0490604014384049,-0.128582433675954,0.0241413594689832,-0.10475010380161,-0.0558689683120288,0,0,0,0,0.0100368539818133,0.00190536218677193,-0.0277383552696437,-0.0728708942716925,-0.0250397153479299,0.0310318173013714,-0.738167018177148,-2.09112395937569,-1.01730409732399,-1.67854570386763,-2.15399090338656,-1.83042753376916,2.29182948484738,0.518505935432847,-2.37535651567746,-0.751061804821942,-2.23623908206238,-3.01961111670402,-1.56367534239864,-0.316208208632512,0.886153910761939,0.102873517172078,-0.545396001590002,-0.543807830016543,-0.550818560098782,-0.510054126845752,-0.520760539408051,-0.437729877254602,-0.445666434737276,-0.498828038730641,-0.450406514207816,-0.363850609573248,-0.313436225858092,-0.321406748971469
86.5,0,0,0,0,0,0.0366866308737309,-0.238509615052299,0.747482815112861,0.412655932113424,0.0927317681211071,-10.4155081976343,1.24071026915628,-0.102691259269932,0.286802022904678,-0.288846284183373,0.0382130231422807,-0.186991681754777,-0.000450259112737598,0.151620734678663,0.0323354027700208,-0.0524162372932208,0.00814553607008511,-0.00617923884878516,0.142452706451323,-0.0392069742278597,0.109084048923259,0.00331324984552104,0.0446899493312152,0.209327804893878,0.180035153181528,-0.0566782937532282,-0.107725330644805,0.1033824249655,-0.0897566618077658,-0.0824758688989329,0,0,0,0,0.00950496181960385,0.000483023741118351,-0.0279065325284092,-0.0689619690888385,-0.0183918395524585,0.0235001737324959,-0.807950285778698,-2.11920241385132,-0.979250017682231,-1.65637706121575,-2.10757886988515,-1.83244151904985,2.27367850595636,0.575642314657646,-2.37091542584223,-0.773395775158584,-2.1773410919956,-2.93542401651441,-1.59611172833714,-0.605710584994775,1.05988286148339,0.109284107106679,-0.528846967033552,-0.527335031355192,-0.534854421174731,-0.500489064327053,-0.508234909509129,-0.426852276759208,-0.435235835249126,-0.478112665526836,-0.429392410457618,-0.352022425585313,-0.294135994275774,-0.320160987309439
64,0,0,0,0,0,0.0364929102346155,-0.23859736324592,0.831245409116434,0.41246121382952,0.0891159518056354,-10.4501103089675,1.21079010092793,-0.0588685944810855,0.350760609694923,-0.26490252131425,0.0578792633022735,-0.113964972627362,0.0430573566506164,0.251726244062451,0.0545238310774194,-0.0900035913513679,-0.0096240377690037,0.0364568470134019,0.141489993071048,-0.0339486310856885,0.114622938263633,0.0179543327378391,0.106285970414457,0.285496841578349,0.213475538812897,-0.0385714916201287,-0.0788190588403212,0.095338358550422,-0.106542794147152,-0.0939174837945082,0,0,0,0,0.00897300240364002,-0.000724077395750473,-0.0277976491980917,-0.064697133883715,-0.0113768497609808,0.0169744442799147,-0.85571033488092,-2.12687451347614,-0.942779348387479,-1.63374820084985,-2.07810331293887,-1.83945492913377,2.28573375455601,0.625780193578992,-2.36751064598771,-0.831628261012207,-2.03911438743569,-2.8739037405814,-1.60138807285277,-1.32886898674706,1.18962458916807,0.110187272872302,-0.519128239686217,-0.520596603765332,-0.524703310701633,-0.497904425979076,-0.50432047259336,-0.424058209262396,-0.428388135155226,-0.456704170622032,-0.40829941067581,-0.34255375200517,-0.278057575400772,-0.31720929426524
63.5,0,0,0,0,0,0.0362991895955001,-0.239819292888608,0.94274656067567,0.442426706550035,0.0849178101449588,-10.505858905552,1.10177740406272,-0.0550620270178719,0.453972006650987,-0.226990850072875,0.144546643493054,-0.114714472258506,0.0224940233095964,0.27465231597107,0.0420120066436657,-0.0727967595179896,0.0691962864332056,0.131646041249246,0.18551564342731,0.0171950220788464,0.116957174571372,0.0042422270562756,0.110322799385033,0.257552137919061,0.268723367768973,-0.0228622817778317,-0.118007844561177,0.0229748133256714,-0.153229850093873,-0.0903753688556037,0,0,0,0,0.00844097602229116,-0.00165203334716247,-0.0273088454108077,-0.0598219241107413,-0.00211396882027702,0.0207151992573744,-0.856051855770004,-2.12977971783907,-0.902983249592236,-1.60574947320155,-2.05874202376081,-1.81393887317943,2.35261284580414,0.667880171806702,-2.36767516332318,-0.919911512613073,-1.74816581886367,-2.82259043396952,-1.55859811522364,-1.92179074306656,1.24210309185216,0.110617567569991,-0.511992059233997,-0.520405859188195,-0.51784784292692,-0.499394304326435,-0.501542995609135,-0.421079159735248,-0.420483385296231,-0.436712910355325,-0.393092259292517,-0.334383360958402,-0.265282358984233,-0.312789510548233
62.5,0,0,0,0,0,0.0361054689563847,-0.242439363056219,1.72754755396338,0.456775482984107,0.0833357015866361,-10.2594109465033,1.13042797630226,-0.0449173683122086,0.578105356806015,-0.185768997538499,0.164142095858569,-0.162216164337166,-0.0383818652143851,0.279865054310801,0.0192582785389094,-0.0640724378817925,0.0981666680199844,0.146920951807496,0.307854215019693,0.0200490931455943,0.0543833502421956,-0.072791614990966,0.0742332326323893,0.15272428125303,0.23035348775381,-0.0480737372751347,-0.153120107866844,0.0313914320886713,-0.125109034862228,-0.0232763314816664,0,0,0,0,0.00799793884596836,-0.00164432246488169,-0.0256411811732636,-0.0538699622239672,0.00846028177757713,0.0307736043460194,-0.810531822969901,-2.10281823926837,-0.852421180556766,-1.57315254477749,-2.04137189993021,-1.73248017423811,2.40933528422628,0.718380269254157,-2.38524112903976,-1.0279834235708,-1.37742420439447,-2.78938224307904,-1.47355044141805,-1.93012412290637,1.25038501793628,0.112789004109289,-0.506502346887524,-0.523690437886569,-0.514178368254373,-0.501929667083121,-0.496289656765827,-0.420387378161064,-0.410125884619521,-0.420312104173021,-0.381598277435081,-0.328389914438192,-0.25606949693607,-0.307887081495227
95,0,0,0,0,0,0.0359117483172693,-0.237641378311981,1.63726853992098,0.584278062825298,0.0837551819884342,-9.9865833945454,1.22193428212872,-0.11363682440977,0.513492811316885,-0.258163529440964,0.0506005409796441,-0.269726477796569,-0.0794651919928526,0.280033582906361,-0.0332781734311735,-0.122766648229644,0.0827584030953111,0.0510620543652515,0.215852969524541,-0.0182872507028284,0.0365132719242659,-0.0600888003573499,0.0477111951939252,0.098002936668982,0.188073658686371,-0.0486130116566438,-0.0991679239514776,0.0184036022616406,-0.0752070782201987,0.00326566309120723,0,0,0,0,0.00771342342800031,-0.000470821980741424,-0.0221522722777718,-0.0462177958714785,0.0197532707880188,0.041773933142932,-0.733654443030962,-2.03048979660744,-0.806019990186906,-1.5401682871445,-2.01988996867729,-1.64041196519683,2.41625587057497,0.783223559182961,-2.41379904784321,-1.13470655192612,-1.0705445674202,-2.78404908024803,-1.41181665756433,-1.84836629175594,1.24729115635062,0.11895792375192,-0.501170113986366,-0.526005550294349,-0.513404899319269,-0.508319078150303,-0.491367365899815,-0.420600481408343,-0.399824172904486,-0.407192318672426,-0.372408058858357,-0.321667576179908,-0.250549870945073,-0.303032002966098
128,0,0,0,0,0,0.035718027678154,-0.226229607392244,0.93196053268508,0.536035683080515,0.0852397324694877,-10.1778569806889,1.16059904710508,-0.199476318800586,0.388690465969215,-0.330815239595058,2.82034047688513e-05,-0.298361540840926,-0.0617641517803134,0.249326296462751,-0.0177446477351602,-0.109225616212275,0.187610813323712,0.0301899402903332,0.107196242602657,-0.0363753821269302,0.0847716813663291,0.0330769429871511,0.0531801036172612,0.14245723992753,0.180757590653103,0.0382075392756263,-0.0251291135363872,-0.0785349708886788,-0.0712404428933396,-0.0560813096785962,0,0,0,0,0.00759923062466977,0.00158447951547166,-0.0176069920193116,-0.0382900216913483,0.0307556271498054,0.0508392737973372,-0.656947060262914,-1.91812849448405,-0.774390852572997,-1.51860859721626,-1.99155901663102,-1.56622523417364,2.4148950525713,0.857978357194431,-2.44988363945919,-1.23037648726859,-0.76503566728165,-2.78904264846414,-1.37714576977043,-1.8336547817137,1.27855870173118,0.124689671583209,-0.497584470937209,-0.525516284271827,-0.510771725152358,-0.513141136432286,-0.488988261618437,-0.421169325645012,-0.391745484327243,-0.394112276152961,-0.362864738138023,-0.314741404385599,-0.250425969482616,-0.298199641351723
90.5,0,0,0,0,0,0.0355243070390386,-0.220802215750163,0.754243394990577,0.407658154175401,0.0898701495140016,-10.3432569138714,1.0792985351717,-0.23811755176156,0.321620616509499,-0.316828662722763,0.0577828974684503,-0.230959876917788,0.00176126133508636,0.251612338185805,0.0960833846019185,-0.0333012979998414,0.262792681534038,0.108929997186395,0.18335949595959,-0.0928809208639537,0.117820214649626,0.0773311302042222,0.10889061758735,0.20300398253363,0.202569147323095,0.129822059819021,0.0305946765264245,-0.114243461762843,-0.126510994196315,-0.0889152780202908,0,0,0,0,0.00728904399846659,0.00364088705756876,-0.0130780563469744,-0.030844189380777,0.0424624394592428,0.0629436263896351,-0.584351758439643,-1.77640660669046,-0.739118156170761,-1.50252886218975,-1.96558934893674,-1.50070666462074,2.40360499286582,0.940395924814933,-2.49652457196279,-1.29371941463824,-0.0911252481851319,-2.80165751553106,-1.26464932613201,-1.83605129539293,1.31735840327991,0.125154629548462,-0.497762547410102,-0.52654754979208,-0.503799066785132,-0.506329747522191,-0.483863624567033,-0.423261720726635,-0.387096497287808,-0.382237544893696,-0.354972112034209,-0.312195348961051,-0.25621111118356,-0.29226921195795
53,0,0,0,0,0,0.0353305863999232,-0.21698501869727,0.966879403617265,0.400721711768802,0.0899865589670038,-9.97105747964196,1.13310000775836,-0.26175558617271,0.213913527906576,-0.307438848464607,-0.00624502643872234,-0.250670498324549,0.0278066687521015,0.261135503518958,0.224825341199263,-0.0696081777551549,0.113356194970913,0.207550842748207,0.168377416547459,-0.17787196110601,0.0529924063294744,0.0218390827508275,0.0828397795881978,0.208213363625996,0.0849912620900846,0.0631993409565868,0.0756807427615031,-0.091724701830245,-0.104719530929823,-0.0482076931600288,0,0,0,0,0.00607213423656359,0.00384581532020295,-0.0100959660335949,-0.023984412518317,0.0524720729404149,0.0738386615200741,-0.518607507736681,-1.60911852351489,-0.67944004815044,-1.4743804272485,-1.93794011241139,-1.44145281757044,2.38070635413509,1.00560491026387,-2.54684028895798,-1.32389895273876,0.817091787238226,-2.80001892442693,-1.09107683440932,-1.83435454924166,1.33080424610889,0.125849045609695,-0.504046126280292,-0.532043149657064,-0.502996032209936,-0.500165625123822,-0.47930040304336,-0.424976198808041,-0.389648372828128,-0.374725752643338,-0.349896695904299,-0.314563295282288,-0.265336799846988,-0.282679109941079
106,0,0,0,0,0,0.0351368657608078,-0.206380459742536,0.910667201910624,0.396646704409336,0.111234434473382,-9.68875280446829,1.13174777849805,-0.237997242166265,0.237900579109465,-0.221708638566566,-0.0881730528604395,-0.352702091234372,-0.00767109886286759,0.20848407955273,0.172384138331944,-0.107855133798611,0.0024856649897039,0.183503027631855,0.159669199391238,-0.170751060712577,-0.0807344631110847,-0.0374599805385653,0.0588481862199098,0.132619590911017,-0.0467818679251469,-0.0411181496349131,0.0220820409416441,-0.0148078011196614,-0.0408228583376542,0.00108214759279858,0,0,0,0,0.00503840332560762,0.00479777503018968,-0.00505557638350263,-0.0137301304430061,0.0618848355022072,0.0755335787947854,-0.464264577684981,-1.43720319728209,-0.593431276553579,-1.43112062154251,-1.89784147000675,-1.37693463546611,2.33958959173056,1.04250944264089,-2.60209005356069,-1.3483125695684,1.28026749025066,-2.77562298981783,-0.957833778302449,-1.85219570836145,1.33905621296653,0.127095363822612,-0.516995675712239,-0.541011914832671,-0.510048927027355,-0.504097184974583,-0.482369664842794,-0.426651107347817,-0.39471145285564,-0.37171325779316,-0.346045765521383,-0.315496611624817,-0.272529368470669,-0.271527935667777
158,0,0,0,0,0,0.0349431451216924,-0.195507087439227,0.870767455702225,0.442901024404096,0.205632775507396,-9.86235983989067,0.970437456417746,-0.304822038123125,0.264718595847446,-0.190391969942393,0.000782360700664002,-0.351811136421374,-0.0339368045837325,0.176704378914979,0.0531345748057435,-0.0400759249763459,0.0851043171303371,0.106172549021844,0.171086270610624,-0.106850328136081,-0.0445165303091995,-0.0310598532287522,0.0442712600162258,0.0792843882097241,0.0255846050761951,-0.0759391637784193,-0.0552437820103817,-0.002326580676682,-0.0574315413652293,0.0683933942688174,0,0,0,0,0.00482247573229151,0.0077170387247832,0.00268088851532304,-0.000566040696519964,0.0725061319561137,0.0739355197799989,-0.407350580760989,-1.25150453471148,-0.486442985521416,-1.39703993939162,-1.85501896903415,-1.30072195656583,2.2632517973055,1.04751360451986,-2.66799825086678,-1.35638219261666,1.38480320568163,-2.76981656978082,-0.828693317329549,-1.92891155101907,1.351376334908,0.125133899837479,-0.529138145208351,-0.547640375322857,-0.518415223843412,-0.511412545958898,-0.48640250599766,-0.426616892696008,-0.399965680849888,-0.375188125797818,-0.348869693672948,-0.313496930820634,-0.281352238373519,-0.264933015033596
131.5,0,0,0,0,0,0.0347494244825771,-0.191014614966607,0.917896947391499,0.487908661852483,0.308127028084021,-9.84160792133661,0.855503652102577,-0.351915398385269,0.259317672347985,-0.22868903214101,0.14923274367638,-0.263645712325581,-0.019125794961414,0.214896989378149,0.0705810044261399,-0.0550987402873371,0.0374745121559602,0.0751677415023316,0.143334682258709,-0.0884234398200053,0.0263129513906373,0.011326977163147,-0.0204105527440639,0.0882722422959445,0.0228017646421638,-0.0539052575300381,-0.0175820277177792,-0.0426135076739022,-0.0940464010178042,0.134182608331254,0,0,0,0,0.00459300218710465,0.010185645027577,0.00953612686850615,0.0114278322765094,0.0826948099019551,0.0741759419089541,-0.354503703395,-1.04916025571511,-0.386436234698621,-1.36677127483298,-1.80438107359782,-1.20867946053178,2.15239670666599,1.0345570809382,-2.7466203935335,-1.3649142220505,1.44400822343915,-2.80135099135464,-0.660495093951484,-2.03185834888794,1.37431710368176,0.123634704268256,-0.536633908992157,-0.55108867452609,-0.525308603554221,-0.516142075678387,-0.487176376236044,-0.426222860065418,-0.406636347132157,-0.384522066636306,-0.357894485301014,-0.315318927824983,-0.294782467074376,-0.265924518211851
126,0,0,0,0,0,0.0345557038434617,-0.190451033205191,0.911172249426579,0.490866634273003,0.346939315295301,-9.75182550756601,0.879016550450653,-0.24415728826251,0.430894347183022,-0.157304984193159,0.208950133801785,-0.185862304370647,0.128209930208053,0.271809463394266,0.105454140115122,-0.0206698401463105,0.00925941815711744,0.0510513863075286,0.183001834280738,-0.086120364013006,0.0093032280105062,0.0601133621748,-0.0598921032119364,-0.0107834902422186,-0.0191117239192561,0.0664531433868144,0.00881130238677688,-0.0146133704858668,-0.130592951994344,0.1330819577524,0,0,0,0,0.00434964492193829,0.0117387644409162,0.0146484387573155,0.0216519281775007,0.0935123733278159,0.0796506439781505,-0.302101844141282,-0.829318938976135,-0.277448447644032,-1.28750795919615,-1.73668303851815,-1.10386009018854,2.03053639950907,1.02777137913383,-2.8208169869835,-1.38708815176203,1.47444656227317,-2.86352884458359,-0.495560325141177,-2.17635899282015,1.37070988023694,0.122199580678173,-0.545277988830804,-0.552843197252108,-0.524539673940342,-0.517620360587436,-0.488306121006116,-0.428058690808597,-0.410965457170708,-0.394331761884037,-0.368236019404888,-0.32257653065584,-0.309906290752186,-0.271969443268517
145.5,0,0,0,0,0,0.0343619832043463,-0.202720825478902,1.95720456366858,0.534315068082723,0.389744850914683,-9.75271506481894,1.03243188059983,-0.144185893851444,0.511825964015558,-0.112189186865027,0.194245707670867,-0.206383545675045,0.216098272321218,0.341672084472281,0.146922161007043,-0.00198259220564076,0.0513295736851232,0.0915277404589188,0.185855852223484,-0.178581292635097,0.0136202697942545,0.00636567836810682,-0.0255061162645704,-0.0635674706530197,0.0295799516695516,0.0585919051196457,-0.0364728570973904,-0.0134117496163685,-0.0709556821912649,0.0991920116038044,0,0,0,0,0.00410644650932172,0.0126602068024132,0.0184786099624255,0.0304543912210468,0.104342955339751,0.0880055653805431,-0.246546324016803,-0.598142486247626,-0.151544008285708,-1.12679161624878,-1.65616977611721,-1.00967666029369,1.88730601792311,1.03146349672399,-2.86869345963976,-1.41422611532912,1.58865853155397,-2.95015097343859,-0.312257847982314,-2.37896292387319,1.34067034689053,0.117811221173002,-0.555532034336839,-0.552546513929771,-0.517322391642253,-0.516182108016094,-0.493342691239399,-0.433627624216879,-0.416576890553018,-0.402029985849641,-0.379302036432214,-0.331578063001603,-0.325712994636646,-0.278217354965047
144.5,0,0,0,0,0,0.0341682625652309,-0.217028665484082,1.82738394031073,0.50218386978128,0.427516281093127,-9.63702580508065,1.20483648882158,-0.0430497323676383,0.445419789570751,-0.10359820868648,0.146658396566013,-0.335003160158694,0.0197628086630672,0.298463152610247,0.00217023979777848,-0.179449306874517,-0.0616677933900745,0.0595173092453702,0.180091236923478,-0.134261837054659,0.0662649759713367,-0.0695715435808224,0.0313275929911885,0.0039639072480891,0.0492999909889634,-0.00341865520805315,-0.0093070293546346,-0.0172668640910022,-0.0696226449910778,0.0768314812516099,0,0,0,0,0.00386340682250814,0.0134171263987435,0.0219116702802459,0.0387910326965375,0.115083551425992,0.0963981652165904,-0.195720510134598,-0.395274194949026,-0.0300780678349284,-0.916096328661063,-1.57329152884153,-0.939163441090393,1.73584089616844,1.03104977991408,-2.89682191097133,-1.44079287386978,1.67584296670094,-3.05152490895797,-0.120362694016769,-2.65813734338632,1.32584382212809,0.110304511814471,-0.564495452728295,-0.552274253718144,-0.5094014828932,-0.506490377204818,-0.497414493683157,-0.44420009480785,-0.427696763939678,-0.408365696042353,-0.393168325302244,-0.34513108077891,-0.340785071832421,-0.285618977056932
144,0,0,0,0,0,0.0339745419261155,-0.219827215806313,1.37050683652936,0.550174020296717,0.44093992502303,-9.68697564408648,1.27579373797007,0.0448625624786477,0.489293113603013,-0.0124084483524751,0.143567692382225,-0.215902123176962,0.0316395339613353,0.338059118815871,-0.101499438804613,-0.167050149098061,0.0169595765947351,0.180207146149024,0.27933979549582,-0.031405824523142,0.128335024419985,-0.165253293574314,-0.0551027696764791,0.0328899938337732,0.0199991860634495,-0.0317221161016277,-0.00368653594464795,0.072858801258353,-0.0768506613996043,0.0683233330738298,0,0,0,0,0.00362052573484116,0.0141712006072086,0.0253253296043418,0.0474187516119954,0.126855583659933,0.107022721649045,-0.145190821811495,-0.224551202157677,0.0813378275279195,-0.681569079965604,-1.49309348520705,-0.889391944319347,1.59915599823688,1.02803833357946,-2.92555700314495,-1.46820649012645,1.6688342975877,-3.13046723329414,0.060031413280921,-2.9226501720767,1.33141507103047,0.102007172086531,-0.569959711951798,-0.551809776851782,-0.50577056710317,-0.496704034850131,-0.499957796759392,-0.45342546555529,-0.442071615097998,-0.417152367557392,-0.410428818876204,-0.36320702190824,-0.353758446941476,-0.297271399317802
144,0,0,0,0,0,0.0337808212870002,-0.223495412015962,1.08457363147259,0.501281219978232,0.448952933016464,-9.87226927189627,1.23922078739667,0.0367582462083875,0.552179385784606,-0.0521656027091143,0.0627070098107013,-0.175280734467297,0.0474539210777523,0.35155795960145,-0.0601588860928177,-0.120808575691057,0.147178919996747,0.219885902133471,0.277840724703206,-0.0966243050635451,0.0784942395274692,-0.127548215756096,0.0770277655415321,0.0288666458228991,0.119137337124639,0.030505967684285,-0.0943446929072625,0.115913370913223,-0.0927025322042071,0.0280794281349348,0,0,0,0,0.00337780311975473,0.0149224445893856,0.0287196730411286,0.0560206046061567,0.138529622310295,0.115857109572679,-0.103583687204157,-0.103367148137403,0.165219457924923,-0.449074008482441,-1.41867675736195,-0.861849274414691,1.47474782544268,1.03274781251649,-2.95587632849701,-1.49083461844291,1.66252265020339,3.12009727793629,0.2446260726676,-3.06995285262634,1.34603494216849,0.094869950425835,-0.575205882585025,-0.554966231721657,-0.514384850192126,-0.504097163833845,-0.508867204603852,-0.464380591827936,-0.460048856615356,-0.433565671310801,-0.428000743286657,-0.380780697182218,-0.36360107730998,-0.312903701772327
115,0,0,0,0,0,0.0335871006478848,-0.231803959822581,1.54145073525397,0.411949133594511,0.415126490424745,-9.92343239909776,1.22320112948959,-0.0759455797633154,0.55212492301145,-0.135869388935229,0.0442119088566828,-0.251763466600439,-0.0792656927519488,0.274082236213251,-0.0288626309861013,-0.168729381652065,0.0815250699512875,0.100633789603684,0.316707629816688,0.0126508671601757,0.0662726822012553,-0.07572818225847,0.154755726024336,0.0922293391313881,0.229349561904773,0.0810738225584284,-0.0963807730231188,0.0839493651031562,-0.197503390467373,0.0833640852093495,0,0,0,0,0.00313523885077326,0.0156708734060332,0.0320947865170777,0.0645954408378236,0.150189575413169,0.123192609863233,-0.0705338249150422,-0.0132510127885004,0.25782756334795,-0.233690767319214,-1.3457244916198,-0.843034672561685,1.34640948804157,1.02587907571308,-2.98148319254343,-1.51836017501588,1.64594860607991,3.11570172385213,0.430572915528638,-3.13521610169302,1.33535938295833,0.0785879458123896,-0.600383273274283,-0.580005003238238,-0.544471454095571,-0.534682570331122,-0.53697098214244,-0.495876548545121,-0.488834612092067,-0.468117173840123,-0.458446858024331,-0.407312032306916,-0.382161606482027,-0.339750287047997
87,0,0,0,0,0,0.0333933800087694,-0.233957221413503,2.49650100645111,0.498300500620189,0.406485858603227,-9.98774469382954,1.21303444724811,-0.0980698555691741,0.584450882899979,-0.19124198058809,0.128852482258431,-0.185495190026359,-0.0126816486084453,0.294411871525495,-0.0588595533164956,-0.168463213332614,0.0820689770068184,0.123074783678297,0.298610144720048,0.0937360324597666,0.140197472649509,-0.0665887179367342,0.0914742483630582,0.198259028536712,0.173938820150572,-0.038533251451305,-0.076051675018361,0.0577641976075996,-0.133157681412523,0.0425581492429716,0,0,0,0,0.00289283280151158,0.0164165020178609,0.035027501117414,0.0717830650138434,0.159945873594913,0.131531068987041,-0.0366875070683541,0.0918746759284863,0.377464232668682,-0.0470797457103576,-1.2742836309572,-0.81908214096324,1.19014229906617,1.00092151251656,-3.00771376403169,-1.55138994918463,1.61250745064236,3.12481420714588,0.580106434426861,3.13601451025981,1.28181885723144,0.0675825723709201,-0.616208416855305,-0.595584863476163,-0.563899514804422,-0.551312886684034,-0.554846346516331,-0.518417063654473,-0.503887541589934,-0.492643218494346,-0.484155175786886,-0.431910431960727,-0.398516061985091,-0.362787415482318
78,0,0,0,0,0,0.033199659369654,-0.230582907241276,2.49533986660576,0.500690359235448,0.418600508169311,-10.1318531679449,1.2106861166977,-0.173941099784231,0.458585695496713,-0.197048286579387,0.141365328464724,-0.277254137088011,-0.0217644693837675,0.269784449866507,-0.0108034902574926,-0.118755139118888,0.159496247834343,0.201129159134543,0.285674477225865,0.0767367770528226,0.147931879073201,-0.0388497152350868,0.0382596722063129,0.177744512043192,0.101020770439769,-0.117707997404406,-0.0293409096601255,0.0659033922860156,-0.0749661753936885,-0.00250631684216851,0,0,0,0,0.00265058484567493,0.0171593452862934,0.0372378067149918,0.0764476251509566,0.165685355723317,0.138210068027355,-0.00575086373776657,0.19792642908798,0.487292289674928,0.0877751355407499,-1.21009317832993,-0.794593240198186,1.03177792999605,0.980303514438814,-3.02545671132257,-1.57568668044137,1.54729887208841,3.13617662461153,0.667235381164865,3.12606621237278,1.2072707675674,0.0726615265614585,-0.60796195692183,-0.586028785498354,-0.557719646702267,-0.540355289631858,-0.551279484402917,-0.518540690750077,-0.496051062937354,-0.490847984788661,-0.488241300546652,-0.441679475004082,-0.39897269661382,-0.370516385159369
68,0,0,0,0,0,0.0330059387305386,-0.226623963847676,1.8219822625843,0.495067471796008,0.410964748489672,-10.228757114928,1.13761032810877,-0.181003766805468,0.400399318188465,-0.263786749471261,0.0371928884912373,-0.374074602666196,-0.0250656835910166,0.212155512093325,0.104207945901713,-0.0472228145455832,0.158175070504539,0.201514702635937,0.201439571718556,0.021260168698514,0.0980293805411467,0.0195723079412108,0.0516655928687345,0.185415423159038,0.0916708552597779,-0.118608320992051,0.00653451614565886,0.0225583295794964,-0.116234829823234,0.00664062680335562,0,0,0,0,0.00240849485705915,0.0182264813037623,0.0398235642400169,0.080768969841994,0.170286995654822,0.144355386830283,0.0211215028125267,0.277632153928459,0.570965488555899,0.200239790718626,-1.15062655831739,-0.769851592533001,0.893798718179023,0.962316478277229,-3.03281222985672,-1.58730023823239,1.4524661781775,-3.12877587600149,0.720546251958268,3.10596417251991,1.13360965411435,0.0752432760137239,-0.603714933134243,-0.578166187163804,-0.55417689082054,-0.532742332069833,-0.551994170789347,-0.521867102397496,-0.491593367981941,-0.48547961944891,-0.487240301967613,-0.446825070592939,-0.395047727913871,-0.374447930546981
68,0,0,0,0,0,0.0328122180914233,-0.218564205555086,1.26696124070496,0.386957746475408,0.412760822021533,-10.3027633539586,1.12440656311883,-0.113934659777086,0.432099122709452,-0.250646564567661,-0.000673735538608722,-0.362928349734302,-0.00623889929637392,0.210924852558876,0.181331472449246,0.0171980691656228,0.120266211397645,0.164737126847692,0.136603898288016,0.0443588025601477,0.0342177992060278,0.00922373644779015,0.114820991662777,0.171346140044726,0.116629469235705,-0.0377185838785063,0.0653145944388065,0.0390220894639421,-0.145888872906125,-0.0360703781643251,0,0,0,0,0.00216234670822535,0.0189047687133244,0.041572119819596,0.0840039984145137,0.174038305827473,0.153290327341635,0.0476125374042153,0.322560232512461,0.626208015853003,0.295904856794756,-1.08406625303864,-0.740017474448933,0.788017109317678,0.936051534372242,-3.04667702990815,-1.59421756862274,1.36818075182011,-3.10342644626141,0.785325691173695,3.10307518874968,1.05360979806353,0.0761374492367635,-0.601364674567063,-0.571692350067569,-0.559835891707144,-0.531622770007844,-0.548622195070571,-0.524426178299393,-0.493054811029927,-0.481118371272236,-0.483018137238149,-0.446649907223558,-0.388417772193329,-0.375808183415896
68,0,0,0,0,0,0.0326184974523079,-0.220082853810281,1.23881609399855,0.352555084307065,0.414271086368305,-10.3044220517945,1.18502745858207,-0.159235752603957,0.395935871476045,-0.178897024894155,0.0338467418593058,-0.260968422296147,0.0319266050545839,0.24253909975563,0.188640212263149,0.0109320987905976,0.122646409169181,0.0732610564468945,0.0564785818353263,0.00566589873999436,-0.0315691741583968,-0.0254311078617217,0.116509258866588,0.176387286703908,0.177278011398087,0.0137856678941411,0.0934051191421362,0.064848448909962,-0.169152023554627,-0.108707227207692,0,0,0,0,0.00191203627774703,0.0184941778018017,0.040720929608247,0.0832234701129509,0.172222583127717,0.161182617672332,0.0786222466780773,0.335908386422798,0.659070261750749,0.380531857535188,-1.01030826836864,-0.707298032874664,0.721316470396179,0.928050922423584,-3.06740722144906,-1.60350719499231,1.29459353318594,-3.07770579869788,0.806670938661807,3.13416848267167,0.958156987513982,0.0773212832624399,-0.596881672466593,-0.567785967981341,-0.5788564166634,-0.538334111236394,-0.538760012982588,-0.519808703415449,-0.490697336029947,-0.477763571410734,-0.47883344362234,-0.44749903356997,-0.380038812509247,-0.377285010182592
70,0,0,0,0,0,0.0324247768131925,-0.224729471497734,1.00116046934711,0.507661605053884,0.41564143528376,-10.2041377900818,1.16934579432155,-0.258270038174794,0.354676580836388,-0.131568982834055,0.0569911940411171,-0.147582380866762,0.051772921543752,0.246347064021238,0.165376770045063,-0.0800917141669734,0.0945858747522914,0.0390290659219896,-0.00586430220400917,-0.0159730067648495,-0.0379412473501355,-0.0201608588665669,0.0505097686174239,0.108693779474196,0.16401063599391,-0.0481326996236352,0.0333043562074642,0.0306466569302062,-0.0656755320805862,-0.0876069989342479,0,0,0,0,0.00166188898223179,0.0172258118364192,0.0375931267838873,0.0786607466717914,0.164885758406795,0.163124974949656,0.110060899521545,0.335859799284039,0.67116261360775,0.466302116108331,-0.937479495343599,-0.678308558275014,0.676202542723195,0.94300803802029,-3.09062885648032,-1.60614225442433,1.22649626725154,-3.06047508879308,0.74523165426835,-3.11958644390912,0.821739464545814,0.0779057337900099,-0.591751302857889,-0.570930318019309,-0.603264901504352,-0.553730249058158,-0.530940363752575,-0.511743074685716,-0.48143068747988,-0.471680920658509,-0.474556607852599,-0.448136544768137,-0.365713692920393,-0.376553358345414
114,0,0,0,0,0,0.0322310561740771,-0.226718181589798,1.0124121605209,0.548715236330659,0.420132424561292,-9.953628022842,1.23096567613659,-0.234245905207768,0.408778162344586,-0.043373190623202,0.0724406491991223,-0.181871521362406,0.000628491888838226,0.174864648090777,0.104742502563496,-0.0502657743150136,0.137247630994383,0.0504237117208237,-0.00186438055363641,0.0565390482271144,0.0476326666090768,0.0682838307031933,-0.00701832052713342,-0.0325361596071702,0.11470473042847,-0.101668447150525,-0.058589721998877,0.00332339243314595,0.0902225443530125,-0.0395184709144573,0,0,0,0,0.00141190469352622,0.0158292657618291,0.0345336547824834,0.0742323881842081,0.156732060509698,0.163309133258674,0.141125555057017,0.326944722230146,0.659196910748509,0.533365382139825,-0.863755503915595,-0.653214087340676,0.654290863055237,0.961213279542159,-3.1277605533225,-1.60691106811681,1.17709544974681,-3.060727809135,0.669679353157052,-3.10088235154068,0.648344794060762,0.0781732451735165,-0.596452495164977,-0.58775227340909,-0.627513458153373,-0.572905796178373,-0.526235331977224,-0.506893729460482,-0.468638839866889,-0.461926428046938,-0.467792020115305,-0.445338383424071,-0.346765398203924,-0.370851786557935
156,0,0,0,0,0,0.0320373355349617,-0.231605740526545,1.80514881286138,0.544580988281993,0.423136489835388,-9.96094937261552,1.34506218451025,-0.239980246537276,0.441501320919457,0.0194215922109941,-0.113038154167503,-0.238133325630078,0.0123343969392747,0.183631896032815,0.0595617346570606,-0.00338792112889613,0.154967183513433,0.0437271985367895,0.0281290574797682,-0.0067783157812591,-0.00865804902299031,0.0440489301925986,-0.0055460258496136,-0.0382098749077892,0.207997003147874,-0.0513744525816042,-0.120325057707403,-0.0220734037783982,0.0387670534914248,0.0250546717771905,0,0,0,0,0.00116208328356236,0.0148305639681272,0.0328221333685882,0.0717303357086544,0.150389301466721,0.166166690079432,0.169881070838194,0.307322293700591,0.626248825501214,0.568883575297568,-0.788840674879943,-0.623132581244984,0.647947148379444,0.969762858932098,3.08876018131355,-1.62300384793355,1.19095866349717,-3.06971393793711,0.531735486723555,-3.0702521380975,0.338069161960318,0.0735210685743225,-0.612950563522082,-0.610391160740295,-0.648997787135061,-0.587804331808262,-0.524804529644537,-0.506431348810949,-0.455832493996711,-0.449612779589298,-0.458848286697988,-0.441601817852473,-0.326782862604715,-0.36217624033993
141,0,0,0,0,0,0.0318436148958464,-0.23422976350821,1.83940738410576,0.504548619213801,0.429426728715121,-10.0601319000408,1.32066396866572,-0.265226267887254,0.30348523006617,-0.136280878865254,-0.0488849609748121,-0.192130840492532,0.00583389788168813,0.32496968881848,-0.0461619613399965,-0.146492300146467,0.0108855834840395,0.0571636662142393,0.0871491295844526,-0.0949927306444429,0.0175107952941262,-0.0742329866871167,0.0646805287770824,0.0152167855298576,0.208801440737698,0.0800110782944438,-0.120522858445783,-0.113390669374099,0.0337693807759333,-0.00670416919683842,0,0,0,0,0.000951770289981536,0.013989795578455,0.0314145131301893,0.069732572532153,0.145289292305602,0.170502951727887,0.196272262100005,0.294701803090777,0.589918098392388,0.599558892463584,-0.716327850508338,-0.591041707397688,0.642692297227366,0.972670000564543,2.99483248331913,-1.65694498599479,1.30034463777488,-3.07325087433391,0.353095908275341,-3.04385277940809,-0.310078240570098,0.0637637875624135,-0.633236652722398,-0.634098011931631,-0.666705701320725,-0.597581236211062,-0.526619189076537,-0.509595656215007,-0.452451007420888,-0.438086300120742,-0.446521850601556,-0.4320576455231,-0.305217814809682,-0.349978534144679
126,0,0,0,0,0,0.031649894256731,-0.249635812475132,1.84050851814142,0.37470168053064,0.444566820670078,-10.1608332968677,1.26316969684572,-0.349170051548504,0.222498081580832,-0.180795594148995,-0.00224334147434208,-0.200469903622803,-0.0983342647321391,0.209058061435916,-0.0468171203159829,-0.0562013326637204,-0.0322211303718588,-0.0374062122244002,0.193424671023084,-0.136941330472623,0.0217571114520859,0.0156924857782008,0.0235402471376173,0.0283593663410746,0.114512239554734,-0.0228252213381622,-0.0557277295378371,-0.0532081850797982,0.0248000167805408,-0.00614626173379125,0,0,0,0,0.000834514350979201,0.0133799409079512,0.0303919237792883,0.0683333166964362,0.140960712034547,0.17405525321974,0.218432358811131,0.285182052109827,0.559300462639042,0.625308810847269,-0.64445202327446,-0.559161244244478,0.635184351310251,0.965073069699551,2.89011078146028,-1.68055864663125,1.46065170914994,-3.06764189681037,0.231023542636164,-3.03176267373293,-0.915069528459856,0.0522737361649527,-0.654714094714306,-0.660469343355627,-0.68133260338041,-0.609428504800088,-0.530519622490396,-0.513934551311409,-0.455538377165381,-0.430313633087545,-0.434840879099928,-0.417591852783296,-0.280279973266573,-0.33398847765266
126,0,0,0,0,0,0.0314561736176156,-0.264598160079203,2.49540823787137,0.396052916425877,0.452049142054608,-10.0423394721542,1.30424744348891,-0.218644697841261,0.308571323440914,0.00742826415565454,0.16345489455282,-0.0517580165021381,0.0644629433861221,0.321286323789492,0.121519170491004,-0.138261770543867,0.0624350164958398,-0.0202946631560639,0.137973747673588,-0.0783224272812286,-0.0396925552144311,0.00439691894383819,0.0501509928320203,-0.0116110292490348,0.00972069427573925,-0.0983653737549179,0.0512926487843113,-0.0021936985779545,-0.0320294048248136,0.0531774495911093,0,0,0,0,0.000771243839508965,0.0128123244899246,0.0293928035682482,0.0669524371493294,0.136433705479987,0.17364202121983,0.230494813099359,0.2600500584793,0.526200894274981,0.648282627365141,-0.565507293796737,-0.53648748769217,0.623858787215462,0.942749160319204,2.78068130563445,-1.68202454529399,1.66908457069326,-3.06182813716334,0.0706891065332087,-3.0448487384356,-1.20779947009071,0.0396221172967463,-0.678365392166595,-0.686456623536401,-0.698226490575755,-0.628349223123442,-0.536408292343491,-0.515951619369575,-0.459292692988647,-0.424140059674629,-0.425318063903499,-0.407062882339346,-0.253444875881398,-0.314538433612967
147.5,0,0,0,0,0,0.0312624529785002,-0.258853529208557,1.66577851232696,0.385604121067942,0.44545746382838,-9.99552832241947,1.35495761948138,-0.0826983433767716,0.420434160724836,0.0998738891578523,0.199241591477622,-0.152281622035666,0.0408264422580296,0.3740045445745,0.225701728128344,-0.0572392235940509,0.0215185605784119,0.0521576204025191,0.0863448888867449,-0.0856407767671152,-0.142927980786784,0.00238501483488175,0.139737296946775,-0.0172716504357415,0.0731241724637087,-0.0979046487027248,0.0148704625752954,-0.057737487100643,-0.0121806275590701,0.0780878212133008,0,0,0,0,0.000708013839215843,0.0120584535505585,0.0280114429525246,0.0649869966622919,0.130928950055413,0.169584577135497,0.236435633943305,0.230362641083237,0.4965165246361,0.677641602135015,-0.491114361748625,-0.53126264748744,0.601217355775287,0.890380717329624,2.65875944314353,-1.71083718957555,1.89190025108167,-3.03954429296726,-0.279507197383726,-3.07194749994363,-1.30870811328901,0.0253975243110275,-0.706046530344123,-0.716756192132289,-0.718978312438666,-0.649366434895002,-0.540912603389888,-0.512789830819939,-0.463205248483695,-0.421021339156892,-0.41752214489418,-0.399863568325793,-0.233584888802904,-0.294877534037121
169,0,0,0,0,0,0.0310687323393848,-0.265161619884784,1.05094895378589,0.343607870089888,0.436813037959984,-10.3330215096687,1.21277865625582,-0.2840147494185,0.242822066537743,-0.167209103845093,0.0870094822519385,-0.335545691171404,-0.109974104353225,0.179394090972475,0.141864048027696,-0.0467029983953759,-0.0525297446767165,-0.131339047710748,0.127234230086093,0.0189986103766719,-0.101162527615015,0.00118654856077263,0.0400456094904378,0.135298091510408,0.0504304500298654,-0.0218784865878543,-0.10697089021686,0.0530388431617377,-0.0318611989866859,-0.0405860731095112,0,0,0,0,0.000649732734668913,0.0113072523060467,0.0266379476450527,0.0630594004600371,0.125821110200997,0.165291589103233,0.241630106950817,0.208090502127828,0.477854594270536,0.697501014039982,-0.425104031596658,-0.523675330263889,0.572565649151115,0.747902463726387,2.53065040675755,-1.74292300349621,2.02654645406538,-2.99331806137118,-0.702319964082234,-3.08975434230029,-1.38063830946547,0.00695202277378575,-0.73562208228057,-0.75038710740909,-0.736241993645681,-0.665157813318299,-0.548759491122846,-0.509763002085154,-0.468107299188516,-0.421949972376628,-0.41370432694564,-0.390936155922729,-0.223047802033594,-0.27905990876849
134.5,0,0,0,0,0,0.0308750117002695,-0.290025090499067,1.23654097489962,0.414254902036895,0.445046818632935,-10.3927187998945,1.38002876259047,-0.0740291833735015,0.229032518037957,-0.0952873661414914,0.0728748217630306,-0.19082690529663,-0.0959665995574371,0.119633555366373,-0.0299058617694019,-0.130919205164065,0.0743957203360326,0.053157766558068,0.139577576997444,-0.00554578893796359,-0.0686708141956971,-0.00805398438389596,0.0455167863693083,0.140068012262022,0.134719199787026,-0.00330025917953842,0.0104429922126281,-0.0708250179659368,-0.109581549559575,-0.0233183719498409,0,0,0,0,0.000596521609700321,0.0107224060307333,0.0256108161149331,0.0616913426453639,0.121662888028075,0.162273196986408,0.249683722718727,0.200720729555458,0.47852702352094,0.713652423059805,-0.357068867998613,-0.509303997605086,0.550981438326681,0.451236630583661,2.41632076740698,-1.67240317144747,2.09495789297695,-2.94835530070595,-1.14533240332591,-3.10045771374401,-1.50660764303231,-0.0182963682904152,-0.777931438178107,-0.791234110515941,-0.752864216062838,-0.679644112526329,-0.568524592154828,-0.51918003237303,-0.484636757298212,-0.431740426265373,-0.413914318339916,-0.376796032857368,-0.211603878529921,-0.260275260846582
133,0,0,0,0,0,0.0306812910611541,-0.289343277591048,1.18223104129904,0.386653220070211,0.456592303543556,-10.2514091851917,1.44046705942277,-0.0939283369477567,0.374809747219888,0.00849803616446011,0.097264860549072,-0.0181853808420884,-0.00982587041960288,0.110309955443063,0.0675204383027125,-0.210016046660827,0.0322939084609999,0.0341748035426158,0.0171748568449582,-0.0368368546312526,-0.0532231939093973,-0.0751555240707605,0.0822654433000611,-0.0395949200783376,0.0114276065246158,-0.00301130331583932,0.0680977712317076,-0.049384893372839,-0.0319310546000951,0.0177504285728066,0,0,0,0,0.000543344520864618,0.0101401779694179,0.0245967089166479,0.060316846752086,0.117614398587691,0.159508996949044,0.26054864086842,0.207119134719875,0.492301221055255,0.742074055238441,-0.298188185001624,-0.497617191015068,0.540135778831658,-0.161965588363964,2.2929418239541,-1.50984209391744,2.18392963734193,-2.88035704201461,-1.70831924854843,-3.11214379534644,-1.54622352440409,-0.0681378355018215,-0.875983720731942,-0.876058108845639,-0.809563360042074,-0.736203996381266,-0.632321172965038,-0.569220340186688,-0.533514143976908,-0.468366783316568,-0.427279841015115,-0.367684209294806,-0.203123615055195,-0.237314076187406
166,0,0,0,0,0,0.0304875704220387,-0.277258857694084,1.17057597643423,0.417507166227141,0.458985541625894,-10.3951401466137,1.45884550287529,0.138403262869289,0.399222698807251,0.219565274036225,0.205616928604482,-0.0581954243512159,-0.0334805370683997,0.240745698415742,0.16911197890395,-0.125677649935106,-0.175462488484683,-0.0702502328126295,0.0682415062461018,-0.0172224349795071,0.141679343877597,-0.0478127111239841,0.00497111615723596,-0.0232552505518902,0.0726419723350343,-0.022614267429675,0.00519446113327259,-0.0195450416206073,-0.0363269121755253,0.0363067912989822,0,0,0,0,0.000888374347905484,0.0103486288837746,0.0242538724895525,0.0592641170528244,0.114212773084463,0.156992325490151,0.271770777145411,0.218401666337017,0.511817826415616,0.788275194624909,-0.245741413637674,-0.494734789081599,0.533270571875256,-0.842392470727962,2.14006011884361,-1.29983360132977,2.26158176426816,-2.83276281928182,-2.31373672547578,-3.13842303821709,-1.55643906786678,-0.107921925337051,-0.949437200141096,-0.935585824201432,-0.849170879593908,-0.780735927840542,-0.690860391447231,-0.616101796508515,-0.579309373118254,-0.502746196791327,-0.439508545324866,-0.364730961751472,-0.207232746392855,-0.230271379250517
144,0,0,0,0,0,0.0302938497829233,-0.267294873270974,1.83971210992307,0.557666556024429,0.45572339520029,-10.547013668704,1.45709837315771,0.0497251003239458,0.234443244726435,0.0996920361204798,0.0628812176904655,-0.0841179525385201,0.0788048771719471,0.242494186882217,0.185763252591593,-0.144608809292009,-0.00434403154773477,0.0642433566054378,0.0227929134823233,-0.0397254143064698,0.025663948594952,-0.0233094076293018,0.0727703802979356,-0.0240518093504352,0.137517810520538,-0.00890648525185864,0.0768519824342197,-0.135287273471654,-0.0716828852780764,0.0584256527237737,0,0,0,0,0.00135728917944258,0.0105697142559788,0.0234933733242997,0.0573475803422739,0.110580745483099,0.156850208896172,0.281862983386688,0.22337871164873,0.521915726732411,0.831243174618302,-0.198874616984122,-0.505412213513114,0.518009808723004,-1.18623958800235,1.97559846179315,-1.08487858853798,2.20795409889721,-2.82578739060451,-2.70290359411166,3.12148383003224,-1.57866792427344,-0.113471120192449,-0.952181791423781,-0.932898691751565,-0.833379162285039,-0.77537438896642,-0.701458214894216,-0.622546927701941,-0.594264267492962,-0.513454333308922,-0.43651956435175,-0.363051741609776,-0.223598517597996,-0.239913400682924
133,0,0,0,0,0,0.0301001291438079,-0.260505845187756,2.17005922929176,0.441730361205744,0.462823618107136,-10.6490138711377,1.27718221458948,-0.0684316994782822,0.231324955808021,0.0766925991661348,0.0219123325856027,-0.0722379364599649,0.0141843979039583,0.277395036308572,0.199560504660565,-0.0404061904397629,0.0778110893208822,0.115380977813182,0.11662459613573,0.0506623912046803,-0.0128250395258876,-0.0386557772933527,0.103068744038195,-0.0745444223965352,0.016633797982101,-0.0163472234259813,0.0125429307332595,0.0046409477137178,-0.0104705925096937,0.00264909313279866,0,0,0,0,0.0015346198633379,0.0103525803369346,0.0223217364130754,0.0551001629376964,0.106837231567525,0.158546385909634,0.2886576945858,0.219230228718307,0.521711644703359,0.851960671124182,-0.169259275800985,-0.53260619605784,0.486539600793003,-1.38051648832995,1.79118256930319,-0.85491879287189,1.29509535307698,-2.80880183215105,-2.83393554070912,3.10537563151161,-1.63896928278877,-0.114401242529021,-0.955910336367394,-0.930781104457226,-0.817749904927319,-0.773026698407265,-0.706471039166588,-0.623245371294868,-0.601497944713859,-0.519299378265845,-0.432520754187697,-0.36770176310552,-0.243057628795054,-0.249317643146398
120,0,0,0,0,0,0.0299064085046926,-0.267239872683769,2.17115535652432,0.361302548769514,0.469658642695614,-10.8712193180269,1.28774017669002,0.0455140543596091,0.248949707464878,0.0927057842676988,0.054058378075968,-0.0447094758859684,0.0782010204329102,0.246999139051943,0.158692078074179,-0.0211505593022924,0.0884590696975854,0.161947349590656,0.202146240556424,0.0221261539679248,-0.0144082915558314,-0.095931587395745,0.0730825526521526,0.0115928539502983,0.177103235832148,0.0893538813611652,-0.0366913876877508,-0.0250194029781353,0.0111050567745345,-0.058321587840474,0,0,0,0,0.00187052049611837,0.01095582355834,0.0225518218085664,0.0546586964023949,0.104951691934707,0.16140782978181,0.294187490642777,0.214827069192265,0.526763717703066,0.871432247267655,-0.145182449977625,-0.570594677111861,0.454504662063095,-1.59856582700997,1.60817327907236,-0.518021028669811,0.527748235768768,-2.72698935353922,-2.88591325946197,3.07204387559607,-1.67853117890542,-0.107133731188169,-0.953469220305031,-0.920876085137762,-0.797932368116569,-0.759537047689391,-0.70273064791871,-0.619622871087707,-0.601284513833663,-0.520941108442298,-0.428766752908996,-0.371061149709753,-0.261288484501839,-0.256314841458016
96,0,0,0,0,0,0.0297126878655772,-0.272531368775738,2.49650100645111,0.432159615141248,0.369789777188686,-10.81514072071,1.39355805464854,0.0369252752619781,0.287617874404967,0.10143813540717,0.0497802555989944,-0.0643218659672888,0.128267164380935,0.304461908309679,0.139968972955665,-0.128511391221277,0.138780453253551,0.148792733575611,0.133607499576096,0.0380444318616019,-0.0165633407852321,-0.0603560433778716,0.142100952035308,0.0138268177019664,0.0974705088422092,0.0671013169307122,0.119781859365915,0.0176231784092523,-0.0445633944918289,-0.0893979639984519,0,0,0,0,0.00236902276115128,0.0120024082586049,0.0234661878669248,0.0546737641527907,0.102757510415121,0.162097516704251,0.298835535781304,0.21472412098908,0.532011520953409,0.902501217044355,-0.11304430697717,-0.616251840557009,0.423995597663289,-1.76745646015402,1.4448777688531,-0.156420368752734,0.75915574784901,-2.60263944532673,-2.92358864460408,3.03619783697707,-1.66223191026966,-0.0776716913343692,-0.90451211250843,-0.868576042224153,-0.740899510232732,-0.698876265836274,-0.660723642043,-0.588385337475178,-0.574936546637379,-0.5078438107722,-0.41519649727085,-0.363901910009639,-0.278767711445174,-0.268265353089032
95.5,0,0,0,0,0,0.0295189672264618,-0.276126393550419,1.84463652869181,0.430684177492804,0.187621933755748,-10.8989799170265,1.32051659724946,0.122438257297854,0.27670831579295,0.0938162626570774,0.122835980585439,-0.0690602969131113,0.0403441009821422,0.0994761401265981,0.0650986545062172,-0.188598556525427,0.186313047351363,0.214997136848986,0.243133234535153,0.219115218625248,0.0220431024961496,-0.0235149598267379,0.0372001735286343,0.0211116482862883,0.17310261366371,0.0768557660820332,0.035355347518551,-0.0260505177747547,-0.0614514186709143,-0.0171591902778739,0,0,0,0,0.00286756181938658,0.0130495353193596,0.0243799517572985,0.0544557432584606,0.0998062420129108,0.161036743531517,0.301098316258752,0.209756423198402,0.531750570971107,0.937633310594641,-0.0795942981205246,-0.666733513546539,0.389736361510298,-1.85956518642062,1.30573747530088,0.128030146883749,0.8543459981769,-2.52586625894035,-2.93611169757202,3.01912542778897,-1.62508006516544,-0.0492786791164812,-0.846325886243799,-0.808380800301842,-0.683165308564771,-0.636651228083288,-0.616483709424497,-0.557727046354808,-0.54377709629451,-0.492210236733031,-0.405352177258962,-0.355649094610211,-0.29131708757255,-0.283170748346251
107,0,0,0,0,0,0.0293252465873464,-0.277476451785158,1.28043224570599,0.490360959907917,0.102470200218643,-10.9448907736693,1.31414140544393,0.169645125142104,0.262390073548938,0.148174694403178,0.127302324499205,-0.00598426476703485,0.125891020468965,-0.0287370093008793,0.0741570862561023,-0.0997654088696876,0.128691963966388,0.0628041135846449,0.115295504199173,0.144590523889811,0.038553934989735,-0.128838809875351,-0.0402549529030699,0.000531597398645903,0.160628912625252,0.0139186135070504,-0.0403157937430913,-0.0159167860231745,-0.0776610252905831,0.0335475506510904,0,0,0,0,0.00336613742705561,0.0140972028642286,0.0252931125499286,0.0539337832983028,0.0960960092133943,0.158835602616955,0.300096478674627,0.197757971396867,0.530279491629159,0.97606880476495,-0.043776056548252,-0.711802357784252,0.363436887622602,-1.91220856342404,1.19176156161637,0.342443474564115,0.771163547459974,-2.47475198555359,-2.93031237545163,3.02458096411751,-1.57454449798757,-0.0375260829392347,-0.823465372495805,-0.78402951941614,-0.666232316665201,-0.620789459561839,-0.600903126336565,-0.549254519003723,-0.529767623417333,-0.489992995703984,-0.409939196624718,-0.354694046477533,-0.29874924491033,-0.294466603583511
119.5,0,0,0,0,0,0.029131525948231,-0.288843311738649,1.02588120611482,0.475711184282313,0.104933575521959,-10.84715555769,1.44867711843635,0.106554414392706,0.207274959854532,0.0583366044667526,0.0539352980420727,-0.142731006422925,0.200780651276435,0.211174173019414,0.0539760562854548,-0.137593719016833,-0.0494224758796674,0.0501128998987948,0.163843352111731,-0.0105911741681759,-0.0967567761642326,-0.0433530515263419,-0.00346425548731632,0.0947730178927739,0.140372059327069,0.0453505127750743,0.00389246213476205,-0.159485945264116,0.041291701674224,0.0556734920870299,0,0,0,0,0.00386474934028121,0.015145409010153,0.0262056693203064,0.0528828978614456,0.0908997353267424,0.152919859470157,0.294234385634494,0.185608674212906,0.528949414732754,1.02579930661694,-0.0086066711525777,-0.773916420578747,0.331375755298787,-1.93667831012233,1.09083823378692,0.479564586400767,0.695149474528422,-2.4110644524099,-2.9348961907134,3.0450689746853,-1.5266208959332,-0.0273049787359389,-0.809260445572863,-0.768348938418459,-0.657705908068667,-0.616651420904213,-0.587011625301277,-0.535960336030844,-0.513280918750289,-0.48599651692238,-0.412950943900457,-0.356543982278501,-0.307541803713858,-0.311329592603025
115.5,0,0,0,0,0,0.0289378053091157,-0.301904303944999,1.16238286424767,0.361023708336362,0.104082692471617,-11.0528763852881,1.30275661207322,0.257227587430549,0.221430839867626,0.0751229994207505,-0.0251005127158164,-0.166081089089731,0.00846569582548395,0.0656417111741964,0.0195252796648599,-0.152441248531624,0.038135205069713,0.0981686752499465,0.229852633212848,-0.0615459464962598,-0.133866380129279,-0.0685279698231095,0.0349560362630702,0.0798509750425855,0.0686853601187065,0.046906666323506,0.00907127321646667,-0.0613042414097095,0.0270724380737676,-0.0798924778611022,0,0,0,0,0.00436339731507858,0.0161941518674032,0.0271176211491697,0.0518367246827083,0.08565219021192,0.146379584335836,0.286719114827425,0.17012539975592,0.523584071637821,1.07798421005563,0.0169070477875339,-0.869945875587798,0.284233201473783,-1.93702020009816,1.01237423355067,0.563859607570054,0.703905701931863,-2.30319546381626,-2.93736693087573,3.0861761832483,-1.47391472353099,-0.023131255587514,-0.800010245756543,-0.757501450956963,-0.652794216979455,-0.610639017636698,-0.574956037337905,-0.523395931889979,-0.49746454118021,-0.479496812365395,-0.41670483867281,-0.361307313483776,-0.317921740655516,-0.331801071600628
111,0,0,0,0,0,0.0287440846700003,-0.304239718431367,1.53774183085303,0.4651305428642,0.101996808816712,-11.0932420655333,1.39349713254947,0.441550579786867,0.253902951639328,0.0932016344938363,0.164240828740985,-0.0165467494580924,0.124483384140596,0.161160279205502,0.013722357954027,-0.0589622046997537,0.133806425148936,0.0916877629438537,0.201088840202004,-0.0469139899493903,-0.0536268586043192,-0.141994824253915,0.0187197787813888,-0.0302485611462913,0.0502595812520549,-0.0419134686210371,0.0614726538172388,0.0132809423494343,0.0551712259224642,-0.0590301611988186,0,0,0,0,0.0048620811073559,0.0172434295395915,0.0280289671224998,0.0507952344124653,0.0805060161914279,0.140118652417056,0.27997247167152,0.153677265943271,0.509051568991232,1.12119363835814,0.0378495888693174,-0.997144354213177,0.174229021989739,-1.9304822107048,0.95568769711356,0.646798566645622,0.849114913669808,-2.201029992885,-2.91322439245834,-3.12210575643763,-1.43712514537564,-0.0133026747883063,-0.782539766427482,-0.740394398782002,-0.640943082175708,-0.596249535044328,-0.554638529295551,-0.502463986761387,-0.476435024781658,-0.467442636312119,-0.416624220409753,-0.362111459821379,-0.322270604858898,-0.345216638014686
142.5,0,0,0,0,0,0.0285503640308849,-0.306848261602662,1.13259903177928,0.505536186434268,0.100491142918569,-11.0700457999653,1.16148499843635,0.341777579392304,0.22499734197372,-0.00368089808010001,0.204182676782844,0.164749449155994,-0.0378683318326463,-0.182392044254394,-0.14557360107329,-0.0894342191227704,0.0303327595901255,0.0241595391247957,0.17264578539109,0.00589423777902619,0.102396809203045,-0.166660951332127,-0.0387796907887892,0.0784592637071286,0.035224299772538,-0.0525613566106157,0.00146191656497397,-0.0173473026871514,0.061410466234253,-0.0680055523891002,0,0,0,0,0.00536080047291495,0.0182932401236848,0.0291327272658793,0.0503241243072552,0.0756922925286497,0.132468428080167,0.272709527400888,0.137681517591073,0.488040422709144,1.1760348659722,0.0507801372493354,-1.14016872589649,0.0607546261233773,-1.89094006471557,0.917124826703189,0.735586175710796,0.995527079420399,-2.12497426013175,-2.88420332274515,-2.99695575369499,-1.42268695670621,0.000487585161042719,-0.759081133992238,-0.717370912404871,-0.626018251893241,-0.576037419067894,-0.52761958422925,-0.477470275707027,-0.451918187542452,-0.452459711186331,-0.412667417222299,-0.355552207404234,-0.321256197525607,-0.356733955471371
174,0,0,0,0,0,0.0283566433917695,-0.307348169057174,1.6636555825244,0.455640779043933,0.101879536554039,-11.2007676804364,1.24853080070504,0.543466364825374,0.282558039800652,0.121964757890335,0.231290608554607,0.079234551692426,0.254957068583303,-0.084568821225535,-0.044086666014295,-0.149404566054911,-0.0730181654621826,0.0138696672691452,0.111999719449534,0.0147237858098637,0.00407340627482236,-0.135834837338678,-0.0582922912862225,0.159538179953542,0.122215197579328,-0.0910712408375282,-0.0495917749571237,0.026475932973645,-0.0304736531085302,0.0185747562610941,0,0,0,0,0.00585955516745199,0.0193435817100182,0.030557944021545,0.0508948876015038,0.0720025264814323,0.124578159883017,0.263537947909725,0.113675762148911,0.458949296900816,1.23752783913259,0.0503171486691628,-1.28524951817743,0.134257883194643,-1.79060628626904,0.901808393110891,0.800808565962225,1.07179664975303,-2.00736071647739,-2.86519802965734,-2.84451116124554,-1.39910230546611,0.00921305077020561,-0.739568934054597,-0.701474457520645,-0.623349743913111,-0.558332655108776,-0.507494447556445,-0.460528370825175,-0.435512075468697,-0.443974635604698,-0.415899139569274,-0.348140658714691,-0.318361177720398,-0.369937919623438
118,0,0,0,0,0,0.0281629227526541,-0.310451881458057,2.49650100645111,0.549080254870731,0.109854246223524,-11.5953996330302,1.22776259608578,0.465519231534491,0.313666927693112,0.179713688464507,0.271023685762613,0.254403255542324,0.165720996057376,-0.00914477922154667,-0.0239045193139876,-0.157645825139546,0.0401597353546123,0.130716494217435,0.117553418347636,-0.00422207086957021,0.0133667784091704,0.0538337407586169,0.152999460182145,0.0716898363861531,0.0785767075777038,0.0189519888097432,-0.0505343621120071,-0.0609884924498069,-0.0309158742832273,-0.023248081678804,0,0,0,0,0.00635834494655812,0.0202351589536227,0.0317141878159607,0.0513327868362176,0.0684200567234532,0.116768711187306,0.251846574744659,0.0799541263027725,0.418841559682988,1.28254203431933,0.025386133678937,-1.46635982728435,0.663325465099054,-1.6770862801332,0.904137425021266,0.845024675783931,1.09426797848911,-1.82380740024462,-2.8415363136529,-2.69647839756211,-1.38146483082912,0.0153842727055437,-0.718478455377283,-0.68734463516715,-0.626261030431967,-0.549803549680283,-0.494993227446018,-0.448597173036096,-0.426926506531667,-0.43915370086193,-0.421803497804089,-0.344797846389139,-0.316797662913473,-0.385316422309449
63.5,0,0,0,0,0,0.0279692021135388,-0.317076314076307,1.62773711813811,0.483575330329156,0.111201139023267,-11.6040752084109,1.27437221678119,0.506732564403697,0.380385476123601,0.255651479371446,0.304249590827102,0.317158578406527,0.239153763525625,0.0935326339424953,0.0123389949255909,-0.115361848992795,0.114956643467462,0.105685331234022,0.157490433582144,0.0541645466088952,-0.0092784738744169,0.0155771309763367,0.184531910196445,0.0601878670824331,0.0863337303694126,-0.0429766929127237,-0.0162835650451933,-0.0167360961379323,-0.00381439195650128,-0.0384727772969806,0,0,0,0,0.00686557394268956,0.0215189880591228,0.033658187627894,0.0528260067466624,0.0662089864430385,0.107263979062395,0.234115155957739,0.040337997491366,0.371342698457298,1.30504112149442,-0.0278640180964337,-1.88878250922838,1.70950581374513,-1.52877078237179,0.899430736597731,0.86974578386031,1.10079582367394,-1.59933237889291,-2.81671305583989,-2.4950969066427,-1.38182325024298,0.0207984507973715,-0.698310589106866,-0.674470400714925,-0.629344689487842,-0.551382462952279,-0.487630525461122,-0.443074675481531,-0.424866175679332,-0.433189577372255,-0.425542515035985,-0.343920640513211,-0.317802752107749,-0.399981057503972
66,0,0,0,0,0,0.0277754814744234,-0.296250111221171,0.743704159712776,0.411104948426491,0.0982397910153714,-11.5747870231438,1.20243520780576,0.490316376069175,0.355763326483617,0.282418387580114,0.343471298650575,0.159523193201582,0.22100056381029,0.204499086498809,0.0906354597043811,-0.0655128720773046,0.0901738761289252,0.0207642507983343,0.15115892172867,0.0670844326389939,-0.0383124743423395,-0.0415851228827903,0.0832605621517999,0.0193782113881601,0.14670156144261,-0.00765018968027411,-0.0193578200539173,-0.0594891761460405,-0.031221975158857,-0.0782703083480297,0,0,0,0,0.00738145517185004,0.0236506686953648,0.0374872169406826,0.0570819039175694,0.0681759312924828,0.0985821532923635,0.208423204297555,0.00271070713334876,0.325715254064852,1.31988206669068,-0.114605556042736,-2.47872010924928,2.45764698384967,-1.08425793710903,0.886481633343995,0.880564463705833,1.10624889156513,-1.36516361692843,-2.81004311090576,-2.18128739508855,-1.38512115744085,0.0260868467081473,-0.688776557410487,-0.671457639364475,-0.631929569885178,-0.555168436008165,-0.481680316321263,-0.43714806482153,-0.427836888447581,-0.425793577648484,-0.42638911289455,-0.34125545578078,-0.320570775114627,-0.408916841195023
121,0,0,0,0,0,0.027581760835308,-0.280851926273198,0.931279594761468,0.414058301294527,0.0900703175068382,-11.0406292383422,1.22242881778694,0.357017044166281,0.270320998480964,0.357042764797228,0.479355582111382,0.150434777431664,0.24228176173242,0.18753632939554,0.0375364524415817,-0.104022402644581,0.0632751669777554,0.0373930365804313,0.0902107277791477,-0.0219995310870581,-0.0672244161849943,-0.0339240223154101,0.057989340515433,-0.00278694993409233,0.00532870844172911,-0.0126637087452669,0.0195572361194344,-0.0190109471300304,-0.00859902288451283,-0.0454080696384508,0,0,0,0,0.00789737173439882,0.0261871356001766,0.0422492907630507,0.0626204188357423,0.0724259338861505,0.0953458543123132,0.182012716471577,-0.0300508974703515,0.281956403555661,1.35253741967895,-0.265463408541683,-2.88582633753169,2.60899193709322,-0.559030306666532,0.859826549291721,0.884137116188787,1.101320161693,-1.13138101258267,-2.80272872775594,-1.78329276021487,-1.39736346743178,0.0287961672156332,-0.686229962981508,-0.67307720542193,-0.632100412777248,-0.555139362837836,-0.477374815011407,-0.432462765321174,-0.437045910168719,-0.420334436505465,-0.422493491573007,-0.336885216435005,-0.322883763110034,-0.412340569306029
175.5,0,0,0,0,0,0.0273880401961926,-0.290222520829162,1.11244228898502,0.363383531782298,0.0942500154367475,-10.7680845238564,1.33263300039309,0.375557367772861,0.487254139559202,0.0961734801072398,0.161902231248536,0.138067220251897,0.123688864066218,0.280706796689956,-0.0362527344991478,-0.393411712829738,0.179143859660904,0.0664502810679923,0.135370734128087,-0.0350086639167902,-0.0633154632394215,-0.109192627961423,0.232784382094537,-0.026972368392445,-0.0196363190708042,0.014042388147315,0.00835641644350889,0.0341241805069728,-0.0807770693929807,-0.0233875763613371,0,0,0,0,0.00841332335929509,0.0286594433276465,0.046681531435946,0.0675993346642661,0.0766011814650884,0.0956556841602319,0.157642720295891,-0.0623446066762758,0.232151838265455,1.41353865989528,-0.543875980279083,-3.09187032555589,2.70688551956915,-0.276435893756318,0.816436048298267,0.889098066796112,1.08955963738166,-0.956071545155221,-2.78103719284266,-1.41672638914595,-1.40611449893814,0.031535185466695,-0.680279875042066,-0.672040530206031,-0.633905833079215,-0.552183675939596,-0.47554218055419,-0.435992917471031,-0.453702470137779,-0.42041655484091,-0.417030237744556,-0.333774133279258,-0.324750995280953,-0.405250421530509
116.5,0,0,0,0,0,0.0271943195570772,-0.295246242615239,1.03235115542844,0.413358114345657,0.101685043678823,-11.3730534378105,1.24999886809775,0.39161307069347,0.439152003736155,0.109143050024415,0.0624548586593243,-0.0666003462332084,0.127813254828145,0.237545147450043,-0.0218444352468541,-0.170232243975626,0.210108500130126,0.0636176153625728,0.242316097366773,0.155583236354231,-0.0199865469497642,0.0319597459322596,0.180550940851114,0.083193844105968,0.229042696509364,0.220535302953317,0.117873233570585,-0.0463004563329223,-0.0155303239935269,0.105022273502244,0,0,0,0,0.0089293097753866,0.0309415959178345,0.0505128188563951,0.0717952104028012,0.0806182713800977,0.0967141233620811,0.13524638116388,-0.0902079052054114,0.188712491044424,1.51079140643297,-0.979738929265039,3.12704394934612,2.83706668195322,-0.0839832862807253,0.750382974331744,0.910102983865343,1.06710440770982,-0.755333917586769,-2.76828610603029,-1.12679347573088,-1.38654258630756,0.0358543690967101,-0.669859766598777,-0.665857966226229,-0.634917522817844,-0.548987908213038,-0.473606300101343,-0.445794592491128,-0.474660748925421,-0.42536695627691,-0.412625268295986,-0.332758298699193,-0.329192105971731,-0.391837742945585
56.5,0,0,0,0,0,0.0270005989179619,-0.353077364382141,1.73522141963021,0.447517682525341,0.105828688255089,-11.1751068824487,1.68536781574818,0.564370882505494,0.324498210795542,0.058314531618602,-0.0988723805670817,-0.226228443707715,0.0426429198703549,0.173473312516211,0.00344438935919985,-0.107503266559639,0.112044839678643,0.0904111309249728,0.281060926173409,0.132677503659963,-0.0056333387615801,0.139380059676948,0.107360112487246,0.0553199785736526,0.149803603484908,0.172982059664644,0.0457847868613272,-0.0460369585959549,-0.0377189760135313,0.00683187529384754,0,0,0,0,0.00936673975583504,0.0329220687180957,0.0538181152996428,0.0752295253632894,0.0847814101033929,0.100141395441896,0.116463486037037,-0.110655550352341,0.158893163878837,1.61793272503436,-1.47557000322319,-3.1346850219761,2.87421616679978,0.0895223815312089,0.648583497282398,0.938243488231129,1.03883308580255,-0.404116965596156,-2.77176715930769,-0.917897662654189,-1.34341553638881,0.0383808297858691,-0.656531108069518,-0.652897427086326,-0.628403182201051,-0.54149694624394,-0.469138215932869,-0.456738931247573,-0.491109940516751,-0.428508363078164,-0.410526248838942,-0.334584466480626,-0.335152891262109,-0.383269830902182
85.5,0,0,0,0,0,0.0268068782788465,-0.41191387672071,2.00219747147113,0.34627695658645,0.0969333811429903,-10.6789092872661,2.22239503062865,0.679473129599796,0.237312383231075,0.0289924120243732,-0.24340177076121,-0.292890226448059,-0.145575626177835,0.0485581475311292,0.0984538225171137,-0.133579947896921,-0.00550383634202715,0.0826953367433153,0.124006009654514,-0.00664269594810824,-0.0367421043290468,0.154061054723576,0.00502260263117275,-0.0931495376901806,0.0603869540880769,0.0401185477693734,-0.0144420703712382,-0.000776210698764745,0.068245145601492,-0.0815317518134743,0,0,0,0,0.00961854924684333,0.0342334671345974,0.0559597145949904,0.0769775750323627,0.0866748157973921,0.101599058164048,0.0988162794626914,-0.127484053309915,0.136245374244409,1.7791730915482,-1.91389834798673,-3.10904543912294,2.85501260603531,0.253582775537927,0.53767150800581,0.978028893199267,1.01396394588417,0.0109975011657237,-2.78691430002329,-0.786750711608432,-1.29826044397631,0.0419930825739322,-0.638243805525644,-0.631898781827501,-0.610690856668599,-0.529075696530647,-0.465545171711708,-0.464809357547002,-0.499773518527206,-0.425082535722338,-0.411010915102344,-0.338969124498277,-0.342251757746894,-0.377356616723076
114.5,0,0,0,0,0,0.0266131576397311,-0.421012859661613,1.17633880889338,0.448935612416753,0.0841734320270432,-10.5652783089742,2.27891628913317,0.720979884053379,0.255781040456223,-0.0915559136464707,-0.346575813533123,-0.377730295996825,-0.138303498040693,0.172181418165747,0.133180784565568,-0.252580456602045,-0.052093256726725,0.0978093771772306,0.0406621356005725,-0.0656638688334477,-0.0737688887817454,0.0413584114050168,0.0338650818562682,0.0104064788567766,0.222117049240829,0.0868938200686106,-0.0535597399527747,-0.0521388921933146,-0.000591723993805096,-0.0150955948588919,0,0,0,0,0.00976264541104962,0.0351773889680476,0.0574688314100389,0.0775752465937512,0.0861912582714854,0.100900698064312,0.0845652262736962,-0.139166142780917,0.112947903967802,2.59538991485401,-2.23550196810081,-3.10186936084303,2.85585949949383,0.414054790538414,0.446413710500186,1.00960609442902,0.993779960165686,0.392178757896064,-2.81991875831305,-0.751199403362936,-1.27454125805217,0.0469371995179336,-0.617637903885528,-0.607937517045622,-0.586641620371438,-0.517742912076546,-0.467764097106785,-0.475179332018799,-0.507700586594317,-0.419362192391108,-0.409790309759389,-0.34463378192143,-0.351475431016004,-0.369735631919558
114,0,0,0,0,0,0.0264194370006157,-0.424236125202417,1.25222922827269,0.508133679935719,0.0827473748177529,-11.0622287775624,1.67284547760773,0.711979693353582,0.347898145016502,-0.0198813689963454,-0.0739011479222928,-0.289654601356411,-0.196188501282469,0.000723392869000347,0.0163064808473447,-0.206440860751125,0.00805272393849514,0.174854904617801,0.23439064581705,0.0270686094750351,0.0124297987220429,-0.161655216361012,-0.0449489066103815,0.101555204517434,0.0296086528677931,0.0518551073171465,-0.0748294040520911,-0.0681528044370687,0.0146914320695276,0.0418609754969478,0,0,0,0,0.00990674895924897,0.0361219463365766,0.0589814297610814,0.0776435442311077,0.0841924749085207,0.0982083445110862,0.0708676681740359,-0.144320420559216,0.0834636513794251,-2.75721359424218,-2.45421280487798,-3.10586859845502,2.85140602879979,0.5451269904482,0.377774050661859,1.02630627761139,0.980807490803321,0.909030590349622,-2.87720748116247,-0.694914048773851,-1.27696655945842,0.0506995689074331,-0.603417407393183,-0.594513253531147,-0.566055872966214,-0.507662076041804,-0.468042122038107,-0.484962224023748,-0.512514485298199,-0.415204459870474,-0.408380266849655,-0.350781412647362,-0.361618483346445,-0.360528240193456
133,0,0,0,0,0,0.0262257163615003,-0.402029780875773,2.07747580760772,0.494899720865226,0.0905417101243695,-10.6645854700278,1.84788620258158,0.707773009484464,0.408367191639276,-0.138032381208631,-0.228084455499936,-0.275817157969754,0.0230903496312163,0.22711569965237,0.3063980811928,0.0235039384654715,0.103336764058058,0.13779082997099,0.126083125628161,-0.00495901591168669,-0.0476650822316821,-0.020669653039043,-0.00781120855396325,-0.0787107627523097,0.0374902515912425,0.0968091829366787,0.0219414118158306,-0.0764134711933322,-0.0209330087828129,-0.022712335088932,0,0,0,0,0.0100508598860237,0.0370671381951045,0.0604975147643784,0.0771910076024966,0.0799630147185092,0.0902449547718911,0.0509738658008914,-0.149449925886312,0.0450687927020272,-2.50456276965465,-2.65081148472518,-3.09856952743172,2.84660573114544,0.642121815864533,0.322393006091994,1.17082908545452,0.984491881992811,1.34511985759124,-2.94521500673483,-0.556595503875348,-1.27598012555278,0.0541233793818942,-0.594602855860735,-0.587673588831074,-0.550449316983909,-0.499675063943837,-0.464155805105329,-0.485973909739156,-0.51054989571354,-0.41100519645824,-0.409047068794304,-0.359822184286959,-0.372621527904422,-0.350673248744847
131,0,0,0,0,0,0.026031995722385,-0.3656263325827,2.07328616781322,0.468569440683148,0.098706316786463,-11.126462447241,1.56632166194542,0.671800296761919,0.386736457717539,0.0834664040954565,0.0427220780629489,-0.0167142123908893,0.254088668074694,0.178214465973763,0.201018953628536,0.242788391332366,0.194167664852649,0.105141180209051,0.0622254430193054,-0.110029735291518,-0.00600321056582563,-0.125841125209368,0.0150778953070366,-0.00967736011693314,0.192453021538689,0.225526849538634,0.0522960597337509,-0.202770190534364,-0.0681099590142203,0.0147625097513052,0,0,0,0,0.0101949781859542,0.0380129634926126,0.0620170914956907,0.076290918576544,0.0742145749924729,0.0784648380861792,0.0239459723267643,-0.163064978998808,-0.0119036848877236,-2.50513957396825,-2.77268106396546,-3.09292431183772,2.84007844892126,0.711400841852189,0.299527051545976,1.52107373302416,0.997549717668643,1.46961761301744,-3.01757660375529,-0.472678324564324,-1.28641664050147,0.0588947003681784,-0.581895598687659,-0.5774250211933,-0.538975549508284,-0.494633685112198,-0.462754191828508,-0.489989906459835,-0.506435657002265,-0.406624069138922,-0.408332574987025,-0.369518688995359,-0.384575847948473,-0.343363980335084
110,0,0,0,0,0,0.0258382750832696,-0.342552352477701,1.5510876148054,0.420962860499031,0.10040436727281,-11.2886139252647,1.45095831582925,0.489500262087058,0.306905883554719,0.192531306409047,0.15894168125465,0.0226578330817759,0.25318734014783,0.141026698724843,0.0934873958593493,-0.0546104158356193,0.0977799880413135,0.146415449610161,0.113021041297663,-0.0333497347985317,-0.0492137088731929,-0.0874129314901614,0.186109958862957,0.142793601912704,0.0502324809964533,0.0483194704419127,-0.0284397540487971,-0.057247609973346,-0.00309345779349752,0.0136008226181636,0,0,0,0,0.0103391038536192,0.0389594211721393,0.0635401649896838,0.0749929941999939,0.0670042484961301,0.0628468369806176,-0.0122845637435445,-0.191219065497821,-0.126455519173204,-2.52896099710834,-2.83618363258129,-3.0942238010172,2.83636276337435,0.762180614615648,0.30698552433628,1.90762716428139,1.01760547485307,1.51094027497564,-3.10999118792358,-0.401812119085108,-1.3091620199115,0.0627626773682168,-0.568412133961682,-0.565174564972435,-0.531891411012159,-0.489387822315422,-0.460441894407125,-0.500103191959303,-0.498967989145366,-0.398935250889939,-0.408039312446758,-0.377010292142705,-0.397594581803038,-0.339228300785469
87,0,0,0,0,0,0.0256445544441542,-0.32723907641597,1.4358171868642,0.424482312593307,0.100098306220752,-11.6796120949325,1.30238966718623,0.60244239069367,0.306536583822146,0.176849493216231,0.284878938707979,0.164228574656777,0.203817145042354,0.165104988696687,0.208743715976949,0.0675500591313811,0.0399022212608002,0.114948813607161,0.184408306801202,0.0162146735173102,0.00175270422842225,-0.115317149748792,0.0658120203423078,0.14885890793899,0.100283734637364,0.04696202725752,0.0274145076541205,-0.0783013471451758,-0.071512515565298,-0.0225798759400744,0,0,0,0,0.0104832368835956,0.0399065101707776,0.0650667402393276,0.0733250245520181,0.0589886323032385,0.0455678737540655,-0.0540395291502396,-0.230044004141584,-0.352829792537916,-2.54248721582714,-2.92375633038247,-3.09463904825907,2.83284082080538,0.801781495468902,0.314271316897892,2.18783650230348,1.05646048702729,1.54468802590654,3.06719265120771,-0.374884908220604,-1.337132652724,0.0635990607036363,-0.55969256558523,-0.552650074982728,-0.526015833883485,-0.489715855224081,-0.45589985106187,-0.508336634051917,-0.48547382252083,-0.386327588486632,-0.409969250602071,-0.38445606488826,-0.405512667860054,-0.337444122128146
64,0,0,0,0,0,0.0254508338050388,-0.312279963820331,1.32290930319276,0.460898542616018,0.0988416779150549,-11.7457629225076,1.22429441229204,0.585922453555436,0.26843639158706,0.173016241913317,0.327280908934034,0.231292995728813,0.198116449191763,0.14177774120773,0.114737445199082,0.0899437259900863,0.0403357334393524,-0.0198328291566624,0.136653508074852,0.108987769952364,0.0467747700412338,-0.0387528000696105,0.0618675559716258,0.218303569819484,0.150827884247783,0.0259873054120588,0.00854501798765303,-0.01342076094237,-0.0615845122345342,-0.0275395844625802,0,0,0,0,0.0106273772704587,0.0411420260554099,0.0671447690202364,0.0720817450990371,0.0513260354818131,0.0262851354868872,-0.0968606669001115,-0.270820467906089,-0.858483850406863,-2.60719048213128,-2.99957077645486,-3.0960789941306,2.83133589562992,0.821946886381955,0.34245001644457,2.36772469257138,1.1111422531756,1.63613832436064,2.97373844328569,-0.406757751325451,-1.38753054867272,0.0652895878066104,-0.553765094273514,-0.543140860786495,-0.522187690468821,-0.497497250162108,-0.45323672917654,-0.514081517453318,-0.471339052846992,-0.372119970848781,-0.410230874888367,-0.389862769767166,-0.40470754613016,-0.333352692925542
59,0,0,0,0,0,0.0252571131659234,-0.296451108981004,1.31393598634382,0.501175830612426,0.0952841253839997,-11.8419965430854,1.19394334323773,0.532257299978949,0.342026710982175,0.21258658023537,0.384480498157779,0.272411019194759,0.219752598451403,0.0950018303136133,0.118745318507482,0.10951013014658,0.0754262001016833,-0.0502108028061934,0.111630145516472,0.0603572827610589,-0.0107439084794015,-0.065545459885995,0.0665569727597019,0.270220333391715,0.157590290443196,-0.0163837495917372,-0.00372412342075167,-0.0035181828300798,-0.0746228200164318,-0.0580263176481381,0,0,0,0,0.0107715250087818,0.041904744152337,0.0682273311528969,0.0692669208502703,0.0416161387453562,0.00166297615393532,-0.139728141164999,-0.312264505101768,-1.48405687401801,-2.73054911574624,-3.05990999819142,-3.09782226006311,2.82827550021943,0.893549038764553,0.407968183948671,2.50044356720352,1.17607249702,1.76125206258766,2.89896609683604,-0.393692527215844,-1.47293956069035,0.0714444791489601,-0.551285585740536,-0.542631384214878,-0.526149454649819,-0.510651038526292,-0.452693960388703,-0.518397029739317,-0.461823732373901,-0.360135320308234,-0.40522412715458,-0.388801743044596,-0.399968118602606,-0.325231995831364
114,0,0,0,0,0,0.0250633925268081,-0.283746034569965,1.94667701159633,0.536474293073831,0.0924853085217614,-11.2230755969385,1.18296202364752,0.509319568905052,0.34742222656983,0.32535078945977,0.322502017043691,0.24451291701798,0.408292813137752,0.135631986591651,0.174164434368842,0.049999519097749,-0.00249375903394602,0.0150995546390495,0.0712190758602552,-0.0735466919358667,-0.0554021949793639,-0.140961276301616,-0.0624579526192308,0.113762238982924,0.089725130096801,-0.0631426008491824,0.00591854894659921,0.0221542784440297,-0.0213289112599458,-0.0307189808192453,0,0,0,0,0.0105980383182306,0.0410025021653279,0.0661699333565835,0.0619562512072067,0.0267840827078949,-0.026465238130007,-0.180151864543329,-0.355072584833916,-1.86964217283536,-2.86082722735292,-3.10438221483146,-3.10250489808653,2.82260115548117,0.959705735659831,0.526230959122734,2.59903581661514,1.23063292446921,1.93703625901974,2.83837179511935,-0.198731231921114,-1.59613169969816,0.0786019374483566,-0.555974864071224,-0.555694101391507,-0.542361383017085,-0.52881031782214,-0.451957274249529,-0.520454340098004,-0.45712246037092,-0.349830814861284,-0.391568733424062,-0.383327753448775,-0.390782647982537,-0.316484285300871
174,0,0,0,0,0,0.0248696718876927,-0.274959572829594,1.89371023953361,0.512048238898757,0.0944015296724964,-11.2388022538545,0.999097319308898,0.317040314737434,0.164297959685526,0.332624471332034,0.37604293757374,0.159671836557979,-0.0795592302596166,0.00725384161002294,0.0869657218708987,-0.141353500867482,0.0527678064701426,-0.0238913140270884,0.15692396741919,0.118116299105338,-0.0562505414779693,-0.165966434619321,0.00118559818541665,0.022497962693854,0.124981404285095,-0.0501780256459545,-0.0242672106046712,-0.0299555575225596,0.00708747673578847,-0.00370624620509423,0,0,0,0,0.0100988882468303,0.0392016603183007,0.0623424101911201,0.0520633238243254,0.00894843663776344,-0.0553689320324621,-0.224083387586683,-0.412126700552812,-2.0704084845881,-2.92993855895051,-3.13157825149035,-3.11204307749836,2.81561624153015,0.984213082060419,0.831745914434011,2.65207529529029,1.27347230967191,2.09662772433068,2.78833498315608,0.0943650635383211,-1.81900763010261,0.0805851401372353,-0.570881972900086,-0.575717375141846,-0.56538789627602,-0.547184390445272,-0.446869708908372,-0.516908459159039,-0.456011981198551,-0.339116747196488,-0.372448000025145,-0.37539908660128,-0.378063157164083,-0.309135803344466
174,0,0,0,0,0,0.0246759512485773,-0.269455914748809,1.70159436363305,0.433367330051761,0.105784426975546,-11.1858046963732,1.12044435543327,0.442752937362355,0.31838173761793,0.23373526859143,0.408887272947914,0.485626053776077,0.355149818660075,0.0719026158312039,0.0917801897134604,-0.149687241919533,0.0207808814062254,-0.080195882177787,0.0379027584284333,-0.0161968929234861,-0.0148563841542977,-0.0734046509991533,0.0750491197673784,-0.0542125331448572,0.107616908799178,0.0126014239015444,-0.0640758287493541,-0.0413174778076468,0.0157495123112267,0.0195888021844993,0,0,0,0,0.0095997711886429,0.0374026929398489,0.0580967771608234,0.0412148642183761,-0.0103614213019089,-0.085990141156298,-0.274818391513044,-0.482558795237079,-2.21995546005181,-2.98247448502412,3.1282074085434,-3.12330902643026,2.80670614334892,1.02521179631691,1.20252545081729,2.67186736092612,1.3280684631156,2.16125313738485,2.74775351606421,0.292685213127491,-2.16672848849474,0.0800039325967498,-0.589261651911307,-0.594865538437158,-0.587980983677114,-0.564630425641548,-0.441651239230087,-0.514606280545697,-0.46036665806187,-0.328748450979569,-0.349178996093492,-0.364942364711104,-0.364664425553911,-0.30091719681847
174,0,0,0,0,0,0.0244822306094619,-0.281314865461822,1.20484924250282,0.43199723313232,0.115486523745357,-11.108330581972,1.2451475532579,0.439666008066568,0.257334075915745,0.195159104064952,0.272864389992815,0.372353798385886,0.285323220882382,0.066273237014008,0.0388295538295464,-0.0354238817573576,0.187785361016186,0.0282401683593528,-0.0124561603432211,-0.0231143016320974,-0.0837677730076671,-0.0836714776954201,0.0404428745648866,0.0244902371458859,0.0412370293915587,-0.0478717723162249,0.051880576796143,-0.0505400612887786,0.0156727679318109,-0.0482041359822282,0,0,0,0,0.00910068738904636,0.0356056087305267,0.0533476739676865,0.0293548187931979,-0.0312051272605902,-0.118327054276863,-0.326271641154361,-0.542724960049446,-2.35213234599727,-3.04475338162354,3.10341651175321,-3.12999447080323,2.80027980584318,1.0655855323553,1.47312501193937,2.68585914819035,1.38979477969891,2.21356592501033,2.69619059054539,0.420926138765369,-2.51798884690088,0.0784744539467971,-0.607231693655218,-0.611172440743234,-0.604765997336032,-0.578465192712575,-0.444739330395968,-0.522095175177193,-0.471060543032059,-0.323887525925791,-0.326986785057879,-0.35300263535901,-0.345079535137019,-0.287184059993623
174,0,0,0,0,0,0.0242885099703465,-0.292912847568871,1.39994261307285,0.357207864076416,0.115417702551453,-11.1713817099852,1.09732704074915,0.414420697207328,-0.0728335814600286,0.0271644918952961,0.456091546625241,0.308023861316929,0.120170702997772,0.0200633699077106,0.17490680894858,-0.0284951309759771,0.132051513126033,0.0295586664141154,-0.0135280453025279,-0.0513802000881783,0.0492709091162483,-0.0185919917360708,-0.108184765516261,0.0510510916812627,0.172344599190347,-0.157120857838227,0.000608764821054961,-0.0174910417008617,0.0393053065078341,-0.0154678057857203,0,0,0,0,0.00860163709331976,0.0338104163240295,0.0479948789857406,0.0164800734514161,-0.0533185213338957,-0.15122075075882,-0.376641437939178,-0.610147561153661,-2.47984315167204,-3.11000811896923,3.07835633217448,-3.13927702646927,2.79825692373198,1.10518729528302,1.68540924570975,2.70011154604756,1.45193547592624,2.26539044240807,2.64521001632048,0.523471758328629,-2.77905659152242,0.0735965345349664,-0.626337366949058,-0.624975024064069,-0.618897232797644,-0.594052818996152,-0.451708321963443,-0.530852172840715,-0.481650795794549,-0.325760149030347,-0.313373276407681,-0.344647683113438,-0.318599944799276,-0.268166124123882
174,0,0,0,0,0,0.0240947893312312,-0.283706713067041,2.17956945110852,0.431420362169618,0.116667391646489,-11.1262996562922,1.28598767627793,0.666985683922168,0.524999121280609,0.271057790983667,0.42093944057309,0.360246639222595,0.169904938397784,-0.0265954521379583,-0.26511146657558,-0.161936646400314,0.123367137454482,0.0317375761703042,0.0976104408708675,-0.0319878970961104,0.00957613652094549,-0.0696472676233532,0.0707897689523932,0.059729881894264,-0.000983809253936572,-0.0453380018991921,-0.0799211995903191,0.060961209583071,-0.00257544423732025,-0.00171940634450065,0,0,0,0,0.00810262054664241,0.0320171242871113,0.0426379078693501,0.00357823887339482,-0.0756174648402084,-0.184130094926076,-0.426835137738066,-0.464094920344714,-2.61960233089516,3.11211885618883,3.04869060527544,3.12536512972814,2.79244014514323,1.14590973200194,1.83024027020007,2.7083981576887,1.58221738717192,2.31154278814663,2.60673900602704,0.638242624178938,-2.97208113635422,0.0697952741220517,-0.643171281134417,-0.643339377426387,-0.63613001474009,-0.617281068866914,-0.461004437526481,-0.535580872724143,-0.493216030979991,-0.334898400009279,-0.307999309879346,-0.337383451582757,-0.291525134751099,-0.250516151009102
174.5,0,0,0,0,0,0.0239010686921158,-0.301556960412211,2.17812513073254,0.602204148544572,0.116710963601455,-11.3450482131397,1.13546301040287,0.42821526666157,0.342306585834317,0.270001391587549,0.396062186683329,0.291152972820296,0.140371941407276,0.134285581085453,0.0410910569840206,-0.0891017026146124,0.133197471931993,0.0912105964036292,0.112334903457441,0.0186249580180158,-0.159240186147072,-0.0888001577716363,0.02315701009657,0.021926493214272,0.0617599065777733,0.0102114158506005,-0.0140286187701797,-0.0314414841082677,-0.0288358871451105,0.0200445860288695,0,0,0,0,0.00760363799409322,0.0302257411195078,0.0376381389725264,-0.00853127169903991,-0.0969212782862238,-0.216465184868889,-0.484293628128952,0.442572085970961,-2.74077973763745,3.05426931698901,3.0234084295873,3.10892782174833,2.78106126239618,1.18927653991922,1.94746799852923,2.71357211257249,1.7382732137871,2.35148095812985,2.56948382867056,0.822495426135218,-3.13566482358421,0.0632073676809144,-0.663273781434686,-0.66960096575659,-0.658428796208229,-0.640105771634482,-0.475066930063257,-0.539954057916916,-0.510742981580958,-0.352900059393501,-0.304960353414012,-0.32394728332049,-0.267218654557311,-0.238303396697213
175,0,0,0,0,0,0.0237073480530004,-0.326296729413409,1.67549058462334,0.538891642717031,0.114680705093308,-11.1788531541597,1.21106441674517,0.552943790622468,0.333072733600783,0.357078720823123,0.464475890889292,0.376943114784536,0.32104465417517,-0.0643207156411355,-0.0484898905855373,0.025620712480128,0.149099387558025,0.0406709553558627,0.111295473895196,0.0134019480914114,-0.022325519320491,-0.214230495694029,0.028461594624395,0.0599338133652959,0.0631694058567101,-0.051749466343014,0.0116363319334698,-0.0535638016262375,0.0374287724880454,0.00838175221027909,0,0,0,0,0.00710468968065012,0.0284362752538653,0.0326677039624475,-0.0205099263113637,-0.117764915658808,-0.248953459886561,-0.564376848319146,1.7795693662211,-2.8192212756333,3.00254491130703,3.00023102088982,3.09747422640856,2.7696072437693,1.23417397076961,2.02930064898404,2.71736577257419,1.86338365396763,2.38616570047452,2.53737268188771,1.01484537605108,3.03690722419967,0.040454738756017,-0.701908127160287,-0.707417771283219,-0.694551616394859,-0.665620769091218,-0.495360931057605,-0.550821155342336,-0.530560100055633,-0.379111914702208,-0.304934523801766,-0.310050577594671,-0.243367072767316,-0.225582652361619
175,0,0,0,0,0,0.023513627413885,-0.324622318186282,1.30727647924869,0.436838110714856,0.115073834165598,-11.1811839501816,1.27832421942428,0.652271838993187,0.455106180010368,0.31540014730542,0.322867822583919,0.35933522455294,0.201766534948362,0.000198607552933402,0.0178706262840638,-0.0386851281075482,0.0459000491213815,0.0377603546650534,0.0610681042519022,-0.0771058154038523,-0.0207943804197259,-0.107708184196963,0.0285692114743524,0.0793155257293802,0.040259953907689,-0.00334599736725899,-0.0237525232986458,-0.118853901622345,0.120917451215766,-0.0517887347867034,0,0,0,0,0.00660577585118904,0.0266487350556727,0.0277103251048493,-0.0326888171692974,-0.13914276625137,-0.28375431020623,-0.675407158901047,2.61537840927817,-2.88382491701197,2.95745953981408,2.97885624661195,3.08571236319579,2.75696496646097,1.27404568373478,2.06590851274383,2.71696984103149,2.01777801021451,2.41797046689152,2.51254556788814,1.1470682952392,2.97014788291162,-0.0449727395489431,-0.847342745633832,-0.837330277015923,-0.825408561343777,-0.777049783652446,-0.597150337425697,-0.633263170420363,-0.60520672217604,-0.454519112891642,-0.347804421433252,-0.323862523182929,-0.226199494747764,-0.203466338999141
174.5,0,0,0,0,0,0.0233199067747696,-0.325264519804958,2.07518390155395,0.438957422851715,0.112232703105932,-11.2647389577115,1.11973537723568,0.424401995239087,0.434415551504268,0.145425108117703,0.276560796097156,0.260797467002658,0.0532597359898983,-0.0786688570799833,-0.0615407166741977,-0.0720119514757164,0.02932328761346,0.0430057904537331,0.129027233531554,-0.0363385381620477,-0.115299111036484,-0.116126626246266,-0.0396649628377116,0.0815686621302229,0.0938864283307292,-0.0617320629453876,0.0898663831974496,-0.0765302518238081,-0.0528642985042461,0.0251176684404693,0,0,0,0,0.0061068967504837,0.0248631288232011,0.0227661937136676,-0.0449620092600435,-0.161095938063509,-0.320636118800069,-0.819019145400016,2.76139124151779,-2.95442752164259,2.92077527140182,2.95716933712493,3.0687278755843,2.74301537075396,1.30072171091054,2.06739800564666,2.71896428729087,2.19186328741285,2.44675571825844,2.49721641346185,1.28210495171192,2.91973238346355,-0.119586371314701,-0.960299870832724,-0.927190144859897,-0.925342795203963,-0.863957766432786,-0.683679626122133,-0.705213774376506,-0.670551234796683,-0.526785776925402,-0.398738834824552,-0.34684484291686,-0.222732537511459,-0.193484667336056
174.5,0,0,0,0,0,0.0231261861356543,-0.365272383625266,1.84958595451314,0.489001789316841,0.112496858110671,-11.1438848795696,1.38677035522952,0.565402537850874,0.196558809790965,0.107060117988944,0.156632723138395,0.23789246616363,0.247393016980509,-0.0712287413119377,-0.0671707516248911,-0.0216739462393112,0.215254201188918,-0.0419972638255865,0.118539043885825,-0.123021427051252,-0.0215851684256424,0.00807651336670378,-0.0244137915359185,-0.0391799990236671,0.135693113060926,-0.00223008395272908,-0.0737190853484433,-0.00996242417640291,-0.00639851308531031,-0.00201832360400896,0,0,0,0,0.00560385027860522,0.0229440716000274,0.0175675513614838,-0.0577640219240358,-0.184619605849054,-0.361353828705559,-1.00490557617016,2.64909022601256,-3.02451912327597,2.88662689598947,2.92788565173965,3.04704515642938,2.73282205669786,1.32452879261377,2.07123032743516,2.7262808480218,2.37559245737077,2.4687197522325,2.48654519506602,1.43678204957417,2.87709121615339,-0.128771070174629,-0.941771670684108,-0.891582971366723,-0.904209721979586,-0.840093176221537,-0.673629320624352,-0.701443120502683,-0.667701082711587,-0.545252663286522,-0.415353142619371,-0.353549844246294,-0.2250510851311,-0.200902400812292
143.5,0,0,0,0,0,0.0229324654965389,-0.406320179762418,1.23923091678207,0.517821943383669,0.115960927332815,-11.4671674429501,1.12060124298936,0.597062215467015,0.354766092080723,0.217433413340404,0.222144200077311,0.272788523220755,0.283881738379393,-0.193598656481605,-0.0910810851149677,-0.0751728630395091,0.049722152451177,0.0385227840977233,0.00273492162405405,-0.0306789256131892,0.0551746884608876,-0.163653026579198,-0.0295627772900937,0.170001129318473,0.152035238921168,-0.127456439322196,-0.0518930706971112,0.0566505000827325,-0.0182633031937637,-0.0499774962549077,0,0,0,0,0.00509653055737836,0.0208166795361216,0.0119490670031824,-0.0715091732153511,-0.210967510121392,-0.410464119156155,-1.22585273452984,2.59921224285586,-3.08045719244739,2.85212893269729,2.8925968130152,3.02842289157335,2.72637223294083,1.34561877022702,2.06212065603173,2.73041630987681,2.54318469475357,2.48494570477218,2.47727912097347,1.59506725363437,2.82766113452415,-0.142393726380696,-0.92393001486741,-0.856021808161347,-0.882386119154329,-0.814307275062727,-0.662159754131197,-0.697957581398428,-0.662557368305501,-0.562571191079577,-0.432080126366429,-0.356856789827765,-0.22819831549576,-0.207006087124659
112.5,0,0,0,0,0,0.0227387448574235,-0.444044670695088,1.83448728957351,0.511788757134721,0.104014289253703,-11.0867252195951,1.59756050815832,1.00090756050098,0.525839182584975,0.309538591700532,0.19815905014417,0.0134731178497344,0.0545693557447548,-0.184240381528216,-0.110862891072239,-0.0628921214161051,-0.0699595839913641,0.014677486248252,0.134255235474385,0.146458851587922,0.00635703359085165,-0.0230688676853633,-0.0231214884704507,0.0616704252048527,0.217979994470906,-0.0859874701568935,-0.113601964857521,0.00117878243279281,-0.0603849124903702,0.0808463480651011,0,0,0,0,0.00458924684314623,0.0187036863871862,0.0063896612271034,-0.0849429758309864,-0.238023591629205,-0.469087912824949,-1.45251287302584,2.57480643395552,-3.12705404731359,2.81647206640573,2.85417221820711,3.00958723517342,2.72329003968017,1.36765929314597,2.02857748184643,2.72250526549364,2.61566388600862,2.49752460751591,2.4690597306146,1.71882425307753,2.78018307924814,-0.163277597268156,-0.909930169961121,-0.820401340726487,-0.864123889407776,-0.790784221077676,-0.6463510475323,-0.684814343460749,-0.650273507415828,-0.579047268629141,-0.447256789847778,-0.355909374978857,-0.232958632460456,-0.214145166203376
113.5,0,0,0,0,0,0.0225450242183081,-0.509652655677474,1.53065609894851,0.557757583351262,0.110942609465177,-11.0991032299678,1.33084580458773,0.94212348789677,0.405431275206149,0.377376295310772,0.161743288929979,0.0634686871691637,-0.0282496092330566,-0.127984862002267,-0.180677944496283,-0.154130830779982,-0.0917386379080334,-0.0734354482467821,0.0415670771678096,0.0559366427024271,0.0662520442845099,0.0116776183618734,-0.040569308049336,0.154796447592336,0.212135244457657,-0.0361984544330677,-0.106070423001202,-0.100986603273881,-0.0838392716177612,0.152878783049887,0,0,0,0,0.00408199939313313,0.017129496463493,0.00183767625056277,-0.0971192013529232,-0.265308146881501,-0.53648238905857,-1.67756447786511,2.55315512312889,3.10713858868422,2.77958497086477,2.81627653211128,2.98878195545623,2.72477671325515,1.39861866681093,2.01916710238668,2.70861510096024,2.59618554986738,2.50027603748449,2.46225334778858,1.80614559764741,2.76324782958686,-0.192574851166118,-0.903528738585598,-0.787630162956478,-0.848488242570448,-0.763405334631938,-0.625434023534374,-0.666423258995475,-0.63322032356457,-0.589690649917249,-0.455893234057381,-0.351962274066581,-0.242232753062368,-0.224684356025848
113.5,0,0,0,0,0,0.0223513035791927,-0.523888986004343,0.767793850116687,0.594161404762479,0.140353782755465,-10.2613619271644,2.31958845279517,1.18560597353575,0.42501231883863,0.0356946792576226,-0.32131832684811,0.0114460907257861,-0.0234300251571355,-0.107412806445122,-0.162273264757636,-0.0630687919876206,-0.0890493980259377,-0.162414088164685,0.0517118638262308,0.113864274800441,-0.0743806508130553,-0.0275049019343186,0.0240881071184865,0.05980092831167,0.071125241172196,-0.0427085127779917,0.0425424480272538,-0.0296573024310987,-0.094677662685395,0.0382988944314966,0,0,0,0,0.00357478846445187,0.0165220041142979,-0.0011062911793816,-0.108113504561888,-0.294170247649078,-0.611984306778091,-1.88695250435931,2.54791358119212,3.06626615796385,2.74838100366977,2.78094241566415,2.96885456648765,2.72549116168515,1.42845066402837,2.03236606478658,2.70044650084835,2.57250219328372,2.49729853092677,2.45667898149924,1.87197644126185,2.76581350180159,-0.238421141388231,-0.909022879013472,-0.753039051919981,-0.835500596857318,-0.732233857752238,-0.603728634271041,-0.653842144553812,-0.616626088872736,-0.594072556546389,-0.455811877541169,-0.346213104400514,-0.251209281149512,-0.231615561456061
112.5,0,0,0,0,0,0.0221575829400774,-0.509201889964651,0.863342138235276,0.590129431218308,0.156113381700451,-9.40611850534496,3.03867688497976,1.08254444470019,0.471726120119116,0.0369001290762605,-0.48248365313399,-0.0794479012136097,-0.148857308122923,-0.0753391071542452,-0.157294339170298,-0.14130724069942,-0.0756553102221681,-0.238325650077735,0.169355896731732,0.111217531797178,-0.123082954609502,-0.0907113238850542,0.201117244687801,0.00883922112542771,0.0921926072356872,-0.0869781929169667,0.088927970724915,0.0568771808701446,-0.172772527025446,0.0162265913001243,0,0,0,0,0.00310689206815954,0.0165836718613418,-0.00296742416293645,-0.11824504746094,-0.323845569454001,-0.692584820865666,-2.05742586102464,2.55310268261908,3.03788294500748,2.7233406215417,2.75075942344791,2.94869747914843,2.72908077278093,1.45198381550783,2.05848221791672,2.70257623356905,2.56671229811718,2.49897773151683,2.45372562438111,1.93064478392579,2.76503730071301,-0.295162251070182,-0.922470224141502,-0.718123687335421,-0.826721131073859,-0.709317916910231,-0.583576146185442,-0.64665704479284,-0.599467572799034,-0.594753073196913,-0.452290177433631,-0.342266790773555,-0.258533709464381,-0.228138395318291
103.5,0,0,0,0,0,0.021963862300962,-0.514597420105531,0.922822315560708,0.576973726724926,0.188516729763147,-9.38047129021636,3.10739077768543,1.01816137624754,0.454678694548354,0.0410434531646465,-0.44430437855704,-0.154165111804087,-0.231512640459052,-0.105427564650411,-0.112719650634031,-0.157151998256689,-0.095815168269254,-0.290516727791053,0.268514832569858,0.198795171374368,-0.166536726233041,-0.133675912815761,0.148051825654672,0.0819414602373104,0.0831914102757021,-0.125901388815347,0.122666436348115,0.0737454112267397,-0.143958399098948,-0.0159335999002417,0,0,0,0,0.00273180471356287,0.0169787498796361,-0.00425697069026348,-0.127649253721709,-0.352047621164317,-0.77181444228515,-2.18887993427393,2.55095829012526,3.01494518879852,2.69922720321198,2.7246101209377,2.93109867903353,2.73646086783769,1.47038810681486,2.09299747181589,2.70890989953618,2.57348016070913,2.50191834419289,2.45296496952636,1.9840756852812,2.77420597493783,-0.351870430530995,-0.934986323077224,-0.685289782673425,-0.817423729310731,-0.691093767600844,-0.56224605875907,-0.638178925645572,-0.584652709307198,-0.593144227047008,-0.449153167546288,-0.336518071183158,-0.268567555508306,-0.221882074942694
95,1,0,0,0,0,0.0217701416618466,-0.517207468239193,0.914623075978652,0.633416005921687,0.326647443110097,-9.36811245048949,3.1265562118588,0.897407771879142,0.608537090604794,0.0858133897765239,-0.507015712262198,-0.164615367397838,-0.197436783639286,-0.0702026904805259,0.00108890697451695,-0.140301535799289,-0.0442719617242181,-0.243056819038517,0.143256967459843,0.157698297417427,-0.140978613395255,-0.209123466764999,0.123197214751995,0.1413920653181,-0.0256934549960918,-0.10813887509227,0.072779086054049,0.112341378964133,-0.0951313019526001,0.0768354534654746,0,0,0,0,0.00241057522798692,0.0175570411099152,-0.00523694757336982,-0.136206396418521,-0.378025760436343,-0.846606859956781,-2.28775147735332,2.54444419146472,2.99615294365439,2.6765916562852,2.70065725888182,2.91961275142637,2.74258854561439,1.48983156596214,2.12552257646381,2.71557794720519,2.58774321847149,2.49803856074502,2.45134931688516,2.02712308446073,2.7869253806193,-0.408513698523906,-0.948570841568506,-0.658116351502319,-0.807428900905189,-0.67112444020786,-0.536773789722374,-0.630354617811305,-0.565877171501137,-0.58578861555911,-0.443665409812499,-0.32926580840591,-0.281571525709294,-0.220614175877957
95.5,1,0.109010732612963,0.318974724101104,-5.58001056662899,0.213043576666071,0.0979891832417169,-0.495076108489509,0.735885209421917,0.679827876361433,0.340968819334896,-9.164199631967,3.11883549829394,0.74901332266156,0.728097704745862,0.116831857489364,-0.596301724833857,-0.0905275939819127,-0.264947602571752,-0.078593241176896,0.0415834574388908,-0.239147742611076,0.0249277377255856,-0.273021426679343,0.109269392008444,0.23101175848616,-0.145530534288888,-0.293024540671122,0.151880342567378,0.108654995586802,0.044486828506673,-0.108052963400688,0.0568031505399868,0.1235069145379,-0.13245450157492,0.116050890891518,0,0,0,0,0.00217475704542745,0.0184227546125537,-0.00574150535901599,-0.143104904158314,-0.401200780593723,-0.916657205336249,-2.3687767138363,2.5411405190745,2.98214844189612,2.65531324271535,2.67940433306303,2.91347157885295,2.74881305253388,1.51832322758103,2.16095857148972,2.72235321549967,2.60330269304578,2.48827910978455,2.44996224215928,2.05188401134336,2.78936934249709,-0.466538786394384,-0.968313691893164,-0.641200083478873,-0.797015553545042,-0.646488357251215,-0.505476231641914,-0.623036973501158,-0.540504091758031,-0.57001240036824,-0.434532969685668,-0.325231765010909,-0.298115472261887,-0.221998095189227
96,1,0.14442173956608,0.384073667562927,-6.82980897532073,0.284350851633009,0.109549463050395,-0.424304077791365,0.73351792465507,0.66037248688217,0.276951023577664,-9.03663247316526,3.19828203536904,0.506638730825238,0.734412396481318,0.165588388179879,-0.574058899186189,-0.0142709266208004,-0.328826049882742,-0.0179665764627895,0.0743026586365446,-0.287288230278808,0.00671446965893711,-0.200605813553713,0.0382783526419826,0.33401850855855,-0.219454715189659,-0.336752031982726,0.179059441098258,0.115354384342322,0.036249793630008,-0.121632919007789,0.0915997100700246,0.107569830494242,-0.150845766490726,0.14606945403539,0,0,0,0,0.00202650524497268,0.0195833611219051,-0.00575704125058566,-0.148338681884971,-0.421148034265435,-0.980048731680481,-2.44016769617167,2.53552027885801,2.96870944332404,2.63318042609433,2.66067886959691,2.90758136281097,2.75521396390139,1.55038775890856,2.1960473235067,2.72141511579698,2.62087133258181,2.47849632600702,2.44995563472949,2.05444516498542,2.79422155140733,-0.524502847976303,-0.992401677104426,-0.628029680994068,-0.787011100072036,-0.626446304439067,-0.472613458312227,-0.605043708316653,-0.509694497214939,-0.546468646759648,-0.420937749125995,-0.324497465123213,-0.314380877280007,-0.22192896527605
95.5,1,0.147116439401879,0.361079801427026,-6.99596715715374,0.243257209634326,0.123323366417233,-0.369822872478931,0.757602913461105,0.532084540361811,0.359826402799231,-8.59899774698365,3.01692771935239,0.0428046986479039,1.0806772836025,0.17428617648468,-0.714625858276508,-0.0535259752474627,-0.515824161396456,0.238586580724949,0.13345102824983,-0.353674494736965,0.0289108737007641,-0.184016741750356,0.0145625404429281,0.204068525821726,-0.268974819601898,-0.204014398843955,0.164992424613051,0.0761403826348815,-0.0136909642355927,-0.036435123336087,0.138536368443665,0.0376743926224127,0.0193200229296084,0.0392594061802951,0,0,0,0,0.00187826022830278,0.0207445470112405,-0.00577263617693652,-0.152696963044099,-0.438267757533351,-1.03437087568923,-2.4988629017105,2.52271101235081,2.95314779253591,2.61257329339344,2.6467439807547,2.90348670828958,2.76253910751544,1.5883413531783,2.22833945109954,2.71662855139621,2.63972276761059,2.47173407924369,2.4506440337722,2.06534000697835,2.80299134350586,-0.574748860554065,-1.02051884776788,-0.62125401266501,-0.777343493558892,-0.613082201006121,-0.436517475066467,-0.574388671044979,-0.473322234381859,-0.515890165730744,-0.398220022408577,-0.327756194606936,-0.331655333418987,-0.222118105206516
94.5,1,0.130860944251091,0.347944665671146,-6.10132240000362,0.194903958034772,0.110048358774404,-0.358682479732099,0.78951451971241,0.476684897427243,0.436065947358857,-8.08568990580642,2.53596922652233,-0.105568341192751,1.14753938346026,-0.00622864157353527,-0.80398508788419,-0.0264586527321537,-0.491856261954431,0.39097460980723,0.160658125624805,-0.431280872613473,0.18742661006876,-0.159523533452475,-0.0537489153090932,0.0532266262052817,-0.230934334947609,-0.0933884399609606,0.0392205129083234,-0.0678182085062349,0.0902295000802653,0.15240857870541,0.0231153597110323,0.00616218327031556,0.058108006310527,-0.0912293670286563,0,0,0,0,0.00173002200146756,0.0219063095808001,-0.00578681924197343,-0.156236690945591,-0.452744350212763,-1.08089600713724,-2.55178195986099,2.50204941720497,2.93080852444336,2.59178748308523,2.6353035183314,2.89675528049929,2.76748567575245,1.63915744321844,2.25776072882136,2.71670053104181,2.66424178422177,2.4686759835099,2.45323710206405,2.08787078847245,2.81791243001861,-0.6058922797244,-1.03552568453253,-0.613481422622524,-0.756980391788524,-0.585305033022657,-0.393875460645179,-0.543061848919647,-0.436161179303342,-0.487668780202392,-0.379800810176008,-0.337911965191562,-0.362860092570039,-0.237293229485576
92,1,0.110573826494938,0.406734428664253,-4.83664280926903,0.172134430072215,0.0861745005789327,-0.345583507398927,0.856403354839431,0.574151161353521,0.444767303999828,-8.0683347311806,2.52383150342231,-0.152196561542881,1.048096123106,0.0672615396431813,-0.977214683856437,0.178676327696606,-0.533777496884604,0.414228682721035,0.264523451538476,-0.544808307589964,0.36992245798514,-0.292758584593306,0.0149774603326462,-0.0358487135615879,-0.166826367695508,-0.128345874346116,0.0549164169776361,-0.109365848006839,0.217067155303937,0.237031798236227,-0.17646694485772,0.137904424678647,-0.0565966513257991,-0.095075008786631,0,0,0,0,0.00158179057051501,0.0230686461219154,-0.00582623135182957,-0.159297546072856,-0.465992397601802,-1.12508828116005,-2.60290050104445,2.47869797956523,2.90297502763355,2.5698878492942,2.62257036605484,2.88465638128514,2.7706231572534,1.70794741514529,2.2822939142949,2.71918174547704,2.6915712829432,2.46610655249415,2.45672309835009,2.13164017528631,2.84038000993685,-0.604234756952189,-1.02401499689186,-0.602206336604931,-0.726114749066715,-0.560984595340628,-0.367942435217595,-0.524323699942099,-0.407929654639336,-0.470805988816743,-0.378786810441069,-0.354555036393554,-0.397039502707957,-0.265243335694782
89.5,1,0.0905933494180882,0.451519891048762,-3.95465922373058,0.173548197374926,0.0733223463715307,-0.337206784583372,0.901411404375474,0.633284716347519,0.453498296265853,-8.26135544796164,2.9077222387358,-0.299409179230067,0.837340269946969,0.386968650185848,-1.37673039289666,0.390080140103341,-0.564154226911455,0.359760519403468,0.373679837492241,-0.731943662074369,0.466779488004574,-0.282255450925516,0.0390971782794709,0.0169146361600856,-0.218632371702432,-0.169170159439983,0.170817625537282,-0.190272877165044,0.219354453375731,0.316063637987609,-0.369175090000751,0.271162097124631,-0.150008179029752,-0.0314248987343566,0,0,0,0,0.00143356594149142,0.0240880970205363,-0.00611758594945292,-0.162505919156446,-0.479359598450047,-1.16962135176533,-2.65427036379819,2.45555962497787,2.87247530726573,2.54743223680138,2.60918071067446,2.87062831424999,2.77423210316214,1.79264714415745,2.30496042215015,2.71793837122151,2.71648324815148,2.46419155381072,2.45687766821151,2.20348456708487,2.85954665362849,-0.564197679537772,-0.993966911913094,-0.602905786283695,-0.696074753701751,-0.557855570069334,-0.371206437916304,-0.519603626758305,-0.397225485498441,-0.466501816414634,-0.396774060869329,-0.378227752232438,-0.417092310672478,-0.294027096601001
87.5,1,0.0809509771145906,0.482501161449489,-3.25497092577183,0.20570787123855,0.0679788375893115,-0.333843693710911,0.872384050818562,0.686681375651425,0.490564584556909,-8.38529699534982,3.11503217849552,-0.420234240013494,0.785701166551342,0.559605365826363,-1.53888497039154,0.4257502491796,-0.644739868274733,0.314443310681881,0.485754580364349,-0.791669567294362,0.402601780747964,-0.162942516232624,-0.0251300731234713,0.151790762455186,-0.231097202929812,-0.190910740100262,0.254920964958174,-0.236047403968859,0.150044363717814,0.288502305861072,-0.336419997690554,0.248591449006736,-0.0986564137084527,-0.0655857289775115,0,0,0,0,0.00128534812044129,0.02534201861981,-0.00576407443753095,-0.164468794416355,-0.491079864204282,-1.21264400029151,-2.70449515833754,2.43081042489957,2.83890043861475,2.52444898822077,2.59686269095977,2.85347024251709,2.77562916036783,1.87130348111964,2.31858236857546,2.71194991415452,2.73975062267823,2.46105286647395,2.44864494392252,2.29847100927998,2.87139765223399,-0.499443572105239,-0.953379381971949,-0.613377757147818,-0.673193977278151,-0.561164296714939,-0.389648631392549,-0.524626355198393,-0.397127107378965,-0.468663877761263,-0.422689789825842,-0.401805602833855,-0.430526731417052,-0.324687274613569
85.5,1,0.0824441486293038,0.521809599504637,-2.51274147923138,0.236751594453004,0.0674793329236115,-0.339384667270657,0.867249402289907,0.730963660865032,0.48858575349093,-8.50128090398382,3.10887095246345,-0.398889674264801,0.855873706178968,0.536849353670185,-1.44782454525078,0.310200597398444,-0.650957585289919,0.292315318562878,0.57358482410532,-0.738658153086049,0.313578121617369,-0.0983512391295903,0.00248247003766416,0.148444794882002,-0.293746765217927,-0.13129487297759,0.23206156836812,-0.238994709270434,0.231024386027681,0.0946880057204667,-0.0800334129260764,0.146332624986374,-0.138599408499613,-0.0753556787764999,0,0,0,0,0.00129569129521922,0.0274231838869351,-0.00350261038681724,-0.16305334995653,-0.498552550614926,-1.2529942722761,-2.74446520633696,2.40704973144763,2.80231235919741,2.49956454058695,2.58331738045027,2.8373921207792,2.77404196937329,1.93752172981777,2.32116649086905,2.70071570157131,2.76154748644388,2.45892276431815,2.43298926272357,2.39349954644685,2.88128953352317,-0.427894216449593,-0.915698150648428,-0.628382490959926,-0.657846376202662,-0.568763071033798,-0.412331424616971,-0.536048986502007,-0.402846713686583,-0.468899847287724,-0.440984621493154,-0.420155997637827,-0.438847838873291,-0.348319360951772
84.5,1,0.0843080671406241,0.539802316930598,-1.75696405474927,0.224820108406996,0.0734190668508874,-0.345866720144006,0.862170805100127,0.750965308473558,0.521374161322876,-8.58052163994503,3.08788586394311,-0.343178437279794,0.817161095837912,0.509229345697056,-1.2494626331692,0.159239069709176,-0.543458160489036,0.228873337989717,0.554778049050774,-0.550304232610808,0.215805718290051,-0.102005944878169,0.113161340146983,0.0806881350378811,-0.38660554443275,-0.0377102589299867,0.141710871817075,-0.160693249912595,0.242568357737585,-0.0210628091334666,0.103847104404389,0.0512978695147688,-0.153476716768594,-0.030966084805683,0,0,0,0,0.00146860769185807,0.0299534131819719,0.000206966287759929,-0.158503354616411,-0.50076741168019,-1.28547551044127,-2.77537393679706,2.38254191425832,2.75934259580639,2.46746729336795,2.56386693439281,2.82555067987809,2.77295041520042,1.99273773521952,2.31865913332807,2.69164142264184,2.79783064869876,2.46102646485219,2.41400277753817,2.48828064781588,2.88844621114525,-0.351395516483585,-0.878165321208359,-0.644213964698635,-0.649218059713894,-0.582968960493379,-0.438600091395384,-0.545958673711829,-0.415678004537308,-0.468590628121839,-0.453904266426794,-0.435727468798799,-0.442736491233906,-0.36322081928701
83,1,0.0941327998703449,0.569561058560952,-0.845147874647413,0.228682382944655,0.0751195663726219,-0.37020177884312,0.781821429639206,0.706030991539569,0.519016763709301,-8.7263052592622,2.88144937726881,-0.191711986861013,0.81356493308845,0.436986594953433,-0.922948021383209,-0.0561262204787477,-0.407158598811308,0.218533862365474,0.396922704373837,-0.289400784041489,0.0546507705107305,-0.0589881640006186,0.18525638871625,0.0662598802565866,-0.394792039305672,-0.0537951932684131,0.1102018620848,-0.0819650961128012,0.141461579977818,-0.0131932734668883,0.119373650002904,0.0855471801489847,-0.146019487078572,-0.0750571184641168,0,0,0,0,0.00164152724087315,0.0324870681016434,0.00482550699897832,-0.151316539675299,-0.497449152545698,-1.30458402423844,-2.79757007168082,2.3571104726334,2.71346159067054,2.43033735697784,2.54454150181461,2.81209315317889,2.77450609001532,2.03971726790804,2.3159763879461,2.68875279477589,2.82485385444995,2.46565052236594,2.38971331429364,2.59519856363046,2.89491057548215,-0.273315650348838,-0.840228122956402,-0.659939073233598,-0.648462418280946,-0.599620975112022,-0.467186628686484,-0.549630771543665,-0.430616994468155,-0.472731916090471,-0.462988195217232,-0.447436717256411,-0.444915284424911,-0.374188725628974
81.5,1,0.128645084156152,0.526766692069519,0.100002969587963,0.213343511180045,0.101746518869111,-0.41306197948697,1.21014469749513,0.699421430803784,0.418003900334542,-9.01299835263802,2.47679929089497,0.13134932929893,0.884455381346214,0.358210748578274,-0.630980516024269,-0.22492086681953,-0.210902086232877,0.314716953547945,0.279831881474932,-0.173528796486891,-0.0700583838105677,-0.0850343657404574,0.170505759905443,0.0256017897382523,-0.341527606453107,-0.115609949432585,0.118537205468206,-0.0422793619904132,0.0644735023054506,-0.0070215663324188,0.0755029458353658,0.127506618266459,-0.123103746674792,-0.061201387383794,0,0,0,0,0.00181444993200939,0.0350241230127041,0.010539119033125,-0.141207831146263,-0.487821879718012,-1.3079422295453,-2.80819067409647,2.33871960186623,2.67065712154941,2.39634076837316,2.52643321065308,2.78881750041163,2.77250892524111,2.07766775977369,2.31588876752969,2.68632047101512,2.83826869367499,2.47285258582592,2.35901093540595,2.69212891814629,2.90467742987744,-0.198242712366913,-0.807250702755326,-0.675746726763495,-0.651589734165461,-0.612172944741963,-0.492636028469446,-0.552562427409546,-0.445022019651672,-0.48048943589089,-0.470357506170804,-0.457499767693756,-0.447589105268443,-0.385359523240713
80.5,1,0.141071479808661,0.379543039796066,4.2385951038304,0.167371191649727,0.123922429287674,-0.432627047011085,1.47405243062522,0.651101616777176,0.377711099840274,-9.30522932328229,1.93587158144485,0.424962907042904,0.893393075919749,0.304677247081346,-0.304265341444772,-0.266015507428532,-0.136112126277188,0.295819755524567,0.173234379044237,-0.161988423991143,-0.112991899698861,-0.115318903044808,0.127199425524327,-0.0638325443176362,-0.198430464290181,-0.114380738111806,0.152154335078976,-0.0567755969104994,0.0436858933642306,0.142809377701577,0.0321910798284858,0.0472358262735958,-0.153508442409121,-0.106441395286823,0,0,0,0,0.00198737575501057,0.0375645520379957,0.0175640634144137,-0.127861540723512,-0.471160406342393,-1.29322996974674,-2.80006971979423,2.3313516145988,2.62865930031045,2.36703976030964,2.5039512361296,2.7605593853083,2.76450772128796,2.09937301455192,2.31803654907943,2.69009676689092,2.86391562591307,2.48214527855682,2.32279941787835,2.75656668322479,2.91896272163606,-0.110634081717667,-0.743919480084527,-0.659198423977755,-0.625722200229514,-0.592925455413726,-0.491902909067068,-0.535486059255858,-0.441276194784659,-0.472953147435939,-0.46668120687034,-0.458506969651204,-0.446230427008514,-0.392205313753617
85.5,1,0.134944767618401,0.292655392146054,6.26370155936729,0.138910141168517,0.130771036179034,-0.424254844564305,1.29149325932377,0.458250400773904,0.393673052644021,-9.35095951299463,1.56984459956926,0.564391648910795,0.796653715638632,0.235910169077826,-0.186810082193801,-0.207866227252864,-0.125033019784756,0.199970453431409,0.131299742327167,-0.0761439879682136,-0.0451266948299653,-0.0729827557250849,0.0966360871595711,-0.137433572124797,-0.0344929241278573,-0.100997614976479,0.100343776971249,-0.0711275526742527,0.0503831153396213,0.150275112534401,0.0405571259153523,0.0307010440929804,-0.153327133596644,-0.098770621897418,0,0,0,0,0.0021603046996194,0.0401083290572841,0.0246751853639804,-0.114032274006674,-0.451680170084717,-1.26247453455039,-2.76901486744968,2.33358662342205,2.58670729250543,2.33557288212805,2.47895037813099,2.73248105144986,2.7574726043988,2.10818637456364,2.3179324685993,2.69918324972881,2.8873074698813,2.48697174595183,2.27592317260565,2.8000800962015,2.93971408577819,-0.0261808328601901,-0.673975370491041,-0.630355671349265,-0.586644637569898,-0.564109724116899,-0.482260698569254,-0.510045399067886,-0.433701561141736,-0.463158286717309,-0.465383255712614,-0.46154064437813,-0.446936574836374,-0.396127891521992
122,0,0.127299171719342,0.276074350098119,5.90881761832665,0.131039878212794,0.131467666134566,-0.399784218052094,1.27116987120764,0.36342645673713,0.397330207409794,-9.48517973006003,1.2373775688367,0.620793920834997,0.581196728536218,0.141495696099418,-0.167074458602928,-0.202735206485271,-0.0184263754839163,0.21627917150566,-0.031406331498859,-0.0608715453510758,0.0870943222363451,0.0747562853110001,0.134932162778994,-0.144720963919033,-0.0712824141012372,0.0162029243463028,0.031883814144903,-0.124379070590692,-0.0120825279834773,0.0960061794080701,0.0474688187363827,0.0413506475685961,-0.0839103910389875,-0.0386246905001184,0,0,0,0,0.00233323675557746,0.0426554277081349,0.0314203075345022,-0.100942297734158,-0.433192368820245,-1.22938172934737,-2.72789920978326,2.34345994861076,2.53461678042806,2.30225919645964,2.45135746046652,2.70020462281714,2.75095930669324,2.12819784662059,2.31825382374992,2.72111563135051,2.90932870035304,2.48962586469835,2.23230899959571,2.82629229873861,2.96712034751545,0.0333831828393322,-0.636943737843735,-0.623898489855442,-0.573587884447792,-0.560023532332866,-0.489366555658936,-0.502202578517638,-0.443051435020331,-0.470176067823978,-0.477506384538746,-0.47455671573057,-0.453322466797693,-0.401378328516468
126,0,0.119653575820282,0.259493308050184,5.55393367728601,0.123169615257071,0.132164296090097,-0.36687008215702,1.10609070139507,0.403489961455458,0.317089144685603,-9.75217639889388,1.04733703477278,0.714474965470947,0.473185049131218,0.041782956647832,-0.215434067635223,-0.252981738533879,-0.145695308617957,0.258779533778018,0.0621058687571525,0.0609631006499458,0.0656402867223951,0.0526194809976677,0.151247865583201,-0.0197606752861174,-0.0683971548327356,-0.0547085241532886,-0.0455121734886126,-0.0356049675788952,0.102910291990875,0.168412147297518,0.0252174550247439,-0.0107795049302986,-0.0250502745523703,-0.0486825104392501,0,0,0,0,0.00250617191262519,0.0452058213868288,0.0382677943209113,-0.0878158519842515,-0.416190435333353,-1.20436681633851,-2.69173720581954,2.35899505153957,2.46974159769598,2.27104034033302,2.41642268007525,2.66270428503107,2.73964288883578,2.17728104284453,2.31679530384375,2.73485343464261,2.93590948806484,2.49160235401489,2.20729325626457,2.8419710749401,2.99393497773138,0.0761117227320628,-0.613870583999634,-0.619634182451239,-0.570597650398934,-0.559807818197814,-0.494812396237253,-0.499264289343887,-0.45293844812129,-0.476784258789818,-0.482545186165348,-0.483519931613612,-0.457504892230271,-0.401051362475908
99,0,0.112007979921223,0.242912266002249,5.19904973624537,0.115299352301347,0.132860926045628,-0.312726149108366,1.251630589974,0.469802460888253,0.165277024467739,-9.97928058244292,0.855244309903937,0.54144301167054,0.372388895357921,0.0763121094973406,-0.216955275123347,-0.170029109244017,-0.195459349939452,0.204831278118183,-0.0125630622445229,0.0681675057759172,-0.0542957718964376,-0.00338005015648294,0.164506277751642,0.0288894426574971,-0.131528417673742,-0.0607354539275489,0.0413958590448723,0.00514643017967362,0.142039031615998,0.0355445902833457,-0.0484293462269994,0.0248467344113977,-0.00243677745544576,-0.0460983182287915,0,0,0,0,0.00267911016050196,0.0477594832493168,0.0447005715227251,-0.0752951784769465,-0.399831803236661,-1.17950730640745,-2.66159232352405,2.37903984805473,2.40607776419155,2.24215209284698,2.36790598472628,2.62207866494697,2.72885927560806,2.24658248631974,2.31822222555242,2.69156041891687,2.97030672707036,2.49546421690071,2.21416288694547,2.86973804282281,3.02318925957019,0.104939623954592,-0.599764132792628,-0.615671525022657,-0.569422338409736,-0.560980136276604,-0.500222829925978,-0.501105346481762,-0.465004339752277,-0.478574069121846,-0.478435487991618,-0.488174635863755,-0.456448478659822,-0.392816157119985
99,0,0.104362384022163,0.226331223954314,4.84416579520473,0.107429089345624,0.133557556001159,-0.261540505008626,1.52747888056882,0.459773565189658,0.0959312299051892,-10.0896732711118,0.755553107862525,0.45814381437456,0.399453172165057,0.262979120112892,-0.133975231946219,-0.0520724304257388,-0.221519906236967,0.136570423344677,-0.0838203224186763,0.0189247872628386,-0.0622945905319058,0.00778996519565272,0.0644333058284997,0.054828251178431,-0.137686058923081,-0.13479615403165,0.149810719649905,0.137680052779459,0.108531115659992,-0.0637191304952069,-0.047003963373782,0.089814396295946,-0.00667374644561335,-0.136656850311935,0,0,0,0,0.00285205148894596,0.0503163862122124,0.0506955300819566,-0.0636383758898574,-0.384936599198734,-1.15384809365929,-2.61925133500003,2.41523815348309,2.35408766139336,2.21988166378335,2.31883875665252,2.57928732282624,2.72339355540453,2.30780948366184,2.32962419171666,2.62213450542027,3.0083096591751,2.51652724448521,2.22077836404108,2.88976756751815,3.0735255622589,0.134432532744703,-0.568965504913559,-0.595089352158531,-0.554143832738162,-0.549332320669758,-0.494573833782145,-0.492728159503121,-0.46674225474613,-0.471963088084445,-0.463984603997666,-0.482059955933666,-0.444916674413379,-0.375889542637356
100,0,0.0967167881231035,0.209750181906379,4.48928185416409,0.0995588263899006,0.13425418595669,-0.228630186292585,2.02778215891108,0.449228163294573,0.0958315180810188,-10.0558433904682,0.613394453498347,0.435606414413148,0.446487609429489,0.215194698026139,-0.0405122481513733,-0.0357382894290749,-0.27947514090416,0.142804940243556,0.00869631844066503,0.0806904075224162,0.0503319829459475,0.0686113201118716,0.127607237485244,0.0403972556534812,-0.0517037782733513,-0.168298773063301,0.117227640300176,0.109117444273101,0.0864368308013581,-0.020939343407285,0.0337824710450604,0.114360853783755,0.0601464486052512,-0.113843177375781,0,0,0,0,0.00302499588769434,0.0528765029538286,0.0561715215301395,-0.0529424356349227,-0.371508742395691,-1.1269383381679,-2.56237642950502,2.47020024067836,2.30477434049515,2.19742169901402,2.27460394522168,2.53584832874391,2.71729964762546,2.33561449653685,2.3388998840647,2.53452231105339,3.04739059737905,2.56302470410223,2.21401407398027,2.90945898131575,3.12750593424926,0.159072820645477,-0.535817413800996,-0.56978908428371,-0.53557204052274,-0.534278072709352,-0.487110559542449,-0.484253620551176,-0.463281003795135,-0.467928591536445,-0.448380123951758,-0.471212958316087,-0.429852859020268,-0.355380027542721
100,0,0.0890711922240439,0.193169139858444,4.13439791312345,0.0916885634341772,0.134950815912222,-0.19716525652331,2.05014757150033,0.539504808685172,0.0882775361845357,-9.88064513595668,0.583235767219727,0.375059340254707,0.400536299061343,0.266097997243002,0.0333243142187348,-0.0157632362979186,-0.227387402994077,0.179912286313728,-0.017857023584051,0.0895486922841601,0.103036414597065,0.102230787685902,0.164180199034532,-0.0423033434005829,-0.0598858816239295,-0.139318492656338,0.0640960825081651,0.0293436217973385,-0.0410865185466582,0.0103048982780359,0.0587878733627603,0.142739541214047,0.0506901413801322,-0.0420826058376998,0,0,0,0,0.00319794334648314,0.055439805915249,0.0614219015041921,-0.0420832271418019,-0.356459819024735,-1.09389287171618,-2.50845351485455,2.52500126819715,2.24010615564005,2.17267691085438,2.22611611951024,2.49001793924199,2.71162629538842,2.34936781469459,2.35033385091607,2.40934914323052,3.0896634849614,2.66662415125127,2.21661592470305,2.98233835884637,-3.11848639998318,0.170426184690095,-0.523182621267346,-0.558587328437713,-0.528035254106307,-0.53150141137308,-0.493177885329004,-0.490624009443533,-0.468372862667162,-0.471154872230928,-0.440807495544672,-0.464981245834233,-0.414735237235464,-0.33425625632236
82,0,0.0814255963249844,0.176588097810509,3.77951397208281,0.0838183004784538,0.135647445867753,-0.177471854652131,1.15436429211875,0.599256321873377,0.0821620283086435,-9.87098186416064,0.567179158024987,0.281782483596439,0.31899213472771,0.338862807188463,0.121356405529479,0.0569585345287493,-0.213391912674435,0.16536712099272,-0.0474791369615931,0.016511944003262,0.116526638931346,0.00691158593408753,0.152733841259026,-0.0746641239069909,-0.0259510242672623,-0.208011671805071,0.0436114826509238,0.141244661801681,0.020237102769869,0.0765454834409516,0.0639821912785785,0.132093629531276,-0.0249228002961289,-0.035464342559525,0,0,0,0,0.00337089385504731,0.0580062673014421,0.0667756300355293,-0.0313946317109345,-0.341472856534618,-1.05364293374795,-2.44572089888605,2.58895881217686,2.18367766464987,2.15644695046499,2.17129628125673,2.44172208571763,2.70851027410341,2.3654738299487,2.3693234314437,2.23988856995925,3.1329430612427,2.78510034186124,2.20005647948974,3.06886015783373,-3.10210058840659,0.176897329074614,-0.517110794856308,-0.550039135479503,-0.520101184430426,-0.528977516718211,-0.503702719675101,-0.496308785333643,-0.473977654456417,-0.475434947145908,-0.434043691251689,-0.455659719350438,-0.397516075377631,-0.310949626439811
64.5,0,0.0737800004259248,0.160007055762574,3.42463003104217,0.0759480375227305,0.136344075823284,-0.169780527044064,0.998750823265962,0.604350362039483,0.0804371324611216,-9.81341991077108,0.493853293653963,0.0826760586665918,0.207563586754257,0.319007153437092,0.150168019428269,0.0803928346706397,-0.25637391422176,0.115414729538925,-0.040471060248661,-0.0399407174331176,0.0773741135864619,0.023998526492515,0.182338275072769,0.0132257170439453,0.0919532376977816,-0.191910262228346,0.0536126808457432,0.198564548311149,0.125923091488138,0.106806490988457,0.0993465845153945,0.107821583656344,-0.0576552782188217,-0.0688213825708655,0,0,0,0,0.00354384740312067,0.0596568478845891,0.0704136184138132,-0.0228921504725527,-0.326528352877271,-1.00000272856831,-2.34593661218805,2.66138784182505,2.14177829638561,2.14566930842984,2.10765652961605,2.38339508588111,2.69553862305617,2.37336129982751,2.38879935172534,2.03821361339362,-3.1059405329501,2.8540270698758,2.14901329347818,3.12878356366931,-3.09139096343239,0.177448983743466,-0.518445133171008,-0.542577736148665,-0.514262805316724,-0.52783218492378,-0.512220027651474,-0.501834662397434,-0.479951235990628,-0.478425727325517,-0.427082020181952,-0.444408803467227,-0.379558411537775,-0.290439605853854
127,0,0.0661344045268653,0.143426013714639,3.06974609000153,0.0680777745670071,0.137040705778815,-0.179391472184194,1.89453410264754,0.472667811733081,0.0740568293405841,-9.2750225005741,0.434339770155835,-0.179753887010949,0.0429799819088575,0.204368210739285,0.103703281510941,0.0922250388874856,-0.141453906160115,0.057215572536106,0.0321620791330395,-0.0373140765288643,0.0748697917709921,0.0599530207804537,0.0657195516797019,0.0768176616387746,0.0481158969154128,-0.137780938059179,0.0345509739154758,0.0933503736070124,0.0852344498799293,-0.0214100225887624,0.0469381567001449,0.0960760322016455,-0.0608559620408127,-0.035293565186264,0,0,0,0,0.003716803980436,0.0593313428826166,0.0704799167158352,-0.017638910852288,-0.309378083045278,-0.933249710709128,-2.20377346756235,2.7238875382633,2.10580386492718,2.13787469521589,2.0406597732539,2.31146022411881,2.67426152033408,2.37345449998088,2.40593236777024,1.80914194517741,-3.0524167815717,2.91382905661788,2.07629323917112,-3.0650699705128,-3.06100079112247,0.172914729164816,-0.525553381195646,-0.540299553706925,-0.518763375742719,-0.531105121796822,-0.517633289756687,-0.508547421497775,-0.48614897909008,-0.472637712631029,-0.414799542576841,-0.433050731319647,-0.359660723832148,-0.27091348012857
178.5,0,0.0584888086278057,0.126844971666703,2.71486214896089,0.0602075116112837,0.137737335734346,-0.284898515553089,1.40015490902037,0.424705413521092,0.069725846285774,-9.27416315390328,0.512428803612094,-0.119596889703597,0.118546958596841,0.235182980210033,0.212701776160091,0.250692028334006,-0.0281865924697635,0.0333828255606517,0.145401477197767,-0.0188392232823746,0.103874574455483,-0.049031856025198,-0.0288579634022216,-0.125117700662744,-0.00644338068583327,0.0330152245902011,0.0383277595459579,0.0500259772649564,-0.0293801713761208,-0.0674840356057271,0.0305504810629381,0.0289432072584868,-0.0302781709480121,0.0153432245730374,0,0,0,0,0.003889763576725,0.057944867666815,0.068707257085249,-0.0139880540814408,-0.291658411342313,-0.866089777600029,-2.03878099457593,2.79550598106594,2.08745022637099,2.13672602379815,1.97795552706934,2.23187022890178,2.64996174370813,2.36698299073711,2.41539478667307,1.59965532470547,-3.00245988500555,2.98514412494202,1.98728927018827,-2.97942995331259,-2.98536425244817,0.166148077030512,-0.533280978197258,-0.544818801402628,-0.53219043696454,-0.533329875474389,-0.524124821301827,-0.512652913745613,-0.490584702057329,-0.463497071951148,-0.398509408862262,-0.421687424482276,-0.33907380212883,-0.257300022665605
167.5,0,0.0508432127287461,0.110263929618768,2.35997820792025,0.0523372486555604,0.138433965689878,-0.411161879416097,0.80993544035664,0.432353714141287,0.110719539697869,-9.53898748670534,0.879407127948891,-0.00862746148015899,0.0939087453360243,0.283279008975268,0.124915480921123,0.221079318902269,0.0558040152069643,0.0671185207935822,0.0897479452103006,0.0531050429899345,0.00578376286821142,-0.0849408246293603,0.00126797455598261,-0.196170108913227,0.0273424525787824,-0.0014367370955946,0.0759109873740288,0.0419361451838973,0.0277940743413926,-0.119947530532836,-0.00975396656332993,0.0726111033146706,-0.0263334499888241,0.0112966574154556,0,0,0,0,0.00406272618171828,0.056559665938763,0.0669433309297431,-0.0103841968165726,-0.275434945710701,-0.80945800379332,-1.88160221187128,2.88299019274804,2.08530250782512,2.14461655243375,1.94209920109429,2.14660864105006,2.62392403580771,2.3514575271957,2.42272614362682,1.46827809530362,-2.96890484315451,3.07293066652532,1.91907533710686,-2.90546503468899,-2.85943720541006,0.159033400636475,-0.538241361839299,-0.550922670938386,-0.543602533391148,-0.535647914221544,-0.534993062059796,-0.514099602716794,-0.49410901503291,-0.459211552072642,-0.385029626538068,-0.411644674615089,-0.316446182263032,-0.250010829162747
112,0,0.0431976168296865,0.0936828875708332,2.00509426687961,0.044466985699837,0.139130595645409,-0.476827237608325,1.07271817930923,0.529628243794231,0.198163989462626,-9.5844649822445,1.99835387358631,0.375594610411109,0.00911564530308552,0.0250284093537165,-0.172307937311661,0.050910223892011,0.0102089977691358,-0.069196987174599,-0.130169228072826,0.0114168583227352,-0.00100930503129123,-0.0246029664239323,-0.0365852934360206,-0.219932090565244,-0.0923082329209172,-0.0899145120952633,0.0781939463579282,0.0392240354321139,0.0838333694692984,-0.14191491711779,-0.028265821953928,0.142041670544244,-0.0475552972466834,-0.0229027721323688,0,0,0,0,0.00423569178514528,0.0551757412531706,0.0651880847624048,-0.00709663978525522,-0.261108422089121,-0.763473876555777,-1.74881571959558,2.9600543968205,2.07581941289511,2.14774972639364,1.92284938903216,2.06604354121771,2.60264327190165,2.32528047803854,2.43620728062212,1.39960005155049,-2.94326012858208,-3.10264986045578,1.89456135146888,-2.82688657958665,-2.75801226780251,0.14927758962634,-0.546737513259554,-0.555267313351196,-0.551221202401125,-0.543536748960105,-0.544993326937182,-0.50859077506308,-0.492809104093227,-0.458937982670418,-0.374089166928875,-0.40487211740066,-0.298618433626815,-0.245586121681841
123.5,0,0.035552020930627,0.0771018455228982,1.65021032583897,0.0365967227441137,0.13982722560094,-0.511616524229684,1.20191917976915,0.548179629140919,0.337537923476423,-9.51443703196024,2.63511200709791,0.852725862120741,0.330973830376282,0.0148126300214505,-0.0528218461266496,0.146590763389801,0.0120417499667353,-0.272120606255001,-0.162985944390391,-0.0919508524977062,0.0628156034725554,0.0475655580924924,0.0388727004584993,-0.207492840964104,-0.048580107508627,-0.00970869776053898,0.0278622095719329,0.0256894542920944,0.0340379355232297,-0.106914186266164,-0.0115812582931598,0.130554845699265,-0.0318401943186984,-0.0606213365336694,0,0,0,0,0.00423785387412966,0.0532110931186315,0.0624290258110387,-0.00592913115146439,-0.2486504996658,-0.72066601795346,-1.63087643512654,3.02206091858773,2.04878255678112,2.14007049241464,1.90626002447502,1.99923107009142,2.58840887465919,2.29795095680591,2.44632380054317,1.39396484384112,-2.92266779352033,-2.97843434273275,1.8726889983513,-2.75372033490397,-2.70973546187074,0.132454327782428,-0.569404373429692,-0.562883348614398,-0.560264157342665,-0.555412522251177,-0.549415658240087,-0.498327245545851,-0.484176462113784,-0.453438750705818,-0.360157254272561,-0.398296968058688,-0.283911407083521,-0.244491275136348
191,0,0.0279064250315674,0.0605208034749631,1.29532638479833,0.0287264597883903,0.140523855556471,-0.511616524229684,1.19249507061689,0.428270119916904,0.412191691877795,-9.24108506340855,3.00589855997277,1.008871328156,0.528493193636955,-0.0309493704141053,-0.110625318178063,0.115796935953829,0.0807617905819524,-0.51197885888375,-0.117428462781891,0.0829935924912505,0.0966318503430397,0.0372166264237348,0.157187231563328,-0.192315880485977,-0.111606881327134,0.0865208758196299,0.106531350144592,-0.0353750957466747,-0.0455403298552272,0.00600778898402145,-0.0473781987643235,0.10861282556983,-0.0127636971799542,-0.0883569384416182,0,0,0,0,0.00406488823328723,0.0506519325130325,0.05864742594459,-0.00687313986966899,-0.237947282017526,-0.680861978488455,-1.53131252896314,3.07655114832989,2.02639023818721,2.1389934598709,1.91145086010385,1.95609767890398,2.58060032431502,2.27806693800406,2.45555536644338,1.4504982875676,-2.90374696933345,-2.90871121187615,1.85272136960844,-2.66851222704129,-2.6977683196324,0.111767703301443,-0.599082319743199,-0.574573806045248,-0.570252561286405,-0.566790793666195,-0.555400705122148,-0.49012457695955,-0.47563149086449,-0.444960745344062,-0.349818304588425,-0.389459245677417,-0.267686122495344,-0.245600765994144
138.5,0,0.0202608291325079,0.043939761427028,0.940442443757695,0.0208561968326669,0.141220485512002,-0.511616524229684,1.65351353882069,0.448371035428664,0.417908621860334,-9.59347746661532,3.03098361325962,1.01443057044906,0.403324366539796,-0.197241945883967,-0.21984655488835,0.0123648137688896,0.01081037705454,-0.534159242804128,-0.178298116660141,0.0712236468143455,0.110656180104574,-0.0256398585298741,0.159039366099765,-0.228510902225309,-0.170714643142348,0.0799180644880387,0.119098237472426,-0.0830761275644332,0.0197351889048831,0.0765255827076383,-0.0659603348737838,0.111956549775696,-0.0198790081231998,-0.0315510842960443,0,0,0,0,0.00389192559075017,0.0480959786396506,0.054888414371332,-0.00829776764096502,-0.229237810291486,-0.651197704252694,-1.46506077181573,3.12935127972343,2.01990108909347,2.14592523609911,1.91081167427024,1.93490535147337,2.57165930568729,2.2598995170138,2.46067438040003,1.65047150980861,-2.89076196658726,-2.89406404530919,1.84532967197789,-2.61476159764636,-2.70384672786331,0.0917706547596102,-0.630359800968505,-0.589595235006744,-0.582306422042209,-0.577216315916383,-0.560913074315929,-0.482533503054705,-0.468407859195491,-0.438110375790764,-0.346810529788496,-0.384137093350802,-0.259619609087135,-0.249593633162506
89,0,0.0126152332334483,0.0273587193790929,0.585558502717055,0.0129859338769436,0.141917115467533,-0.511103878968546,1.60855059544193,0.520388007764382,0.503723064351341,-9.81180352243111,2.9407866326208,0.930076707934836,0.223356035866379,-0.311557385952373,-0.164239656444768,0.056366449987677,-0.108448736824712,-0.435250297333018,-0.172015679760296,0.0090171748141517,0.0958296172950146,-0.085375174600566,0.150824818323916,-0.255306740314449,-0.197314184719678,0.123382827517288,0.195377560842158,-0.111278466874539,0.0089969938291546,0.0763286641263981,0.0109318724009638,0.0838538206145973,-0.0268754654166211,-0.00365284456493864,0,0,0,0,0.003718965956789,0.0455432588073777,0.0511488925395741,-0.0101636202393085,-0.222303645564108,-0.629855395478212,-1.42706559169783,-3.10785930349777,2.02765874994352,2.14843376428847,1.89846116894897,1.92453941975951,2.56332211768225,2.23824538957013,2.46248451177456,1.88771047435042,-2.89306780546628,-2.90841044111953,1.83957068149635,-2.6156426395591,-2.73058982748516,0.0709625501069956,-0.670693380292156,-0.612338812175127,-0.595666726046465,-0.594058672961613,-0.568217262311742,-0.477421647114532,-0.456960057494535,-0.427881960344565,-0.347757617948441,-0.386275502819685,-0.258345338441854,-0.25024070019638
92,1,0.00496963733438871,0.0107776773311578,0.230674561676415,0.00511567092122018,0.142613745423065,-0.510591233707408,0.670787929341721,0.661962127633363,0.598504464554127,-9.55779828103713,3.09200287213024,0.883209116093674,0.191433907485259,-0.378690847493327,-0.166619313402162,0.133665908317646,-0.136273713473022,-0.452549513341851,-0.202534376129562,0.169543072038981,0.0666556900937527,-0.213420550889814,0.244912083189122,-0.294653417161308,-0.340662451148817,0.188161401407433,0.313254459285266,-0.0856655662661858,-0.103438611713105,0.0384093223327822,0.127311924520003,0.00416269700197019,0.0192058298158823,-0.0680944801714517,0,0,0,0,0.00354600934167312,0.0429938000874532,0.0474828453345025,-0.0118414619378656,-0.215251048066545,-0.609695054936545,-1.39829926303714,-3.07346372343674,2.04030629800607,2.14463896707163,1.88673562586766,1.90986035513117,2.55372976309461,2.21158682135652,2.46451734261665,2.00999510423749,-2.90758140299516,-3.00571693950334,1.82747668044937,-2.68349745425716,-2.78066481129748,0.0486007969317132,-0.710836331429261,-0.632613758956239,-0.606007524302016,-0.61387472566598,-0.580634844846857,-0.477727755348507,-0.442996117752561,-0.420476140140384,-0.353671395788408,-0.394587129145761,-0.263344599382512,-0.247878432608343
111.5,1,0.0198163490295289,0.0412237862683137,-4.36201117111311,0.140126011548431,0.127339837999585,-0.510591233707408,1.28300236930678,0.622073256142921,0.610096930773895,-9.64791528892086,3.0896106215679,0.983482399269427,0.205378563378809,-0.232356813314634,-0.0871153509070655,0.127899682260392,-0.07121555859367,-0.545799551973305,-0.346891512979216,0.249822351905279,0.0707897013343231,-0.130812516115588,0.300887395294818,-0.241513159556994,-0.328631718722109,0.180601767784764,0.208051284394565,-0.0857306555707083,-0.0530640172302093,-0.00933442634771433,0.0801972614582663,0.0525570606948783,0.096233304557189,-0.161946459847183,0,0,0,0,0.00337305575567084,0.0404476293124281,0.0439037381637437,-0.0126991921305082,-0.206208519860567,-0.584305222633874,-1.36213273173197,-3.04445179857677,2.04710265252063,2.13809599725453,1.85720757509573,1.88812770775281,2.53513456868652,2.18086115008989,2.45690857283861,2.08834342233384,-2.9282179917865,3.12428237494665,1.80835951484062,-2.79866139220189,-2.8400463725736,0.0300042108603105,-0.736307851369477,-0.637685463704224,-0.607180213990686,-0.621370004720978,-0.589180559567676,-0.477573284271787,-0.427493195369338,-0.41631330713357,-0.362525661412005,-0.408188543229735,-0.276904588658383,-0.250687811149483
131,1,0.0764344891138974,0.15900603274921,-16.8249002314363,0.540486044543947,0.0832068893473662,-0.510591233707408,1.82838661038475,0.571991383858008,0.598833264233494,-9.6826688926865,2.96731156515335,0.931199049180998,0.0939316455194021,-0.113398513535585,0.0119685842729994,0.107795507730424,-0.0806140169463439,-0.560481605329105,-0.353805214004383,0.222786358720974,0.111202498328444,-0.113743483163811,0.207132686825216,-0.126513675333376,-0.181252852543044,0.127879587175844,0.15381987197852,-0.0564189952508668,-0.05586511308562,-0.00536494714117755,0.0169841001649427,0.056505536551279,0.0808765134220976,-0.163247872711884,0,0,0,0,0.00320010520904942,0.0379047730751684,0.0402729866117755,-0.0135130912041944,-0.196998180751463,-0.55718128400578,-1.32114142516196,-3.02086020175195,2.04391082576084,2.12169153258734,1.80881503334775,1.88299911778673,2.52036310359029,2.15222704593303,2.44990607740085,2.1494472815953,-2.95527807716394,2.98285280621343,1.79108836364773,-2.92702698547745,-2.93680722176841,0.0124012416381631,-0.751776961190703,-0.630899668306823,-0.598662722981476,-0.620597088714598,-0.596352009029991,-0.47555511531168,-0.414366467508094,-0.409131288012373,-0.373607554202175,-0.424831510293629,-0.291422225648,-0.254432141288699
131,1,0.0757146672128609,0.308609722853249,0,0.225332118354382,0.0957846998696708,-0.50165771911949,1.22585675031616,0.610378644731237,0.60813900272177,-9.52839135197608,3.06396496908703,0.834147611399698,0.0331198363732016,-0.198750178345881,0.0119511944678681,0.102302560801511,-0.128408060140245,-0.59782168166352,-0.30599799187224,0.237158763226889,0.169776043424743,-0.11851360596153,0.151159105448167,-0.122826784777682,-0.134535588333948,0.0941380219341675,0.20923542863539,-0.0536636576122477,-0.0605321480419912,-0.0171388825915584,0.102002469693296,0.0113607584910873,-0.00216239438050903,-0.0890890491754372,0,0,0,0,0.00321250357279176,0.0359037059557577,0.037208656128469,-0.0143519906454404,-0.189341535901316,-0.534440940665393,-1.2849222513076,-2.99900694285928,2.04270550206872,2.10625548415857,1.75259895847128,1.88695260226284,2.51697143725018,2.13024093616142,2.45167467888957,2.19306897989442,-2.99582374295153,2.86241706711898,1.7842158681619,3.1052285062449,-3.06985848332348,-0.0110761515194491,-0.766400206863704,-0.623716666705546,-0.593408122034058,-0.624037966211601,-0.605297402358306,-0.474107964339748,-0.406072028724875,-0.402597306993516,-0.389793110072074,-0.437175409564778,-0.307603248229719,-0.259534190229128
120,0,0.0612238218132703,0.249545661063153,0,0.182206354076031,0.0864718181876356,-0.484320127019339,0.958553062102908,0.604372732523116,0.611580329761546,-9.64929230346384,3.00271148938036,0.90644372216572,0.170589735837814,-0.123634885406073,-0.0129629293587035,0.0804672780049218,-0.104721488980478,-0.511027657958178,-0.223882687084279,0.193560375972955,0.219416902820729,-0.0599673444630979,0.113945685833731,-0.172220568671292,-0.124392322384635,-0.0369720490636785,0.13224163003277,0.0139480760793163,-0.0250351647051542,-0.0603996509038344,0.181784207385229,0.0686784828897443,-0.00447631872113528,-0.0289167092486903,0,0,0,0,0.00341494855648717,0.0344568318381195,0.0346073253945578,-0.0153859025413013,-0.183359861360081,-0.5151118488305,-1.25100070809949,-2.97554762550349,2.05373642840304,2.10813061470756,1.69775617048532,1.89248629751903,2.51459399999522,2.11665086929343,2.45483258910172,2.232672387011,-3.04983899840836,2.7308547973994,1.80565085390226,2.64595318043785,3.03047103186646,-0.0527572182086493,-0.813424298396406,-0.654917881424478,-0.626964948042495,-0.661688968552699,-0.643798534733939,-0.506325926098426,-0.425201432362541,-0.420098045767323,-0.424414980894304,-0.45975405985687,-0.34327162948872,-0.276990022525196
120.5,0,0.0467329764136797,0.190481599273058,0,0.13908058979768,0.0771589365056003,-0.474073795606911,1.18244497363889,0.575707173589386,0.614700833073268,-9.51991555006395,2.85535178713832,0.773978495064976,0.165489519005614,-0.0579739269450122,-0.0337825135136589,0.160326053093742,-0.253221237869837,-0.259286051890836,-0.0818827612602465,0.0957991790645742,0.13961343557225,-0.134985540138269,0.125602328646718,-0.104420996510616,-0.123267600949116,-0.0957942181291249,0.0958446768752158,0.00219609520649074,-0.0245968147110151,-0.0320714618277713,0.140809512749357,0.0432042765064581,0.0264959060028564,-0.0485773571194053,0,0,0,0,0.00361740753260408,0.0330108011044839,0.0315794217470678,-0.0176003629836774,-0.179040762514842,-0.495865770730385,-1.21438903881452,-2.95553692020176,2.07009164612375,2.12138955609783,1.6501983499635,1.91081159403111,2.5102406493353,2.11015829916856,2.45805155033607,2.26673366053403,-3.10919371364665,2.5915906616145,1.86622023765848,2.19566165457739,2.85191625193345,-0.085018123152916,-0.848521643615423,-0.680095802595192,-0.651631578679474,-0.688969552336899,-0.675683800586587,-0.540483906697961,-0.446157801808414,-0.440387301912381,-0.458900905151168,-0.482496848483869,-0.383937703547713,-0.294159958035414
131,0,0.0322421310140891,0.131417537482962,0,0.0959548255193299,0.067846054823565,-0.466595879341566,1.5177032023317,0.510217809149504,0.612867853091054,-9.28146357951036,2.90656834147581,0.623142199817607,0.0511661143849329,-0.265308958486915,-0.0529343490242274,0.161437198242583,-0.417607231428543,-0.210736616084611,0.0176121663838133,0.113156448690299,0.0969267057113676,-0.179853103375056,0.153459840776375,-0.0445354349514707,-0.166371089700052,0.00922518315348084,0.162947127931791,-0.113641027101818,0.0455271203933614,-0.000542067155149623,0.0899725317299425,0.0408529403508042,-0.0508931355774903,-0.105923117972735,0,0,0,0,0.00381988048599405,0.0315656190596505,0.0280387929342478,-0.0210836423858158,-0.176899206758058,-0.481886214406455,-1.18166780587657,-2.94486364147739,2.08332899636472,2.12775472959181,1.61305951669711,1.93186387389277,2.51199597665232,2.10351833418389,2.46291383937544,2.29484381608242,3.09524574012653,2.46849370778389,1.93308840043247,1.91242206117919,2.73421492608641,-0.0882408040229023,-0.839911793496678,-0.666337724954456,-0.63810827700743,-0.676189221193714,-0.666742339306775,-0.538726514264019,-0.441273121313135,-0.44074505990577,-0.47102384843843,-0.488246827857099,-0.41114703380067,-0.296694835637682
107,0,0.0177512856144985,0.0723534756928669,0,0.0528290612409794,0.0585331731415298,-0.461978909336483,2.17207712190844,0.501787132368998,0.619497210524739,-9.48499104747714,2.85345356400396,0.616197791314374,0.0957831985352565,-0.282323989577788,-0.0858956477850219,0.0849506311830376,-0.416487828501627,-0.22682560531856,0.0560337175355965,0.161897618370609,0.0851288132658525,-0.162936031278644,0.0236866509559213,-0.0421666658521952,-0.112654344708249,-0.0039954825821065,0.0985063007091565,-0.0700248479053157,0.119232808689878,-0.0186996709876705,0.0994360805686983,0.066994208358746,-0.143970663916684,-0.0649117590928587,0,0,0,0,0.00402236740150195,0.0301212909880138,0.0238842668812857,-0.0259499787004546,-0.177472035815359,-0.474379336435743,-1.15225399064135,-2.94458389907769,2.08974665492969,2.11942676097067,1.59383709095614,1.95752924091629,2.52057415070192,2.1006507809558,2.46921662082691,2.31240405316415,3.00982970694514,2.38865422430443,1.99223025707456,1.73240358608514,2.64475264762299,-0.0903332730512636,-0.829620217873946,-0.654948340516632,-0.63159456121873,-0.67024048306012,-0.65845156312813,-0.537313201392352,-0.441931230767308,-0.445548780413381,-0.475508869549364,-0.482959509921322,-0.428364731418076,-0.296130395443765
84,1,0.00326044021490789,0.0132894139027715,0,0.00970329696262888,0.0492202914594945,-0.45839232217649,1.7481369245104,0.689895732470337,0.632443276954196,-9.45158679163418,2.8692935938117,0.515691207034033,0.14801102446307,-0.208575439974776,-0.12830863686605,0.0899506188455967,-0.499085179710372,-0.137861140515432,0.0885748772894494,0.152734244890564,0.0545971612085117,-0.139147565343937,-0.111216518321899,0.0539126725981978,-0.072018741522522,-0.0882896877679299,0.0108825078347099,0.0303909358747808,0.192173367906893,-0.0332220935002265,0.109223731438913,0.0460449304488501,-0.164210818580387,-0.00277365247303062,0,0,0,0,0.00422486826396602,0.0286778221534729,0.0197123707623448,-0.0308968133806983,-0.178578364115981,-0.469009663351663,-1.12776886179922,-2.94848698293855,2.10002728569559,2.1143578072971,1.59266364309371,1.99452215618288,2.52685050125084,2.10787247032941,2.48137679708041,2.33179835117533,2.94435454523798,2.37267675334604,2.0594111657471,1.63652456839513,2.56888078364574,-0.0950422825151542,-0.813137112103109,-0.642834103888358,-0.629820671195297,-0.667649942380913,-0.654400895881228,-0.538678855849098,-0.448602279858222,-0.456347736074843,-0.473450202208313,-0.465267739269751,-0.434968659179638,-0.299124930146345
84,1,0.0616465439312668,0.3131,-2.01437525761737,0.162544826224434,0.078318661971831,-0.453787042656432,0.949113908993953,0.766598649746249,0.636901857439357,-9.25536132138622,2.98961559052535,0.438696931962031,0.225580657534076,-0.184821926697852,-0.176659111227223,0.0605073230573086,-0.598791527336646,-0.0755552016778079,0.12349689228164,0.0646134832293545,0.179515829987648,-0.25232389597897,-0.103638283919356,0.268367226847897,-0.164260534992212,-0.174134992135989,-0.00614081347526743,0.08515176201882,0.232611072054062,-0.0756753690560112,0.0950466593682739,0.0762318376845492,-0.134160939458613,0.002534060203364,0,0,0,0,0.00442738305821784,0.0272352177993439,0.0153068424479827,-0.0364741171546724,-0.180478444025779,-0.463145607516509,-1.10003869256799,-2.94343709017003,2.1137789499974,2.11653682999969,1.58955304510261,2.03307213499922,2.53012473290678,2.11205583128445,2.49635716115237,2.35771332274037,2.88611906207239,2.39303697319993,2.11721681118926,1.61857283415574,2.50311069952819,-0.0982520794686664,-0.799827246667543,-0.638451236598353,-0.633870866874799,-0.66902659288644,-0.65361793977215,-0.537731791582456,-0.458059025842844,-0.467935308663942,-0.466488370174672,-0.445152260488592,-0.43549764166059,-0.297859767689877
83.5,1,0.0930042262135551,0.487241738343142,-3.4648419592934,0.267261002362131,0.11363060208239,-0.438549522616751,0.995380008718277,0.664427875923592,0.617851154884223,-9.391628736452,2.97352522298052,0.444791555891012,0.374693436579076,-0.0448921620642654,-0.213246659820304,-0.021684898823224,-0.635078820554491,-0.00841079068759208,0.160689036168056,-0.0407207599269765,0.297944661116919,-0.444623493189033,-0.0475182281700199,0.384869679094473,-0.297665838138799,-0.237918270361969,0.00576025120838032,0.123267631974838,0.19491376873785,-0.15341741631477,0.117551257492153,0.0777666584488884,-0.0784154202274955,-0.00609320505803265,0,0,0,0,0.00462991176908228,0.025793483148272,0.0107305463565484,-0.0422939735081233,-0.181695841305393,-0.451422079232713,-1.05465854119162,-2.92984701410452,2.1151549192882,2.11203685349094,1.57559507589105,2.05906906533438,2.53017353798923,2.09918006476551,2.51214051434436,2.37321448032119,2.83549348836578,2.40289945548917,2.14423878505516,1.63112653948678,2.45193153298877,-0.0964436822454752,-0.791716107641869,-0.639089762206379,-0.639812262645792,-0.680529399118347,-0.653969734858843,-0.535243776708493,-0.47052953625489,-0.476207406239985,-0.460130381517599,-0.422691128243007,-0.433210028864794,-0.293514228874694
83,1,0.0826302536415896,0.455362370090961,-3.9294156666697,0.274364467949973,0.141867488596237,-0.42331200257707,0.999162101890793,0.60840827090042,0.601046038376618,-9.50997557849399,2.88174324409777,0.512429630259456,0.557371542452812,-0.0411793274116001,-0.209477306033663,-0.087525762204859,-0.742856045001721,0.110687865051874,0.156726629035295,-0.108086615493939,0.363434983296868,-0.533918304415693,-0.0121600703947047,0.345298070838593,-0.366208166986213,-0.231635955258906,0.059665897249798,0.172341760616239,0.114968419996183,-0.201080723077716,0.171255540650282,0.0738595063364982,-0.0115080762482955,-0.0615692681998792,0,0,0,0,0.00483245438137763,0.0243526234021448,0.00704120195574989,-0.0460401125030521,-0.17929947046474,-0.43347532245725,-0.994166921276796,-2.90528724590846,2.11135385585552,2.09903214774857,1.54241616440565,2.06883476771492,2.52905152452857,2.06863328894242,2.52721315334863,2.38078299963284,2.79768335432233,2.39718082827461,2.1577038620785,1.61738520045227,2.41259771631726,-0.0900473542200554,-0.786155895189223,-0.643173699894631,-0.647568076491332,-0.696631973315017,-0.650939917649086,-0.534101611019561,-0.482050984340102,-0.482352969458819,-0.453693799910908,-0.395000852406477,-0.433639868994428,-0.294687776758371
82.5,1,0.103553955283609,0.456130746176128,-5.29045282363605,0.237922142147496,0.124087731667936,-0.426650658098803,1.20449744190045,0.52483887538589,0.575207189646151,-9.56719594845708,2.75380513988209,0.607655221007428,0.802074762990822,-0.139405594982464,-0.295786026167386,-0.132672027667727,-0.80519868243466,0.232250007612503,0.0181388812807709,-0.210551931895955,0.391202961615452,-0.514193092923418,0.0556328424339816,0.350265016648666,-0.297041039989141,-0.20448014536549,0.0873378725889518,0.156430585297609,0.0302023855434629,-0.176788513714813,0.155148155682818,0.11680526136669,0.0167321168615356,-0.118657452416366,0,0,0,0,0.00503501087991542,0.0229126437420083,0.00427654803842928,-0.0476463796192101,-0.173482181202107,-0.410897748109933,-0.924642092559567,-2.86902744187648,2.10700852867608,2.08044973717096,1.48777942974492,2.07669440383703,2.52922646918869,2.02871003522147,2.53990267448326,2.38666915273656,2.7697360804604,2.37431913800756,2.17917302075634,1.5685399259571,2.38160855193377,-0.0777172694499645,-0.782651428849885,-0.652893239294796,-0.657448013744075,-0.710100570368761,-0.650555196193466,-0.538353550173354,-0.491818926311686,-0.484790813098054,-0.441796161516681,-0.37035538059397,-0.438601538194085,-0.296079462770561
82,1,0.0966931180345715,0.424846310304637,-4.94334090988731,0.221174939229613,0.12155680339097,-0.433016241246649,1.99973836424438,0.558565398696313,0.471539767855362,-9.88296745692785,2.63116619759656,0.830524471601112,0.861068012116882,-0.140696419453814,-0.32481154625248,-0.189656148124576,-0.62636823193359,0.27028953900483,-0.13810525454051,-0.241552045113335,0.282463292709789,-0.431858950489808,0.0318570090486867,0.298523086988032,-0.196755748585592,-0.103948077100495,0.0861091785082386,0.0864596347405503,-0.0188570762478477,-0.0768873393920109,0.125291449604949,0.103047797373143,-0.0620530985031981,-0.0839074601143761,0,0,0,0,0.00523758124950063,0.0214735493279815,0.00258664842232117,-0.0469145620544615,-0.16435656648129,-0.385166577956545,-0.849898789383801,-2.81898272600254,2.09763609174067,2.05824557350367,1.4281410526826,2.09241975061645,2.52892340401301,1.98034884960531,2.55305807756959,2.39645035284853,2.74953303412778,2.35282780199589,2.21028878000721,1.50975090502741,2.35621562853729,-0.0632972684628233,-0.784026410929606,-0.665268049462522,-0.668038753162011,-0.723438561432103,-0.659971304420756,-0.543657255815568,-0.502592286842402,-0.482538637459831,-0.423739136029537,-0.350672064407782,-0.43818388309682,-0.295005001522609
127.5,0,0.0894805777615964,0.393156142636226,-4.57460685600295,0.2046770416647,0.119121779696716,-0.462386295249351,1.70627760740763,0.449552777082977,0.399693761212634,-10.0468310143852,2.71668743512103,1.15810017444982,0.757219011828706,-0.0116909547975647,-0.137503597805539,-0.130132415101673,-0.341234010522995,0.152543502293109,-0.207786903600468,-0.116825408027211,0.187072244562119,-0.343720746018523,-0.0791167972146486,0.229866310447495,-0.108572934634932,-0.0582603662228408,0.0637876045153732,-0.00262801995438689,-0.00435956747558637,0.00233704698934076,0.110836237985903,0.00410205684999258,-0.124689267134557,-0.00949364015665291,0,0,0,0,0.00544016547493159,0.0200353452991748,0.00139904105251003,-0.0454092951896429,-0.155181190019576,-0.362640165806915,-0.783209346468094,-2.74566799387918,2.09371577993828,2.04018399637231,1.37718440271234,2.11213281807371,2.52698246553824,1.9286594883213,2.56460776790668,2.4056391465785,2.73320733069846,2.34117979233194,2.24499853369407,1.45124606788293,2.34272794508323,-0.0550081083273309,-0.793606358972461,-0.681760354192992,-0.681673329796633,-0.738851603927998,-0.671953686086309,-0.546428625071476,-0.513423192298053,-0.473336532149388,-0.401962606050637,-0.328471790108766,-0.423367257452979,-0.292902382725466
173,0,0.0822680374886214,0.361465974967815,-4.20587280211858,0.188179144099788,0.116686756002463,-0.524394045266464,0.812861463718361,0.314924975841479,0.403384503643391,-9.95556147148513,2.85745340984936,1.34913811253788,0.824167166810275,0.0886744235471067,0.0391146733186574,0.00678697856078202,-0.147478019818211,-7.16801615720034e-05,-0.16228344704135,-0.0540123834250581,0.109207613939933,-0.224565363104752,-0.0197244827851724,0.274204819336424,-0.0405568001873,-0.0944234727780818,0.0425695436285244,-0.0831371374663894,0.0357175041464754,-0.0384505921770999,0.146260566012088,-0.0143427321298249,-0.139505025681378,-0.00545983361379779,0,0,0,0,0.005642763541,0.0185980367736075,7.37250253760587e-05,-0.0441184082166797,-0.147078044324357,-0.345005627099632,-0.728899168278682,-2.66467750190772,2.08924814717299,2.02482776775698,1.33941465960765,2.13429516797794,2.52096864908524,1.8864679715273,2.57323083296151,2.40775554539336,2.71942411927663,2.33931715483184,2.26989478292681,1.39207509926677,2.33169740676192,-0.0535345776822378,-0.805921768410605,-0.704184755517573,-0.694409965599267,-0.752778804955613,-0.680942406747942,-0.552773065327078,-0.521546813493055,-0.456776539371337,-0.385189988008654,-0.306538050565771,-0.401561955434484,-0.292629204879376
173,0,0.0750554972156464,0.329775807299403,-3.83713874823421,0.171681246534875,0.114251732308209,-0.531888784439082,0.982564759801168,0.417386885843462,0.405101921400009,-10.2205100473642,2.79165986062414,1.49560890778614,0.893901334004157,0.192670395574415,0.0862142365875816,0.048540754290914,-0.0527965591678624,-0.0532501468260838,-0.184048250563576,-0.173339091113965,-0.00537344212052967,-0.15285358899276,0.064038154237573,0.28260031688226,-0.00846550734910554,-0.0903670106924661,0.0294761917890906,-0.0210739012552395,-0.00618370693620609,-0.104563320642582,0.11553128667822,0.068481161420251,-0.0954430104293407,-0.0705748576186455,0,0,0,0,0.00584537543249091,0.017610974056661,-0.000465086667301115,-0.0419135321411206,-0.138813856683944,-0.328617515580157,-0.681724250910228,-2.59117737722778,2.08401292877132,2.00749881259342,1.31811256459751,2.15228273370107,2.51949688689489,1.84783838205346,2.57778579418727,2.40486560538252,2.70717180754379,2.33508448450818,2.30052643107934,1.34950823553888,2.3164802219068,-0.0519758921581444,-0.820331928684797,-0.732017522350765,-0.708278260162856,-0.766398973878875,-0.689910939749174,-0.561684338778153,-0.524550074229819,-0.435710976445878,-0.375332492557338,-0.292853695286259,-0.380667420638317,-0.290498892612537
173,0,0.0678429569426714,0.298085639630992,-3.46840469434984,0.155183348969962,0.111816708613956,-0.395386935510403,1.41164582359754,0.327252114042425,0.429611083499827,-10.2730117110533,2.53799871197828,1.401093562286,0.903070123653133,0.16544958543212,-0.0582135072894042,0.0203073036559245,-0.0692182554061217,-0.00326874624125293,-0.0769573777755865,-0.15297244375036,0.0340546945745206,-0.161714027479056,0.0321631183057768,0.140282150532938,-0.0267769373818746,-0.0983650445135354,0.017381323383345,0.0955078177866157,0.0393751879851169,-0.113501001378993,-0.0294611251239173,0.085390741843549,0.0112965425460083,-0.067707769355902,0,0,0,0,0.00604800113418279,0.0175909401395428,0.000324236535552421,-0.0390140882581125,-0.131764261229033,-0.313259479084298,-0.639258998193434,-2.53047949167729,2.07827207065429,1.9903096216271,1.29630928152349,2.16355164089428,2.52341177675239,1.8028693220919,2.58100213755857,2.39848970693584,2.68462663212831,2.32110827979365,2.33925316717351,1.32133840801406,2.30814224508068,-0.0500018953228524,-0.840657801413555,-0.761096100567627,-0.728395174324143,-0.780130209989536,-0.697629641466791,-0.570226131748022,-0.525164217876856,-0.416515989939911,-0.3717883252406,-0.283746308403664,-0.363350425282476,-0.283098866553613
172.5,0,0.0606304166696963,0.266395471962581,-3.09967064046547,0.138685451405049,0.109381684919702,-0.281952541608107,1.06437431266077,0.3935987557185,0.453897721525158,-9.59655227545677,1.97486836842186,0.667602159314324,1.00077458605789,-0.0915752460167674,-0.0589189113407337,0.0831006965164051,-0.111135011603554,0.0770746379776434,0.0640789656426014,-0.0361025039036942,0.00364173745204633,-0.153638928793717,0.0834756218913644,-0.026387369215763,-0.0423750944781902,-0.0231903837118045,-0.00502345468016973,0.0173462803747714,0.0929322456907109,-0.0651313854654065,-0.0125935762211172,0.00619590225391945,0.0366924826283035,-0.0438961961464012,0,0,0,0,0.00625064063084751,0.0180897074687571,0.00180475666378531,-0.0357690625436379,-0.125306590147321,-0.298376619172948,-0.596841538207793,-2.48985072796122,2.0583510606707,1.97138708715883,1.26596720761211,2.1789413157852,2.52340532719619,1.75389047358261,2.58721640912589,2.39190319730508,2.65600634415148,2.30809265963916,2.36767180399386,1.29576269889834,2.30503315237812,-0.0525800796014987,-0.863376571561512,-0.785676387594911,-0.750108257471405,-0.789570648218837,-0.702925466859104,-0.580346924514482,-0.525194903949267,-0.404653777483208,-0.373256577628017,-0.273716908280122,-0.350820191997143,-0.279392595595008
161,0,0.0534178763967213,0.23470530429417,-2.7309365865811,0.122187553840136,0.106946661225449,-0.282165959831593,0.624968143567722,0.508741130488961,0.450615504577727,-8.8411060726898,1.63095549235015,0.281840712577855,1.2749078880051,-0.144484151157272,0.081845607316107,0.129666993624265,-0.0786667633559707,0.0691664570256458,-0.10680896923693,0.0381938898300023,-0.102225019070436,-0.0696524545886257,0.132403103216691,-0.0977537756491769,0.0173193864288831,-0.0404343970531351,-0.0215731503098154,0.0440013724407423,0.0674050071386243,-0.108263927522516,0.0266065158541736,0.0532185523147044,-0.0235071031358068,-0.0478544277489354,0,0,0,0,0.00645329390725032,0.0185887672029774,0.00344295402946472,-0.0321401717735505,-0.11826768804976,-0.283120320983671,-0.555699341066426,-2.45779527156248,2.0363484851177,1.94867395622083,1.23282415123359,2.19429076991951,2.5168521443351,1.69767810004399,2.58770104875665,2.38342825473883,2.63177570939204,2.28942584113142,2.38042130535509,1.2657322440574,2.29161353032243,-0.0260438451803647,-0.819561055651142,-0.749041617749737,-0.707840545230052,-0.733973520918647,-0.653995795765438,-0.542920298559555,-0.482313351302684,-0.363788594570139,-0.344414166404943,-0.247270353147175,-0.327306076156828,-0.270455011207181
158,0,0.0462053361237463,0.203015136625759,-2.36220253269674,0.105689656275223,0.104511637531195,-0.296493042778814,0.697057697526334,0.451197072078981,0.440408468071274,-9.1574892584363,1.69939715783719,0.704715883491631,1.36543665687558,-0.16633000306772,0.0294445838024294,0.070103097217412,-0.235999175108176,-0.0648151870476963,-0.143332428522143,0.0623323212691014,-0.0980545304246218,-0.0033113327016333,0.156436454737653,-0.110019302180149,0.0674247393498837,-0.0683791369709985,-0.0636339644004334,0.0798663132311625,0.0772833756758239,-0.0861314297238678,-0.0578903344268804,0.121760268229152,-0.0964122706171768,0.0365739173817124,0,0,0,0,0.00665596094814979,0.0190881193506039,0.00508271483361313,-0.0285150333203361,-0.111351285065485,-0.268735667530185,-0.519567027213256,-2.40654534087411,2.02450323272993,1.928106539715,1.19573597356118,2.20066504132871,2.5053891985445,1.63206524857332,2.58079732705933,2.37320387141287,2.60998770089423,2.26935907359861,2.36942223013502,1.22848005712743,2.27625398356696,0.00971379634440033,-0.758324364280094,-0.706348337389806,-0.650008868107502,-0.665269300349342,-0.595679069466849,-0.495530503099066,-0.43173530740148,-0.32329988004951,-0.312353969800824,-0.225767197803948,-0.301934656669796,-0.25661206952921
166.5,0,0.0389927958507712,0.171324968957348,-1.99346847881237,0.0891917587103103,0.102076613836941,-0.348988940685806,1.28012407331094,0.476448135591151,0.436861598115927,-9.29266858689905,1.53186478469053,1.0812678901476,1.42445142892959,-0.21154435715569,-0.044994239122151,0.101267369954154,-0.340690057262633,-0.0289766920291481,-0.130267001408325,-0.00706516546366843,-0.0495731976323942,-0.00171872424949331,0.166939884392029,-0.159236780381353,0.19785253627623,-0.124027076244134,-0.065250653483097,0.136678629614535,0.0349069087377791,-0.0491329755061779,-0.0749878880790825,0.0990520833325712,-0.121737913654851,0.0791532593386988,0,0,0,0,0.00694410698339074,0.0198755204964319,0.00720238656810105,-0.0242403818212953,-0.104751750169448,-0.256665505944185,-0.490167163618206,-2.2749722277674,2.02526058420705,1.91652887052324,1.15797561536867,2.19769985157973,2.486693508599,1.57399515953428,2.57183997290314,2.35993947288391,2.58437827905325,2.25375715159799,2.34267735664021,1.19489995566804,2.26177533502662,0.0123202293902884,-0.757697388409541,-0.720645777340857,-0.647293372887705,-0.651130461159146,-0.585395368493658,-0.490757205062628,-0.420093753061968,-0.323331496785715,-0.309431896710268,-0.225785458994732,-0.281241113450187,-0.243021095426456
167.5,1,0.0317802555777962,0.139634801288937,-1.624734424928,0.0726938611453974,0.0996415901426879,-0.392473603310587,2.17440298887526,0.466185440552338,0.45861421605274,-9.12393225911408,1.72577247279695,1.22779373818214,1.59595835944995,-0.326310804165619,-0.19035239170729,0.067289078352841,-0.225913295932319,0.290127667842797,-0.144368374516855,-0.0637701618489413,-0.0281149634222613,-0.0771568564148911,0.124732063754389,-0.114149557235794,0.25192537642953,-0.18810694892396,-0.139865105965506,0.216625859240145,-0.0344221360379362,-0.0731680949471953,-0.0120187939738796,0.161484433942395,-0.122356833135694,-0.0477707090104583,0,0,0,0,0.00731990447109746,0.0209585267942874,0.00981530969156711,-0.0192972569998096,-0.0981612915079037,-0.245782801608124,-0.466167984779848,-2.0107402962458,2.03889475927525,1.90879780642436,1.11809342972372,2.18881196035643,2.45959940745983,1.53325011010815,2.55267540753512,2.34232148531768,2.54685399527689,2.23371334861247,2.31506934109858,1.16219462511789,2.23938071744813,0.010993800303545,-0.75216817640474,-0.726580832774179,-0.642031133512302,-0.634219105115018,-0.570069951778669,-0.489406065811233,-0.413669246432794,-0.334466968292524,-0.3157896729999,-0.232522066170976,-0.2672442764117,-0.233947732943363
170.5,1,0.0245677153048212,0.107944633620525,-1.25600037104363,0.0561959635804845,0.0972065664484343,-0.391749439214897,2.4950778620766,0.554229004384448,0.519287621835728,-9.32433608613223,1.65847628529999,1.18956267018318,1.62063733385659,-0.410706161051747,-0.177857263221488,0.121918334898209,-0.230543774749449,0.325208460729019,-0.244433658174027,-0.131741516302262,0.0305681205711385,-0.0823271783168356,0.0603881886362147,0.0375637887878556,0.201887227407711,-0.249099468342499,-0.142956912397568,0.245902563305129,-0.0866400633831159,0.028663687526831,-0.101427392479684,0.202507954451677,-0.142203846740706,-0.0347802478287818,0,0,0,0,0.00793751395367691,0.0226311027180782,0.0132310740022343,-0.0135387929014875,-0.0909398192252502,-0.23459869320083,-0.444472809210922,-1.56535558586843,2.05909286044782,1.90545398637943,1.08693900044351,2.18184494133288,2.43342627318596,1.49940832482863,2.52751570205558,2.32390097168368,2.49705607575553,2.20786550180102,2.28757819770292,1.13259987788655,2.22035654766402,0.0153014594115945,-0.727564084578345,-0.715768826491424,-0.629202844970411,-0.613117322027436,-0.550417748814904,-0.490329011539787,-0.408614320106253,-0.350785196757214,-0.330148487784561,-0.249013930645327,-0.274032203559035,-0.238095779538194
174,0,0.0173551750318462,0.0762544659521144,-0.887266317159262,0.0396980660155716,0.0947715427541808,-0.391025275119208,2.49607868038598,0.493395163046734,0.56271719734502,-9.32688330725079,1.76976912696807,1.26034861407786,1.52462122330387,-0.510427737082475,-0.282676421979082,0.175149718144912,-0.25225017560506,0.278723461665635,-0.229255861637648,-0.0125400950460278,0.0826879575800522,-0.113877608289183,-0.0230405636690943,0.0513775293133937,0.189744040667666,-0.171208069178144,-0.153932907595435,0.28939743705383,-0.167770142782564,0.0444555203352395,-0.125912365231768,0.266558472251585,-0.188522650031413,-0.0204759045363748,0,0,0,0,0.00880313825694242,0.0249096971734875,0.0174777124961758,-0.00692578968803004,-0.0833248541555334,-0.2239070571279,-0.424852162603717,-1.01456194310948,2.07965353472713,1.91245199189263,1.06023931084805,2.17885676569536,2.40896065885551,1.46423049950404,2.49748053981707,2.30290735534341,2.4496816992972,2.18593924567273,2.25947493581441,1.09779311026239,2.20973225549123,0.0196323193558169,-0.698271114433453,-0.696354183437593,-0.623816823101005,-0.597671990436421,-0.536315540426484,-0.490364337970383,-0.400813880375356,-0.364919058272771,-0.343633697910974,-0.268107980620914,-0.284231164238424,-0.243802712852441
156.5,0,0.0101426347588711,0.0445642982837032,-0.518532263274893,0.0232001684506587,0.0923365190599272,-0.395782793538804,1.78756866818198,0.473413609343341,0.565346983386323,-9.46577828081298,1.92236512664161,1.25297613407654,1.46995349162804,-0.0952516558622283,-0.161109463920154,0.272267398165189,-0.349904378701831,0.205937022038269,-0.151489351114131,-0.233754117908319,0.241709080916328,-0.18092240852077,-0.0785979605441824,0.119245572116718,0.161109045986321,-0.148418452326162,-0.0913750631761763,0.248516498372624,-0.170007394975505,-0.00461731525631096,-0.0329531545377399,0.202160984038184,-0.183349603095699,-0.02652338249241,0,0,0,0,0.00966895916836591,0.0271922545503057,0.0217162296755233,-0.000550254297437368,-0.0763632214966467,-0.214586712740793,-0.407707531347153,-0.505133780211609,2.09542911920864,1.92101764856002,1.03239697908342,2.186692175057,2.38925380118179,1.43746140619984,2.45943263555978,2.28117599162138,2.41102084525319,2.17683665099887,2.23989845951938,1.05232228695607,2.20171067578164,0.0190586022819201,-0.672537758335377,-0.67494590933494,-0.620658434917878,-0.583460752709335,-0.524735690185838,-0.488577529844086,-0.394130727649076,-0.37796426774756,-0.355278899023923,-0.284273487142557,-0.29382088742068,-0.249691016354855
138,1,0.0029300944858961,0.012874130615292,-0.149798209390525,0.00670227088574585,0.0899014953656736,-0.391683270966341,0.691490004085468,0.516060247040234,0.550071382560725,-9.16990437982644,2.14685282829535,1.07927405634878,1.28621296210052,-0.28720243481844,-0.512323975662027,0.135173433500573,-0.636525236760116,0.286547743847523,0.0302040893897831,-0.32443991441517,0.380743861163636,-0.302569884581145,-0.12823560684783,0.350793255805435,0.0359902991643461,-0.12806389460601,-0.11719963169771,0.258638455643127,-0.137056238864676,-0.0774264623175747,0.0820092251410411,0.0825063680216637,-0.100874176553178,-0.110253484827569,0,0,0,0,0.0105349754563802,0.0294787613495037,0.0259105706331142,0.00523363731313785,-0.0708534057053857,-0.208993378875074,-0.396596845235747,-0.18302078888475,2.11007775512815,1.92841155909123,1.01036851301292,2.20520541032907,2.38009288345264,1.43822839170516,2.42783736940638,2.25955181268083,2.3773980793968,2.17273631007682,2.22965597528864,1.01455624915837,2.19534124351904,0.0205934435692891,-0.647957178245619,-0.659293358174841,-0.61588453382628,-0.569013637426806,-0.513398223269335,-0.493001300622216,-0.392565917204879,-0.388500625791141,-0.359962975896289,-0.296804726145668,-0.305233099315283,-0.25952778110164
96.5,1,0,0,0,0,0.0884720095905105,-0.383209141005184,1.07006329204634,0.444640152064813,0.588927045648043,-9.59518588412141,2.05377360613451,1.16643571103353,1.25633382187652,-0.14414075693891,-0.717769100304454,0.183682734159617,-0.577975608614531,0.28119218939003,0.178837065950041,-0.355666213943634,0.341551857885599,-0.312082230631962,-0.123965812791963,0.343381305112594,-0.106880298487717,-0.0298361832372301,-0.169535575974091,0.139435504097558,-0.0101892507087207,-0.094621835777276,0.0860504452407401,0.0341721225717945,-0.113106670744025,-0.123556347388272,0,0,0,0,0.0114011858876902,0.0317692038601172,0.0300867917069288,0.0106938994782424,-0.0660027986219259,-0.205685213356976,-0.392415794869692,-0.0471087464636808,2.13475333672271,1.94806247052925,0.992693166462248,2.22169041184217,2.3689997034273,1.45807499328414,2.40623330786039,2.24361104520153,2.35203547775839,2.1721200865169,2.23263239537513,0.986621129136953,2.19016774368693,0.0281187475209686,-0.621815287592378,-0.64788724054069,-0.610850466408193,-0.560493361992303,-0.508755850669709,-0.504063008508598,-0.392889487314164,-0.39192355643584,-0.35884909903301,-0.309181314414014,-0.315195467506839,-0.267472510617275
110,0,0,0,0,0,0.0877128824280743,-0.383592052036086,1.11924465478236,0.473992736599377,0.622504872283678,-9.64226608857338,2.25087312474253,1.02367441646432,1.0508559288257,-0.0777264053144232,-0.747807157204033,0.298893600807501,-0.66528907154229,0.0918535345021506,0.150915415565415,-0.579279458704825,0.3347194076338,-0.263660370697228,-0.229467868164826,0.434507256968248,-0.285571624605668,-0.0193907806189459,-0.0525297702472279,0.0253582359956765,0.0836390936088892,-0.0959165140134712,0.0247253161139823,0.0774147659091997,-0.213599060468551,-0.0926826195084707,0,0,0,0,0.0118960274055507,0.0329833480354864,0.0326994605817888,0.0144419683333948,-0.0620527987272903,-0.201636667205084,-0.390397345210065,0.056160071106005,2.16211929932045,1.96757127667282,0.977903327974666,2.2402253398624,2.35117559615294,1.47219470496954,2.37527795639198,2.22859806642563,2.32761730297782,2.16910375967458,2.23643460310547,0.961060316360062,2.18343242128993,0.0267543864300474,-0.604890597999764,-0.636268588438103,-0.605127045881802,-0.560899336427569,-0.513948445554226,-0.516178831628555,-0.395300592703342,-0.393813548104837,-0.358822618736216,-0.315583478270042,-0.320184409228887,-0.268249364749894
148,0,0,0,0,0,0.0869537552656381,-0.384205808616181,0.65315631117418,0.551545907135703,0.606062517512147,-9.40343122333389,2.39305265696053,1.12679358023022,0.922477590203464,0.0946003054971106,-0.743477022571411,0.451126655022955,-0.4318253980927,0.00978958399820954,0.29526789599153,-0.56994630992795,0.441990831999441,-0.153480035143451,-0.205622033783087,0.568258801362849,-0.296479362965093,-0.0219291072152298,-0.0463047813604948,-0.0500066836814794,0.176243336019167,-0.13789533024693,0.125189586599,0.0823679901986317,-0.250659286250061,0.0420427786426884,0,0,0,0,0.0120100012502732,0.0330919172282762,0.0337003728936982,0.0164179756303609,-0.0595181391504137,-0.199024273596862,-0.393441077933302,0.122825416351973,2.17847114837825,1.96668214668047,0.975197631040876,2.25774695099175,2.3283498843149,1.47313684571035,2.34118810119675,2.20175536750425,2.30194131660658,2.16297754660942,2.23860496280527,0.946488441528672,2.1759795553921,0.0128252849242057,-0.600883434660864,-0.623045499093691,-0.601600522073456,-0.564382082590342,-0.521356766386193,-0.532806983918368,-0.404676493963074,-0.393438123708085,-0.355995314855792,-0.313147592941718,-0.319358987000494,-0.26600553364738
131,0,0,0,0,0,0.0861946281032019,-0.401054249070225,1.30465714086129,0.576968639124422,0.591621881929178,-9.25617122898328,2.55736363538684,1.13633358772154,0.9269869525668,-0.00734789395300701,-0.934010809573839,0.355543837691245,-0.501699886204491,-0.073697911346144,0.217714865477353,-0.644112213072274,0.579842323914673,-0.234212250152382,-0.285735932095167,0.610079531030881,-0.184262641359285,-0.108437416361587,-0.0324968433724179,-0.0666436988866659,0.171499779355203,-0.0835889609056321,0.156976305518581,0.0716426055973809,-0.26277295026625,-0.0674834977076023,0,0,0,0,0.0121239820486149,0.0332005080460816,0.0347009892321724,0.0183842234712991,-0.057658802606422,-0.199725087295671,-0.404092360124383,0.128350633352104,2.19104446779421,1.95619628158336,0.982908004441265,2.26822418834249,2.30603181242321,1.47643945421649,2.33271401650407,2.17185460587247,2.27691535650922,2.16623605297837,2.24992618319326,0.947737289382191,2.17384366260008,-0.00486840175505728,-0.6021410639325,-0.610628709760788,-0.598661194500167,-0.568674288625771,-0.52689707498314,-0.552619856749917,-0.416688348136527,-0.384615786644345,-0.347717130661525,-0.30856904627164,-0.319622645796266,-0.264263811813715
130.5,0,0,0,0,0,0.0854355009407658,-0.419118527996908,1.67296362609085,0.633284956582507,0.597149189374907,-9.57335072963655,2.456201456362,1.37236975996799,1.10675890810641,-0.00278077843388396,-0.81357313269026,0.431231470256717,-0.5113560054332,-0.0930609562329374,0.170301642131109,-0.638528508705721,0.634832612603975,-0.160562070579922,-0.312468326066227,0.513971334185426,-0.25716553070551,-0.136411020778565,0.079587567296421,-0.0559139693757156,0.161635185874293,-0.103013534897889,0.149697137305445,0.0851610955829545,-0.216288539108335,-0.0880483144422258,0,0,0,0,0.0122379697982502,0.0333091204928023,0.0354095031509013,0.0197014463165972,-0.056826698652853,-0.20047332114755,-0.413785347355861,0.119050210150217,2.21542347193208,1.95927978136633,0.992492542841359,2.28565921009281,2.28753868264203,1.49821576078312,2.34052370370753,2.14873225952344,2.25452189860947,2.17520589032589,2.26215250062339,0.965699769077533,2.1787866414445,-0.0204927416665709,-0.60796482186418,-0.600013341131297,-0.598033268159103,-0.578357988119909,-0.535042431142303,-0.568187980810869,-0.425287519855198,-0.372550663651886,-0.337880895987692,-0.307390400389741,-0.32056501885601,-0.265040581817131
129,0,0,0,0,0,0.0846763737783296,-0.424907534973891,1.3514809034169,0.570470529847315,0.606018206317945,-9.22058346572823,2.70037240269296,1.26205265464343,0.742168886042276,-0.120021852749882,-0.896363145793859,0.452190540592477,-0.607781508906492,-0.0818116312882807,0.226288428189237,-0.630747952210996,0.588079314261709,-0.185435595319764,-0.295582739962698,0.478469841797857,-0.268391020117249,-0.00152298858702143,-0.00105377739591263,-0.0399748607114245,0.237499802885616,-0.199677272078758,0.0684497760972346,0.129138724218599,-0.18588515278712,0.0228379075229663,0,0,0,0,0.0123519644968527,0.0334177545723379,0.0355908021342112,0.0198156984280008,-0.0574801496513044,-0.200161427888381,-0.41828529068852,0.12419090318088,2.25324189989517,1.97610572323623,1.00086749686164,2.30792885458401,2.26840237130079,1.53107591095633,2.34716975709282,2.14143747183904,2.24249620186418,2.1853622397284,2.27789936793058,0.978483580395361,2.18602277840056,-0.0308049618534801,-0.617443325308752,-0.591695822164311,-0.598294827128169,-0.588797821841522,-0.546072924253671,-0.580127942066382,-0.434779601386916,-0.364061890992343,-0.331623990591307,-0.3120464902054,-0.317976443653699,-0.267681242355637
118,0,0,0,0,0,0.0839172466158934,-0.428866946898143,1.2052277701031,0.445476962365611,0.604423744790248,-9.49199142069619,2.61326856752489,1.17572180892537,0.784570385847055,-0.085312274041632,-0.943327413803652,0.457573264167297,-0.569691984136865,-0.123364391209889,0.224407493043158,-0.618380114012099,0.481658087876961,-0.130263064901436,-0.179473615912289,0.482923073082441,-0.269993572668411,-0.0367809894059776,0.000771483391437127,-0.0252366187955179,0.184303563828869,-0.210247234756551,0.123661205376129,0.165612072896986,-0.210503421794175,0.0177419352108522,0,0,0,0,0.0124659661420949,0.033526410288587,0.0352900053553292,0.0187902688690947,-0.0596439425077671,-0.19966917086168,-0.4189934528004,0.162301182774426,2.29057463963487,1.99072325966303,1.01399561383164,2.32046434213132,2.257039099552,1.55948265804872,2.34997424858985,2.1398584769615,2.23662052026025,2.19483890128316,2.30024216741829,0.966447907764914,2.19145621358938,-0.034462569525499,-0.623307118847351,-0.586179755989969,-0.593708289123459,-0.59392868916104,-0.553820345633391,-0.591499314429051,-0.451121994233189,-0.364855653389986,-0.329171408478341,-0.317284650228046,-0.319228057848295,-0.274332025882434
121,0,0,0,0,0,0.0831581194534572,-0.443754313747104,1.10230623603628,0.421439904205653,0.604522912422689,-9.38717470190602,2.74349931362497,1.06755146748783,0.792754304325034,-0.0607621627914736,-0.903929704529033,0.501760224866714,-0.393911011241225,-0.0901631239283627,0.267767334224408,-0.52901938860112,0.422122575884364,-0.197977369371413,-0.27702985608723,0.423387998852953,-0.326351109983495,-0.0298528627932203,0.0179316338487303,-0.0839322476583808,0.279709080398899,-0.129423231415442,0.0851294352837977,0.214084574903279,-0.237629838926788,-0.0751332639331167,0,0,0,0,0.0125799747316483,0.0336350876454481,0.0349054134660492,0.0174535563590232,-0.0620067259514022,-0.198231111991706,-0.415689491983566,0.217731300918106,2.32893490479204,1.99827179874192,1.03516659655315,2.32397465098026,2.25894387731273,1.57526531351858,2.34176300152754,2.13965341462225,2.22628055735039,2.19816004465215,2.317205397617,0.946353773257789,2.19520935221436,-0.0311242056544302,-0.622678215206507,-0.583425285224745,-0.591645385950694,-0.59807632357617,-0.559729346192696,-0.603863846781629,-0.473702150799292,-0.371924388387381,-0.327137965980461,-0.320987502087453,-0.320972784647076,-0.285334140109925
134,0,0,0,0,0,0.082398992291021,-0.458641680596065,1.13166488488789,0.478177833635214,0.612243133107159,-9.37918520909749,2.7888599440487,1.01407812520138,0.795177557144387,-0.0677785406050383,-0.735135406706896,0.245248763805533,-0.359722526007648,-0.025941318572099,0.0384867038541862,-0.361431407004819,0.463137570102052,-0.278782207500464,-0.0997096258918656,0.523388831321657,-0.327159666859525,-0.0818242117362216,0.101250118027227,-0.0798934670047278,0.299561684876441,-0.129457660983936,-0.00624486140133974,0.167633416350972,-0.245108179072089,-0.0231890801105069,0,0,0,0,0.0126939902631834,0.0337437866468192,0.0344008475112942,0.0154822494422043,-0.0655776326080652,-0.199437154684443,-0.416733283330429,0.243239301395705,2.37798182718026,2.01196113633148,1.06363687341115,2.33008650628434,2.27525420356561,1.59044445700143,2.30087899176909,2.15880231217186,2.21870605758328,2.20352148606011,2.34205179534772,0.909152617010211,2.20324023024086,-0.0288255756916802,-0.62879318418172,-0.593597008468379,-0.597858210599507,-0.608624646790492,-0.5685479725733,-0.612576646085953,-0.499600504440423,-0.379727141229207,-0.325260626225422,-0.327958265634008,-0.321197122431167,-0.295449365683178
119.5,0,0,0,0,0,0.0816398651285848,-0.48128556170265,1.08796003834752,0.55665998627686,0.628623223104393,-9.58721377058052,2.69311222849718,1.01708190431838,0.790555008087893,0.0137746302803889,-0.56181542489866,0.173614346774731,-0.0484800612668312,-0.0801576112252143,-0.103611139402602,-0.334332519712995,0.31530069963599,-0.24651167093189,-0.014317798310369,0.368692533896852,-0.346142575390693,0.0544584565029309,0.117287598147227,-0.0395537648451622,0.166610525153782,-0.0809625182284044,-0.0795364694439682,0.164848744401783,-0.116549915084842,0.0122690974999417,0,0,0,0,0.0128080127343697,0.0338525072965976,0.0333103734351858,0.0116577224253297,-0.0726721178494481,-0.206880303687358,-0.428493812510373,0.239040684682028,2.43192110539782,2.03872614742665,1.10919364972701,2.34218026557822,2.28787756944924,1.6115563791476,2.23387749529301,2.20840725206708,2.21923202365699,2.21335659205797,2.3824006910358,0.84845080118081,2.21645013566738,-0.0565280646307206,-0.700759286834117,-0.664626264101968,-0.656769273806028,-0.669248632325455,-0.618809709262818,-0.655991281345082,-0.562457409694776,-0.427595350940871,-0.354291566460191,-0.354824665880539,-0.335265647647899,-0.31296088459283
124.5,0,0,0,0,0,0.0808807379661487,-0.503929442809234,1.63140457475645,0.501817367797884,0.625446381629217,-9.48026662688434,3.00827480459938,0.973324501391359,0.526539776184586,-0.130117154042432,-0.574721099279623,-0.0863899570331622,-0.155586175022473,-0.311715514049856,-0.163922417999588,-0.155577884019835,0.162924392203643,-0.194081033025746,0.134456839582645,0.174809684745155,-0.366470980151127,0.0218463409265389,0.132901566260596,0.0125143348974655,0.0738179765141702,0.061657219775492,0.0294209000670218,-0.0181787503933592,-0.0636629470278313,0.0279839481590411,0,0,0,0,0.0129220421428757,0.0339612495986801,0.0316828983080378,0.00618685669287524,-0.0824980373181378,-0.218416629580632,-0.445093924656669,0.294574801845961,2.48278677042338,2.06369467993142,1.16366029522467,2.35367213006019,2.28358635643573,1.6264669484488,2.16350152239327,2.27950642231109,2.2160912088294,2.22764704848335,2.43514819731134,0.814732386375386,2.23155337639387,-0.0724061073804939,-0.766026339939913,-0.728630131243294,-0.712432047195044,-0.720478042224504,-0.658359803630487,-0.694146203210399,-0.617515355357276,-0.47608594398029,-0.382800172271328,-0.376214501865876,-0.34259734990227,-0.332801289626975
125.5,0,0,0,0,0,0.0801216108037125,-0.494917350385846,1.39957081907709,0.518295883641367,0.625428654847198,-9.66157369887953,2.63696492588667,1.23061814549242,0.649941433856941,-0.120414505624995,-0.448974608666965,-0.0416674656330443,-0.198927089386733,-0.264444368180058,-0.107504455665457,0.0260208017978777,0.142074973382388,-0.149305850298324,0.16173647189392,0.0463164974921756,-0.260870463442878,0.0161819980440892,0.044239389699854,-0.030766436022788,0.0635234129967456,0.0843701405254308,-0.0809800657019688,0.0120485752040467,0.0347092022817765,-0.0605142200208516,0,0,0,0,0.0130360784863689,0.0340700135569632,0.029479982811146,-0.000967753339438842,-0.0950505129255516,-0.233636993902847,-0.465714320527479,0.87534261065992,2.53274575623045,2.09081938009476,1.22564385234948,2.3628327794703,2.26890173675729,1.64220232184549,2.09740831000147,2.35354494598301,2.20934567237253,2.24814387479424,2.49740772926162,0.800535594258561,2.24770597867967,-0.0516868330771426,-0.765283266089387,-0.728044566273153,-0.709981727470494,-0.715640486202988,-0.64548296588748,-0.678863924524078,-0.623313292311976,-0.489953953993768,-0.384356140095052,-0.375414871352743,-0.336059962933268,-0.347465541517679
106.5,0,0,0,0,0,0.0793624836412763,-0.485144514897852,0.837040840626066,0.46729323599106,0.617780777429995,-9.45078862278309,2.80930422061793,0.91096643153665,0.498776270958552,-0.167203167092202,-0.505357767190789,-0.0177512129004549,-0.0155688451054897,-0.312134342315657,-0.0974056590956192,-0.0262232015060195,-0.115335205354087,-0.0874392186018197,0.225740747720103,0.043812215667191,-0.371470677572033,-0.0428660907311887,0.174375582982625,0.0606414589869358,0.133856907379779,0.0409413994617546,-0.0122700739298586,0.0944617981290563,-0.130368889936243,-0.0349973697692264,0,0,0,0,0.0131501217625157,0.0341787991753428,0.0270046687201904,-0.00914714028176359,-0.109379684559284,-0.251426252819559,-0.488080838425057,1.5980425765157,2.57336531322876,2.11096379755448,1.28535090379514,2.36786383691971,2.24089640214695,1.65716213251762,2.04703507346039,2.4171512147053,2.2037189615938,2.26731424735721,2.55046842374185,0.778465500361659,2.26028818661143,0.00275902484942154,-0.697149827258993,-0.663223872189492,-0.646346936031974,-0.65392438245851,-0.580280450794895,-0.609003973900677,-0.582186668888765,-0.473934311604601,-0.36359210932314,-0.351408853643832,-0.316263973096818,-0.351458517471013
122.5,0,0,0,0,0,0.0786033564788401,-0.484383771833247,1.32048632236985,0.539727313367485,0.623328237025211,-9.63726029318282,2.79211933970969,1.09580846661439,0.616959495397103,-0.155155936452429,-0.324930496194013,-0.0639786283258167,0.0865227602763351,-0.387687623537258,-0.0515067223114665,0.0942084633822237,-0.0336264737328777,-0.177673904154586,0.189172065755034,0.0388322830449603,-0.370962152932439,-0.129334005673922,0.158559120897926,0.0740493840514584,0.0923662387266516,0.04394137922898,-0.000575270424153266,0.0386539049239891,0.0475091529891158,-0.112619259847918,0,0,0,0,0.0132641719689817,0.0342876064577144,0.0245875691851733,-0.0173306086692657,-0.122787006704219,-0.266579416785584,-0.509445224863043,2.01016667892328,2.6045259001629,2.11306186861927,1.33537708596201,2.36631218823879,2.20866499025696,1.66260730710731,1.99934239548513,2.46466160590857,2.19512994306935,2.27782337241975,2.60648966866681,0.761053850503451,2.27433851489978,0.0627176553888011,-0.615717124577859,-0.592812708258018,-0.57270376935305,-0.578938349595641,-0.505661455304165,-0.53528942676031,-0.538437428622557,-0.452566870110765,-0.34266576177082,-0.322660386472901,-0.296576414325044,-0.349621386855363
111,0,0,0,0,0,0.0778442293164039,-0.484383771833247,1.20609694064544,0.648722560478772,0.639253438826664,-9.20879093196495,2.96708533802672,0.861515129089055,0.483144864220138,-0.138833982629187,-0.467405269578203,-0.107972351581437,0.0110394384383049,-0.351714301856987,-0.186362024860813,0.0351928048903967,0.0283283270029006,-0.123055044968245,0.270549458714896,0.0151408635110244,-0.362240457791027,0.0381772248831489,0.211483952527327,-0.0394707537810661,0.015276639530887,0.0886363702989483,-0.0435730481330993,-0.039874037438604,0.0691032354222888,-0.157219513541568,0,0,0,0,0.0133782291034312,0.0343964354079727,0.0221672920116518,-0.0254852736867744,-0.135468292708655,-0.28103688938888,-0.535212842662689,2.299081977968,2.63303824786894,2.10683851865389,1.37709249412673,2.36833869897345,2.17348226042418,1.66989079981649,1.95106560427801,2.51197192714292,2.18395895611121,2.28358364987146,2.67172861471539,0.744884497966948,2.29325432897346,0.0885567025470765,-0.597813187690417,-0.583965596818399,-0.556015803443205,-0.558618312155838,-0.484160383235589,-0.512090150104061,-0.537216152367739,-0.459888643105732,-0.350127950916945,-0.312373449756455,-0.298240124470081,-0.35559725286177
83,0,0,0,0,0,0.0770851021539678,-0.42944911989948,0.933163227425762,0.452727895957898,0.655299923942235,-9.87798148516985,2.19080543804165,0.964684305715996,0.642568987600828,-0.286430343556377,-0.262997162896664,-0.28043438766481,-0.195438537831826,-0.147933011851179,-0.396899291646474,-0.0515419348080964,-0.0691994400227788,-0.0609287476955575,0.217282768645229,-0.00828295701086504,-0.209798821733993,0.00645774954419621,0.0930617812013065,0.0189394175485257,0.0919141286524504,0.140195599666835,-0.0126334134097536,-0.0575087430411766,0.068841295377511,-0.0660279212203471,0,0,0,0,0.0134922931635278,0.0345052860300123,0.0203069285358074,-0.0323457756653585,-0.146365638553337,-0.297117448693547,-0.576993514216984,2.66822178780313,2.66243349434972,2.09241054554707,1.42426814945794,2.37447064653343,2.14236923774114,1.68888328085186,1.92008429355795,2.55958655457126,2.17638463407267,2.29485776401065,2.71907909381498,0.742126621866833,2.31878000539691,0.110781877184915,-0.59199382412022,-0.582662325819441,-0.544826103190795,-0.550386858931415,-0.471699146495369,-0.492031845170379,-0.534314776518407,-0.463057404944072,-0.358428581613437,-0.304059766507392,-0.299534166297403,-0.358461901742665
138.5,0,0,0,0,0,0.0763259749915316,-0.366687576634326,0.999335596879472,0.414896975422058,0.678130936531326,-9.94815016509968,1.83895612643023,1.04257076248826,0.586973243461319,-0.00147024247457016,-0.127395995786431,-0.139125406180389,-0.240713595521318,0.109130153486304,-0.367011181831353,-0.0695950066846938,0.0314763232410367,0.00761845702364271,0.262425944820117,-0.0114346578850279,0.0492386400028744,0.0563308465242205,-0.047809646324439,0.0446405003409558,0.0802234619127234,0.0860085124644448,0.0275177661015091,-0.0327433116683504,0.0681387025869372,-0.0547817836057528,0,0,0,0,0.0136063641469339,0.034614158327727,0.0187111867076261,-0.0386392104234096,-0.156706581731628,-0.316332456713988,-0.640853005184383,2.99096601233243,2.699977449641,2.0738373205858,1.4859466816778,2.37523046888614,2.13035211385635,1.7141949496156,1.89584868642227,2.59858036038604,2.17176854288948,2.31240764130416,2.7331106792254,0.753273112573723,2.3468631738817,0.131287878679267,-0.594730274186107,-0.588530818937411,-0.535188626736496,-0.54835209773105,-0.465630702045885,-0.470105954414687,-0.529971278188027,-0.46472932675558,-0.366129859265893,-0.300889790941919,-0.301435256874144,-0.358834519067427
157.5,0,0,0,0,0,0.0755668478290954,-0.358860685302939,1.3240885778324,0.486763581299318,0.620860409372635,-9.09467543152479,2.2266738764827,0.635642185525948,0.438411239343289,0.0623204789222932,-0.309164786728839,-0.00172819851555178,-0.200946265507055,0.557451944379923,-0.215642700565388,-0.15775387351312,0.136983586648789,-0.134593476311235,0.232919562561511,-0.132040514751514,0.0139941309635376,-0.00753921439946114,-0.155967816268106,0.12104053699931,0.118538425966553,-0.0614760390383033,-0.00512139326016842,-0.0599203007319078,0.0993786519874691,-0.062470411753535,0,0,0,0,0.013720442051311,0.0347230523050103,0.0167957576339061,-0.0457498637331201,-0.168685431809052,-0.339901060314808,-0.723830231681847,3.00144750570635,2.73857231021968,2.05750209540155,1.55661361760242,2.3766931925221,2.13757891516354,1.74440185457942,1.87037952682982,2.6288386204169,2.16760690657307,2.34318521728109,2.73777642206213,0.763243422895767,2.37632729241955,0.146206162295528,-0.59616862724629,-0.590016374508111,-0.529084855942223,-0.541446463317421,-0.465062670894191,-0.453181902165798,-0.528641741356427,-0.471594163878426,-0.3727083126075,-0.29597307839379,-0.300989823960025,-0.35811175747385
120.5,0,0,0,0,0,0.0748077206666592,-0.358860685302939,1.26719588564198,0.538020003493923,0.472424414722251,-8.95196610640322,2.39630255442849,0.203992393874668,0.461059956754217,0.0774747680047782,-0.532010037708617,-0.282611292085614,-0.223041881528034,0.636228742193518,-0.29115049173094,-0.348701174802573,0.278829870472035,-0.399950972807251,0.280541188394408,0.0549972413201574,-0.174045890541254,0.164986618258532,-0.0789134593809011,-0.00104360703475248,0.26989393196275,0.00376678207043313,-0.0152176702783606,-0.0966140970089183,0.04378310196197,0.00692608309926626,0,0,0,0,0.0138345268743195,0.034831967965755,0.0148789163456393,-0.0528813062938183,-0.180805636524362,-0.364683148731106,-0.826023443643093,2.98624071210882,2.77745694104665,2.05306241743946,1.63944931492196,2.38304929398552,2.15711057602553,1.78125564503363,1.84596024625058,2.65017047871796,2.16158811608659,2.37617585129262,2.74857541681562,0.755081669004051,2.40581345179559,0.152136931317252,-0.591035020979319,-0.579409865455949,-0.527008846503981,-0.535074655757964,-0.473181248230599,-0.4446137125943,-0.527501700435795,-0.476756008073103,-0.378566383176621,-0.291195223183606,-0.295690077394798,-0.351326564646228
120,0,0,0,0,0,0.074048593504223,-0.359479032697871,1.12403421067812,0.569159532301285,0.420756678530387,-10.0573106327356,2.09301115712213,0.419328852384679,0.462631790190247,0.0249027579700146,-0.353903012319346,-0.324050606189658,0.0502123726815618,0.407625525573731,-0.126055698963916,-0.200293631713583,0.0573083507479019,-0.119419373551485,0.204503456174628,0.0479036680849792,0.0644597879447907,0.271109109687315,0.00764786724104472,-0.110528447846134,0.207047323387536,-0.0877237218775451,-0.0407433118396971,-0.0738950877154344,-0.0274860277459611,0.103271588504716,0,0,0,0,0.0139486186136189,0.0349409053138534,0.0128294253390132,-0.0604166147768826,-0.193858505108828,-0.392543766677954,-0.959400740736339,2.98177416203715,2.81371130091176,2.05299113121004,1.7245551618559,2.38990766788489,2.18058125070489,1.81617075777828,1.83137642840074,2.66274816425529,2.15585490301523,2.39669405912511,2.7583747502323,0.706299691692898,2.42764545836577,0.149771022330654,-0.584281639537032,-0.560908614267923,-0.519644600185762,-0.533083636899074,-0.486078960799876,-0.438040647059621,-0.524640002717639,-0.475687856832955,-0.384069742007912,-0.293465060711786,-0.297843005904961,-0.342576481089926
86.5,0,0,0,0,0,0.0732894663417868,-0.320271082951462,1.06802517754179,0.491819516775144,0.447235497651894,-10.5357935591084,1.84540219017028,0.466755235529996,0.512753023555707,-0.0761695701230483,-0.406135069673984,-0.425911181030492,0.0840311238378864,0.300053232575716,-0.132028269521606,-0.205171208123612,0.0156062879212501,-0.197807672948564,0.165721050874866,0.0935680366114395,0.0295348395669599,0.201563486106918,0.0934557139103269,-0.103053104748675,0.191038454829681,0.0283593453037917,0.0438142295309241,-0.102196504537389,-0.0940953046809068,-0.0258285186290719,0,0,0,0,0.0140627172668676,0.0350498643531976,0.0106438282951998,-0.068366814823309,-0.208570538969478,-0.425634527936789,-1.11787404798553,2.95603428832056,2.83896232021355,2.05278909845586,1.80210199858832,2.39493080503767,2.20834157282908,1.8529788222404,1.83459843855529,2.663056504727,2.15512389970525,2.40994904209611,2.76437761245249,0.659878232401919,2.44512156689322,0.143493685465737,-0.578062807537582,-0.543891741442722,-0.508923482386344,-0.531430966532216,-0.495101248339746,-0.436520488499265,-0.520631955721362,-0.469702671646893,-0.386871001988212,-0.29649687303607,-0.303097868283968,-0.334700980080513
122,0,0,0,0,0,0.0725303391793507,-0.300342627050482,1.41926784346589,0.416863136998135,0.446155472513447,-10.8375205375643,1.64982399084488,0.406404264388901,0.466209719178241,-0.0068341680719426,-0.168440425708942,-0.276947238619497,0.0836311173149923,0.325700188749327,-0.0483995655076116,-0.161815232631447,0.0470203728545166,-0.0953966864477606,0.0951770851714713,-0.0512828605108039,-0.0502197773850662,0.0618504578140043,0.073111827269018,0.0843082346570222,0.306092666971447,0.188768047385789,0.0880919696513397,-0.135602151639201,-0.115839646068817,-0.148253438831767,0,0,0,0,0.0136923568239491,0.0339699678774445,0.00684757649888322,-0.0778605999068487,-0.224586111119844,-0.459558673424467,-1.26891162806542,2.8932579652342,2.85674123246192,2.04866506055015,1.86448449081429,2.39470346722694,2.23518697717809,1.88861387984875,1.84488379083259,2.65566159089591,2.15877275685419,2.4179659970441,2.76166185024914,0.653390863017867,2.46593832317044,0.126894828548647,-0.580866607389213,-0.536844194903867,-0.505189338005315,-0.531920032258653,-0.497335887901385,-0.436437738918632,-0.516136002426028,-0.461699648056821,-0.386598382585225,-0.295380918266381,-0.306374857926037,-0.326751084104218
191,0,0,0,0,0,0.0717712120169145,-0.320240468290842,1.37547630469428,0.292922664558513,0.442340297137166,-10.5100376479562,1.37991673302854,0.290027297369653,0.402420638097808,0.113909783910784,0.0677078790398985,-0.160722390504656,0.225257219867575,0.283019735830945,0.00422891651320303,-0.306527285285883,0.0964609683822922,0.106718934344756,0.136773609339162,-0.053183011230971,-0.15816972701417,0.0247412288936422,-0.0189811349653752,-0.0536366410320298,0.0821726812177107,0.0308797312763181,0.0125465136824493,-0.0738119937881361,0.0143398186844302,0.0531271677768796,0,0,0,0,0.0128253629115887,0.0316730448577485,0.00141238037188054,-0.0888880480390415,-0.241180753066029,-0.49167397677516,-1.42521364055604,2.81292039876687,2.86719663061225,2.03333480574243,1.91933138427503,2.39127558396253,2.26226688083829,1.92699921652445,1.86410300198896,2.65180398153282,2.16446987986706,2.41805184718593,2.75085639886109,0.67351836094296,2.49571035487996,0.100419015879475,-0.590119681214753,-0.533066896684754,-0.508555973795234,-0.538957548599093,-0.499624466984024,-0.433975795805621,-0.510344834677069,-0.458588128456899,-0.38509747767301,-0.2917005774012,-0.306041879966993,-0.318062823456893
167,0,0,0,0,0,0.0710120848544783,-0.322216634149293,1.29408526413525,0.264398766648801,0.416516436294809,-9.15265883788694,1.52717241325745,0.636237581959533,0.86229487405721,0.307020786133166,-0.0707097293354018,-0.210529708818252,0.00316615487063274,0.574473030268055,-0.121214364918879,-0.373873887485677,-0.0244613441097442,-0.19145646919161,0.30194344576622,-0.069186276366775,0.010216040090024,0.0168192753736785,-0.10286502422731,0.05555505888215,0.0120784767433295,0.0715868490643238,-0.0459060751840538,-0.092052569182752,0.109396793277917,-0.0843179733388874,0,0,0,0,0.0119585599955078,0.0293800535227356,-0.00403755975539458,-0.1000498322771,-0.258339483918177,-0.526352955537062,-1.609426946013,2.74040006544981,2.86679270089015,2.02414186950137,1.9763610785376,2.38300956315309,2.28350250089782,1.97231800561837,1.90681755628376,2.64006238836058,2.17319597199711,2.41043681304788,2.73517345447013,0.722268634157045,2.52815085436136,0.0689628742201953,-0.596676746747111,-0.525736779592503,-0.512330676742317,-0.548361114539676,-0.499982346663243,-0.434012251663939,-0.508537248149388,-0.456212220864311,-0.380062045899318,-0.292214327515919,-0.301023303676002,-0.305685376649712
132,0,0,0,0,0,0.0702529576920421,-0.359500685254022,1.34527516120313,0.452998449097761,0.415228619873222,-9.16704961429858,2.21136004646069,0.343779674894906,0.2300740887447,0.258088671310045,-0.224468274797466,-0.0981742232805947,0.0943529679955556,0.355468396857126,-0.19825990203564,-0.326480088298078,-0.214727852700842,-0.178326793706333,0.184641544527704,-0.0418711562542002,0.0706075048380768,0.0587460751887684,-0.0541723071978443,0.0166280970338214,0.0726322719337816,0.0171766055519574,-0.0446463029385607,-0.0146331493588864,-0.00691689845774683,0.0217333815541971,0,0,0,0,0.0111406543819639,0.0274377612562852,-0.00890153952938628,-0.110604394186227,-0.275576203343586,-0.565260863835552,-1.81681147242623,2.6823603938662,2.86589880317651,2.03352956718337,2.04021519588916,2.37277946619854,2.29760273602639,2.0119839540125,1.97721425013512,2.62029230256404,2.18661207595102,2.40587027928117,2.71472258808422,0.788962683254711,2.56208534166443,0.0287771072712224,-0.602368718623889,-0.510933667781444,-0.516530387728631,-0.549742064216658,-0.496153707794486,-0.445253603640379,-0.513611127109455,-0.447121747159867,-0.374371202630087,-0.297711347582512,-0.295665108296621,-0.29073517627585
120.5,0,0,0,0,0,0.0694938305296059,-0.368371522123166,0.922124493558228,0.639625521303109,0.415301862405857,-9.6408496232398,1.45093381909914,0.744632203576025,0.0955526673424936,0.173057983106622,-0.223122799828259,-0.0813048594280354,0.0276881337359482,0.359021484170409,-0.214892774200457,-0.299544152963357,-0.25683446184086,-0.155849535481991,0.310006123328191,-0.126967485807765,0.226000177649437,0.0999327272192945,-0.0307230794284557,0.0973974666292852,-0.104371154449488,0.00276745568541263,-0.0429823622042059,0.0148740420959407,0.105935140749854,-0.0958543110732739,0,0,0,0,0.0103842907726242,0.0259853351011543,-0.012876996020009,-0.11995742357218,-0.292844757441461,-0.610918694348209,-2.01580456519259,2.63768583035731,2.86702419949594,2.0451181571127,2.10699427312728,2.36324773155705,2.31529731842692,2.04342105079115,2.0659445240032,2.58514349996334,2.19808822728172,2.40157282994874,2.68148893382821,0.851253370857396,2.59432265332748,-0.0215771042358848,-0.608668514163347,-0.488860592041742,-0.520598031014175,-0.545516804567924,-0.491967589221762,-0.46921925595863,-0.517819709782577,-0.431065421486218,-0.369101481819632,-0.302108409816655,-0.288216749512917,-0.273804387838197
120,0,0,0,0,0,0.0687347033671697,-0.341934473746031,1.3877021814296,0.555317416258126,0.394320352116075,-8.89307129438221,2.17706928369658,0.294745548271803,0.0429752767673297,0.174312112759873,-0.253312657846159,-0.112630280951955,-0.114696773560334,0.491850564838295,-0.16253613487465,-0.197985238141252,-0.167829888982416,-0.136712791042353,0.324687186888108,-0.182602558668291,0.0167013811827783,0.0600897482195176,-0.0608133509648926,-0.0050590642678653,0.0772966652944495,0.121539555390246,-0.0842904717782435,0.0385137211993167,0.0489069346830796,-0.123461839940661,0,0,0,0,0.0098255100560025,0.0252062068499866,-0.015822554208064,-0.128164509228075,-0.309770474602027,-0.660857632530164,-2.18502624349819,2.6080773150594,2.87042572983812,2.0641163601684,2.16501288814839,2.35137691476756,2.33449079343653,2.0735389187938,2.15403163989071,2.53247061670182,2.20842293008336,2.39268649064828,2.64229157442616,0.901581488017221,2.62023510598146,-0.0767813494537564,-0.619781506781826,-0.468978501878192,-0.523038977461286,-0.544290934179342,-0.487522104517332,-0.498525350392324,-0.518225064930011,-0.411535828320116,-0.362306640526943,-0.303616624694193,-0.281667685630113,-0.256066620872971
134,0,0,0,0,0,0.0679755762047336,-0.343909088357682,1.36226646458195,0.478085382947889,0.388713827846729,-8.79313182769878,2.17291267921051,0.33873046077026,0.239568840378138,0.394645275817707,-0.295211091682378,-0.0250402504581331,-0.150210563428879,0.405882796599082,-0.18609950354693,-0.115678004062187,-0.0792822760365903,-0.219674108438223,0.356155232615444,-0.223750034320677,-0.0181747535730998,-0.00234460044930716,-0.0556580444564101,0.00709687816385746,0.0235394910240062,0.132049907047319,-0.0122821302214509,0.013478647908289,0.000932384578294495,-0.123248233621426,0,0,0,0,0.00945724348037153,0.0249783776232452,-0.0179841130439815,-0.135614727536788,-0.325279315875782,-0.707210794486528,-2.32925199226864,2.57861108026435,2.8797743761463,2.10438214788385,2.22215264999386,2.33859180452342,2.35910049459173,2.10891491595515,2.21850628945378,2.48556186933651,2.22241600864425,2.38319121779304,2.60649665481311,0.962611124717096,2.63890272865555,-0.131954926460745,-0.642781173813581,-0.460372734369259,-0.52380844423426,-0.539900387655363,-0.479591285597139,-0.527275813984143,-0.518245670705816,-0.393519411843322,-0.355150853631367,-0.304306503742824,-0.278786213091761,-0.240443366444686
115,0,0,0,0,0,0.0672164490422974,-0.363958424062691,0.728925788512256,0.521654265650392,0.410723387780671,-8.20359914022223,2.29092391846235,-0.042806969858302,0.132778652496914,0.229471191616598,-0.473353067258778,-0.143575941043276,-0.0638651733729603,0.531439511342312,-0.130605370044454,-0.238027068242721,-0.0342165657631114,-0.301997174427235,0.489469526430442,-0.244969888430309,-0.0250621053323289,0.0877138238962908,-0.123374455510934,0.0556814313703752,0.0529088330605934,0.00906459702326739,0.00683621432711533,-0.0122052369468097,-0.0343537232436102,-0.0298555793222463,0,0,0,0,0.00908902835262009,0.02475069804029,-0.0201435340347147,-0.143064221620585,-0.340255674729784,-0.752844930125985,-2.44515529663989,2.55731601943962,2.88871374244963,2.1463456066702,2.27647195493432,2.32694245796009,2.3860343398829,2.14860914296797,2.26187126750892,2.44705096627514,2.23851274032659,2.37096186485973,2.57566024949093,1.01713440584231,2.65292211540253,-0.187957595569779,-0.680279690467337,-0.468544830521544,-0.529957470981589,-0.532138669836155,-0.47389442638725,-0.556818414562592,-0.52226587445951,-0.379710801507556,-0.345940353593091,-0.306164674102115,-0.273935076138868,-0.222251912050725
82.5,0,0,0,0,0,0.0664573218798612,-0.38874330396374,0.789708440793611,0.597486171886703,0.483965733306532,-8.68144638575192,2.47528209307427,-0.112458724246299,0.159020191100995,0.380198590650996,-0.483707799527877,-0.0316270804905079,-0.100342112242843,0.463550512415453,-0.0436004069432432,-0.275443678291237,-0.00307521242114892,-0.43788352912324,0.457976578466493,-0.340624310329773,-0.0441083682119851,0.0887059329651349,-0.0828651917274034,0.146965595960389,-0.101801894813667,0.0976305387304633,0.0268854613612676,-0.00118450551745157,0.00129520894561584,-0.0517300438156802,0,0,0,0,0.00872086476179383,0.0245231679773167,-0.0217135327481819,-0.149128552132677,-0.352653313042505,-0.794863743174755,-2.52552234236255,2.54322381322582,2.88295958657699,2.18172960770326,2.31271253695174,2.3105594563457,2.40538900708178,2.18174990452973,2.29689292060025,2.41420393854167,2.25124323790092,2.35379256836088,2.55215168158142,1.06250244102548,2.66329305828251,-0.26428707700765,-0.779847212194808,-0.54349652647941,-0.596030270050692,-0.571428370459392,-0.525216713440745,-0.632831043266921,-0.569132131478839,-0.40842788996283,-0.365913793307939,-0.332250508839721,-0.27926473235174,-0.20976701756427
83,1,0,0,0,0,0.065698194717425,-0.402556080927304,0.857426163495283,0.619829388430417,0.523014542530862,-8.53613813146659,2.55556760933326,-0.098893560697964,0.428528636223272,0.208065345385517,-0.605403432484067,-0.108160965208951,-0.309258644309264,0.457309017702459,0.0345440044955977,-0.307352284609857,-0.00491389961419412,-0.448402794407401,0.482774594769294,-0.273899092044669,-0.0871950550112432,-0.0409706884727409,0.083576652142196,0.0714032551506602,-0.107664658480664,0.170557828200414,-0.0621263409709045,0.0110344524288994,0.0609345769253977,-0.179054036231007,0,0,0,0,0.00835275279685762,0.024450123959478,-0.0218149630525186,-0.152008092319862,-0.359454717046562,-0.827131707785229,-2.57772960099746,2.53102339967533,2.86506154831556,2.21033213590294,2.33203262651121,2.28788623607195,2.41807265653337,2.2051867687316,2.32189648571481,2.37298281832289,2.25748195240559,2.3323745418089,2.53176270673819,1.12166709415307,2.6624318386066,-0.321815623867272,-0.867385846727973,-0.610559512013373,-0.655157999951702,-0.600870113015204,-0.574965352482327,-0.702103861079078,-0.615836943338191,-0.44294480931971,-0.39023698513718,-0.362459682384842,-0.282446240071844,-0.204807185537689
85.5,1,0,0,0,0,0.0649390675549888,-0.415112216745315,0.835230160472779,0.654110274112911,0.506494156582222,-8.66631208808839,2.53410534277005,0.0858662826830922,0.613119489715358,0.148988629883734,-0.605051793172976,-0.181388536581031,-0.304028726516599,0.439198088354634,0.0102068744368839,-0.106600470993157,-0.194618289341397,-0.334279072647363,0.504097583849395,-0.185443316677788,-0.122022923870732,-0.0427761731389554,0.120934289445202,-0.00328567035307051,0.0619398906372696,0.195151202979654,-0.0997204079541642,0.101498238374915,-0.129931857435099,-0.146023772448038,0,0,0,0,0.00798469254669534,0.0248292441434514,-0.0198368960946347,-0.151097654610432,-0.360953923283584,-0.852268279525701,-2.6157848541108,2.52486302491311,2.84257716394406,2.2276006485697,2.33845128982532,2.2647167419878,2.42650168150137,2.2271585265087,2.33493348760886,2.32364765819442,2.26147132967954,2.31178293296049,2.51170601886503,1.16734793648554,2.65473881551001,-0.33142192023978,-0.883336167784908,-0.610691467704535,-0.654869978909096,-0.574137167868768,-0.573923107176572,-0.71806362232865,-0.620498012258771,-0.438310540362028,-0.387961107460894,-0.374057928318282,-0.274385272327034,-0.196539592642491
88.5,1,0.0439947054586042,0.316788443772571,-4.43304620073938,0.256611947242186,0.0847590527293516,-0.448601300082393,0.751070705388453,0.746776136449235,0.477769412607574,-8.99600487168034,2.61156748209594,0.445852665013277,0.689393225883025,0.145954742452018,-0.667503835947422,-0.21731890754698,-0.0439007004619809,0.23022485431671,-0.0244763654320721,0.000104190331697434,-0.282837209892164,-0.223457924736548,0.495631094054987,-0.204344291777448,-0.377014766354884,0.0720581359049953,0.110929926814376,-0.0154103064487887,0.203468226966726,-0.034933928085629,-0.0388205672042634,0.201269073860219,-0.129131766979334,-0.132499912116,0,0,0,0,0.00761668410010987,0.025932955506724,-0.0156234120059554,-0.146624165713718,-0.358823766982988,-0.872278364268993,-2.63906144810988,2.52257447017568,2.81899475056175,2.24394231578944,2.33781915182902,2.24217906077807,2.43446896031583,2.25234936077608,2.34233801613703,2.28080177697777,2.26782143625076,2.29567440625357,2.49308185428123,1.18417090838523,2.65240517891662,-0.328102476012032,-0.898054883734954,-0.615458055548742,-0.659531243921138,-0.552803393826779,-0.584792008322073,-0.730364912365638,-0.616189347105811,-0.434671674616912,-0.391375727545631,-0.382473113050802,-0.274041168887745,-0.19082537642498
90,1,0.0894012208463309,0.446340578777031,-7.33207142829109,0.410474368145495,0.0933725437173247,-0.48992420157676,0.951086214120676,0.71925162265201,0.443833261216661,-9.10850080938263,2.90044082732682,0.525868228460927,0.706977439746227,-0.122005899408943,-0.486659638730211,-0.108470471137631,-0.120118914340698,-0.108345566959836,-0.0165367648325424,0.0137177686866696,-0.155657709888866,-0.178565448518127,0.390507267239887,-0.233234319461089,-0.403095781962387,0.154034736197726,0.0472953816454051,-0.0550630799843183,0.214839445222041,-0.0454661208198861,0.0119224113741043,0.0398422639627458,-0.0907100820882001,-0.0420115672942218,0,0,0,0,0.00724872754582301,0.0270052717724099,-0.0109779620611264,-0.140594288984385,-0.35409086880401,-0.885930833821474,-2.64956308543821,2.51881245996764,2.79801401186184,2.26212907336747,2.33657420630577,2.21925376183127,2.44295436331808,2.27818390117432,2.35805790125314,2.24987769916786,2.27684330019953,2.28084013255596,2.47372856771897,1.17903968599025,2.65447435203534,-0.311603263993752,-0.908227480268948,-0.625004369797033,-0.669445250897014,-0.546950680705099,-0.603161337313591,-0.730928588201034,-0.60191852728787,-0.438876853063452,-0.398431421540657,-0.386679731089715,-0.279817219011136,-0.191557342802437
91.5,1,0.120746967188076,0.395271586062606,-7.86384032328627,0.398920538784471,0.0912393176148708,-0.505224844514647,1.23186909832425,0.639555025946877,0.422554151825701,-9.15533278206017,3.03755728333789,0.586387296802365,0.759504747754656,-0.228604498093047,-0.412748648053648,0.0342589335670531,-0.0800474498005096,-0.107368543521929,-0.0420043062018362,-0.0433427321395704,-0.135897888040836,-0.185303721107939,0.254991039000708,-0.0949082528917577,-0.324837664827074,0.109624083880191,0.0313629152919626,-0.0590364043829666,0.19048555978948,-0.005543720302561,0.0221570184121786,0.0273929791635751,-0.165199782854586,0.0410424455834843,0,0,0,0,0.00688082297247528,0.0271715430010995,-0.00762741517999812,-0.134803527236418,-0.347261129522763,-0.892025066372336,-2.64836553021461,2.5148351540296,2.77610762224027,2.28122173228947,2.33561595536663,2.19435147547755,2.457230930738,2.30646184917788,2.38287837897234,2.2272411172829,2.28700550340231,2.26665906266673,2.45278443612698,1.16297169811269,2.64994173632309,-0.281002263504711,-0.913977822323505,-0.63975033212988,-0.681387459749131,-0.554439585911659,-0.623534466468959,-0.724107418366864,-0.591420914020184,-0.448801552052082,-0.403909894913304,-0.392266762908529,-0.290778495146608,-0.197359020339505
92.5,1,0.13002958178105,0.371347876248297,-7.67655923778883,0.356812951096904,0.0894375512241717,-0.507238151633108,1.2572066137208,0.593771911119296,0.454471474179939,-9.23470067552843,3.18960631645905,0.530423505739886,0.6715184934014,-0.0396354438889621,-0.433150663434466,0.128709222519593,-0.195479498392828,-0.198336186370032,0.027270396769446,0.0129979162077473,-0.292504385096835,-0.0380476018691564,0.258915509586332,-0.156104123308805,-0.308437231308395,0.160891543213646,-0.0650435097854648,0.00862013660848809,0.14278710448801,-0.0186006112028642,-0.0251944023917463,0.0451023494843996,-0.136349392828296,0.087927074803142,0,0,0,0,0.00651297046862601,0.0265181263846883,-0.00565220611663879,-0.129641044033437,-0.33947706212281,-0.893818718397734,-2.63468449856864,2.51572391340737,2.7504725959722,2.30958649078977,2.33324705603932,2.16743001546787,2.47804923927993,2.3362388646533,2.40457671020258,2.20867091601427,2.30044061623345,2.25582383513769,2.43670792319052,1.17515886534861,2.63938901982726,-0.240517996604301,-0.914957875924108,-0.659030333757418,-0.688943759455446,-0.564560521333079,-0.644703441466338,-0.717322229998535,-0.593840316955108,-0.46039949269842,-0.408675086846663,-0.398454769907406,-0.302196389202084,-0.20497171100182
93,1,0.120875172445839,0.357597367849404,-7.13234942480777,0.329290847388232,0.0888359998164259,-0.505617935614695,1.78496377636656,0.531287950377853,0.552735078175753,-9.38839686832867,3.19799354478584,0.814600095589912,0.569653067876529,-0.222326966496564,-0.436539811708554,0.210413897907833,-0.114413139812396,-0.236326106037126,0.0384665041811585,0.0538688376433026,-0.309515329752267,-0.153205565193388,0.397110690502988,-0.248295545055082,-0.235550432062008,0.122239240002783,-0.0564027159538872,-0.0715162463243356,0.19068840825754,0.00299648849662176,-0.0663036009285887,0.0902795537613368,-0.0773097169804767,0.0186965738214322,0,0,0,0,0.00614517012275294,0.0250909506040615,-0.00513070666224846,-0.125310435641145,-0.330977059928016,-0.893227279133406,-2.61020642639353,2.52363672209583,2.72119313211439,2.33977543042166,2.32874174048237,2.13905948498486,2.50526807449769,2.36603008589435,2.41658535132666,2.1967565865919,2.31635481369526,2.24945751651256,2.42620034906581,1.19993809723527,2.64304515780287,-0.195730670132255,-0.909324000151357,-0.677471947794082,-0.696462627459966,-0.580899000958122,-0.665500187014047,-0.712077474846315,-0.604299003106215,-0.473052826962422,-0.416306561921628,-0.405020145661389,-0.307975185436486,-0.209067353969948
103,0,0.114857740090103,0.339795383140037,-6.77728535885592,0.312898023622794,0.0914352748567599,-0.426276533868703,2.3517572347247,0.407248071230786,0.620988894758853,-9.7061883139578,3.00765044581342,1.10058252334736,0.539930293327571,-0.150391705545513,-0.409660478143011,0.123209813678089,-0.0637025330716092,-0.178487492429864,0.119970996967528,-0.0394743818136247,-0.337746655544444,-0.109358681452839,0.493054811114709,-0.218996078997951,-0.294383410382109,0.0913082745526199,0.0057456710532113,-0.0948730711329476,0.185944937742397,0.0621392785232082,-0.0903701046679509,0.0686403974011437,-0.0115630731098247,-0.0655248928764246,0,0,0,0,0.00577742202325233,0.022948367057411,-0.00606050064592749,-0.121883956945994,-0.32186763244605,-0.890001727682646,-2.58259577302392,2.53795560745754,2.69836142430186,2.37445900364384,2.32668457031304,2.11090783824643,2.54126114127766,2.39978394595756,2.42663193677452,2.19282774924135,2.33199210999901,2.24986592716781,2.42182346895155,1.21573935128372,2.67338831993722,-0.152662775264847,-0.900595836667416,-0.693998959612751,-0.708222273618315,-0.601263985550265,-0.687765206904619,-0.711701773549484,-0.610984314591284,-0.483917365607187,-0.425708024560632,-0.408167901347598,-0.311957125560799,-0.215554698686294
125,0,0.108840307734368,0.32199339843067,-6.42222129290407,0.296505199857356,0.094034549897094,-0.335624179397903,2.44484079688353,0.368090342816572,0.578503439199549,-9.80706098444202,2.79639944430137,1.29704746351092,0.759921997558094,-0.0862156111024835,-0.390149915666305,-0.0529701591373921,0.0154948400375405,-0.20354478031286,0.0638560497168327,-0.0541468988922656,-0.194585303630387,0.0232915558536277,0.289767011970524,-0.284254506452784,-0.079436005013164,0.103126135718415,-0.166896767086473,-0.100251047078428,0.170111622711984,0.0460216702325519,-0.04841512097635,0.188055302152504,-0.052431092443618,-0.0906245236339048,0,0,0,0,0.0054097262584388,0.0203742509138933,-0.00802417193129613,-0.119534623404291,-0.315021239701763,-0.887566269662591,-2.55035690945194,2.54734789040778,2.68295389323448,2.42432126787613,2.33399212361272,2.08220064805209,2.57873502890546,2.43452832424718,2.44343570085234,2.19494251174665,2.34864507615017,2.2579610094706,2.42362578517908,1.25295421190047,2.72113299332637,-0.124272524504828,-0.899345383149574,-0.714886556148592,-0.726400270716959,-0.632705836097693,-0.710854566984841,-0.717398650619369,-0.617327057421541,-0.489776593229765,-0.429690146444682,-0.409021073747465,-0.321714969084145,-0.231421450177654
137,0,0.102822875378632,0.304191413721304,-6.06715722695223,0.280112376091919,0.0966338249374281,-0.306933375153666,1.62912103614942,0.385403907300704,0.46444974682044,-9.50832242438896,1.96803436541817,1.01652628057682,0.506688979071242,0.0239552728777451,-0.0450745227059307,-0.00716639680559798,0.117445702962367,0.00144194375485925,0.115797349555106,-0.140595930245151,-0.104468476694405,0.0433349355434125,0.266344585581506,-0.144358343265491,0.0337677312654759,-0.0828972712137154,-0.181728018619484,-0.030374389128223,0.171331842350296,0.0762010236013755,-0.100276442494415,0.0499936317034377,-0.0146706014758941,-0.0310214937480462,0,0,0,0,0.00504208291654526,0.0176924505941834,-0.0103470318030473,-0.117770297818677,-0.310414843907376,-0.887243627572538,-2.51344655601861,2.55095991962769,2.66456017469719,2.47254913086273,2.34363139305999,2.05233651651497,2.61712221015667,2.4613259501465,2.46146017738136,2.19882951796199,2.36752566880558,2.27206358626319,2.42408040592599,1.29536107760376,2.78199536265734,-0.10537015906548,-0.898721666173283,-0.73177063809348,-0.736076976486791,-0.663210101675953,-0.72542189121425,-0.720099754700352,-0.615565892360429,-0.488502394276251,-0.428588048139796,-0.407747771659939,-0.332137026379468,-0.24743373691759
137,0,0.0968054430228965,0.286389429011937,-5.71209316100038,0.263719552326481,0.0992330999777621,-0.220783713814502,1.62857174693848,0.450479716774078,0.383051465010818,-8.46474246552523,1.03530214503693,0.685521199657452,0.230298816870628,0.0756965808102618,-0.0323131772249749,-0.142779027871791,0.0467169959664257,0.0412145739965998,0.0802507167171983,-0.31629713057601,-0.0421404606964589,-0.0593895972577636,0.173448202489998,-0.136641181960119,0.0191329585054826,-0.0937479742797774,0.0957110337278173,0.218269695873235,0.00343863550711335,-0.0741916294192529,-0.0740116243962664,0.159442775021973,-0.0601519951081575,-0.0768733681666071,0,0,0,0,0.00467449208572273,0.0150040875204874,-0.0129944241101922,-0.116714168567361,-0.307381991248636,-0.88921737149597,-2.48293055353971,2.54995378920278,2.63709180609232,2.50343279570914,2.34685030649591,2.02482101217302,2.65874697390207,2.48107963930818,2.47915079531381,2.20828603756652,2.39002441435511,2.28884561201184,2.42379068150265,1.30313561575048,2.84062931489213,-0.0591497854355279,-0.831466521128204,-0.681471214973615,-0.676173719164738,-0.629523824025717,-0.6804672042606,-0.672122245677467,-0.569266991641616,-0.455018590047209,-0.403365614706732,-0.386249021781209,-0.328644283358906,-0.2630204246025
136.5,0,0.0907880106671609,0.26858744430257,-5.35702909504853,0.247326728561043,0.101832375018096,-0.138332933957937,2.49595171724018,0.471159871589307,0.338342385087291,-8.70297238641489,0.628328734255094,1.3035538427738,-0.0126862979791927,0.112022691406433,0.0169768766250512,-0.261210707674214,0.000577102469370912,-0.195854643706386,-0.0323861818262672,-0.297519343514183,-0.0707789690935709,-0.0520590612127189,0.252023726458774,0.0192181695686021,0.0204071836541991,0.0387925259814128,0.0928011375062864,-0.0280908464351884,0.0904162450850388,-0.0216668374198724,-0.104805806033023,0.13759623177826,-0.0422050480675882,-0.110333041177976,0,0,0,0,0.00430695385404027,0.0124671194570203,-0.015426609548272,-0.115359374381788,-0.304427825493021,-0.893807000679627,-2.46180740230853,2.54220951530734,2.60545010995249,2.53364362760805,2.3512614371838,1.99939481879264,2.69471680032183,2.50214674903541,2.50141796158343,2.22233329639548,2.41436998992079,2.30426397460815,2.42584560741369,1.28862204009711,2.89749727526088,-0.0136189390907192,-0.749258009764894,-0.617569013056485,-0.603940518434853,-0.581150406540056,-0.618203660853124,-0.612265727648008,-0.523263056222657,-0.420158209624458,-0.375325714239588,-0.36757000292411,-0.325508606046988,-0.281621429708156
136,0,0.0847705783114253,0.250785459593203,-5.00196502909668,0.230933904795605,0.10443165005843,-0.0895208777038286,1.49172094603782,0.450071916243283,0.294762438731465,-8.48256547509896,-0.0815267631046398,1.31854097222294,-0.335395259199673,0.0355118134287643,-0.0236764745295877,-0.355815994539073,-0.0151821395380298,-0.0404929062649161,-0.0585263152007978,-0.194394560941788,-0.0183942508083024,-0.0304890029435932,0.285818543969572,0.00673082637468649,-0.0333124578999056,0.0232873140837696,0.127562630196441,0.0836630732621462,0.0237887755337622,-0.0643474958441692,-0.105502563194264,0.0969721822486255,-0.0185133394129397,-0.0802915690137398,0,0,0,0,0.0039394683094849,0.0100244286176105,-0.0174777697127673,-0.113156115249291,-0.300358024637351,-0.901610762625535,-2.44875928237659,2.53629561603586,2.57392336872143,2.56581674704091,2.35507839772462,1.97175955176719,2.72127035648493,2.52855311675745,2.52568366179973,2.23951714899234,2.43911571100353,2.31619769891756,2.42990284382481,1.28877636082334,2.94085368449695,0.0013392753204445,-0.719162251117395,-0.607399203367834,-0.582030415898395,-0.570303647740345,-0.594953244746693,-0.589034969367728,-0.514604820723929,-0.413514394137843,-0.372861551638532,-0.370671146830114,-0.336417902679692,-0.298721567264698
110.5,0,0.0787531459556897,0.232983474883837,-4.64690096314483,0.214541081030167,0.107030925098764,-0.0101718108544643,0.804534094872562,0.447346528039296,0.267023140870747,-8.80315085633334,-0.623588920176797,1.41229438891413,-0.388671027774843,0.0813873472319957,0.0391985864668262,-0.199449638950919,-0.00931026469335939,-0.0798550243875949,-0.0785450486013404,-0.0570969677863233,0.115475332314415,-0.0371452591495939,0.289465077529506,-0.0569972232689189,0.0336776266137171,0.0369591679036857,0.0790625866325407,-0.0534350705052967,0.0236293319270036,-0.033335379895912,-0.0243379702864273,0.0501663924668333,-0.0906021449059889,-0.0419952741946495,0,0,0,0,0.00357203553996165,0.0073750891507809,-0.0200343388266447,-0.111718405005583,-0.297950776772018,-0.915154542666074,-2.43787940699896,2.53337057970844,2.53791600703794,2.57647701247763,2.34958446277102,1.94037061424013,2.74232046864349,2.5570139528357,2.55123387326707,2.26137294155224,2.46432250949465,2.32846119889043,2.43518528732238,1.29960837408338,2.98135231230267,0.0105566138463028,-0.695443292321378,-0.603568482688814,-0.569953241363265,-0.562207382348533,-0.575734933315939,-0.569845462296508,-0.506181232053238,-0.409580960356931,-0.37700288190628,-0.373484754487153,-0.346781386799123,-0.314371752712263
115.5,0,0.0727357135999541,0.21518149017447,-4.29183689719298,0.19814825726473,0.109630200139098,0.0439688015054973,1.80817152031846,0.48110054068251,0.256342173247565,-8.77716984368085,-1.02115503870435,1.18091964715933,-0.133631003351293,0.0702932749420946,0.199320448940388,-0.203966444564042,0.0141526417230312,-0.0451730459230744,-0.0496649364372666,-0.266947819331483,-0.0503881011894709,-0.00953324991493646,0.168129511488576,-0.109054080181699,0.00379970961478086,0.13846790049818,0.0669247989466216,0.0821394203660565,0.0621049293481764,0.0205087394549963,-0.0991522731757531,0.0371680224925928,-0.0785129447921816,-0.0163389851522718,0,0,0,0,0.00320465563329313,0.00461689177275735,-0.0225891974722154,-0.109761146304521,-0.294222509877452,-0.926868131818645,-2.42313047969245,2.53020691100506,2.50587794246441,2.57117462222481,2.34240101034749,1.90988230101786,2.75849214259307,2.57835277118526,2.57791450933387,2.29188279167544,2.4903827761341,2.3456253378573,2.44166863237396,1.32174639429052,3.05012075953197,0.0127903576769746,-0.676325822556196,-0.597987405216355,-0.566890819264025,-0.560589162292266,-0.55916902727691,-0.554078052648913,-0.490074661275865,-0.406809212001854,-0.384363546929607,-0.376011314433902,-0.352680075997205,-0.327228816028849
146,0,0.0667182812442185,0.197379505465103,-3.93677283124113,0.181755433499292,0.112229475179432,0.0469434894380287,2.49535837148372,0.457020792896467,0.253258251357687,-8.41926805118495,-1.13417168668726,0.827237984810878,-0.306467698242542,0.168421850672754,0.295232879104505,-0.124504636272351,0.170192633663828,-0.0212016182425794,0.0654989921454914,-0.246844094513706,-0.023430925020444,-0.0127496890828551,0.147253675360936,-0.0936670551016154,-0.00749606006979356,0.159629203044554,-0.0904813906759053,-0.00147642722279362,0.0253307322980944,0.0355385239414345,-0.0592379745236642,0.0357379269892098,-0.00325700209539836,0.0138352520250935,0,0,0,0,0.00283732867721964,0.00206649451050521,-0.0244145289037126,-0.106021339690016,-0.286578793159454,-0.934144511963138,-2.40610235180051,2.52620727136167,2.48197981965344,2.55954776299782,2.33546278775956,1.88328368371107,2.76768279290061,2.5917193118282,2.59545999686994,2.32912375641284,2.5174863016901,2.36587790821893,2.45329703538449,1.34401875214778,3.13059338077613,0.0105605096749142,-0.662689179564244,-0.5923993430036,-0.56488285621508,-0.559361571519229,-0.545094675915489,-0.541084854518691,-0.4736952124644,-0.405923526358576,-0.391649833031254,-0.377867439417533,-0.359019117877227,-0.339349275050752
146,0,0.0607008488884829,0.179577520755737,-3.58170876528928,0.165362609733854,0.114828750219767,-0.0587055170876494,2.0302551798371,0.412208449931829,0.325238159054848,-8.24388961357469,-0.92608505126644,0.821910804998833,-0.259670240110758,-0.155071266702798,0.222981211501098,-0.0712892936636902,0.31835178787358,0.0689650294425631,-0.027194152877485,-0.24025451790446,0.00625465127699546,0.164558965781906,0.148737639156754,-0.206323392117839,0.0520119962025492,0.187517212769591,-0.0508034731084716,-0.107292005146325,0.0923846831509048,-0.0174075846402717,-0.120664843415378,0.104686705903328,-0.0498681067697924,0.034141571971718,0,0,0,0,0.00271141101284372,0.000280808407427683,-0.0250195755558733,-0.100601008423729,-0.277039442977374,-0.945039039264606,-2.39205317021437,2.53069213804002,2.46769806203371,2.54670588066091,2.33094438820234,1.86215975031406,2.77391085855664,2.60388481393594,2.60433391652477,2.36463811660693,2.54034446151262,2.39487501362719,2.47031960133414,1.34984177473874,-3.07493961618657,0.00571629164854893,-0.654829411671001,-0.583358275483579,-0.556334530294115,-0.556783573549854,-0.526870359935943,-0.523144269290499,-0.465140525192351,-0.410803532662728,-0.401037060066311,-0.381495308270479,-0.366948905388604,-0.349523116883924
118,0,0.0546834165327473,0.16177553604637,-3.22664469933743,0.148969785968416,0.117428025260101,-0.181101764562977,1.27978762569842,0.479033175505635,0.439400138446568,-8.22096620821496,-0.71719826493803,0.703088774238763,0.0333485661981429,-0.0338391491020308,0.240572381940766,-0.0232653865805129,0.280706474365786,0.120696561851477,0.246616384181513,-0.0681470470137445,-0.0771877129241946,0.0203076443266597,0.138400229317533,-0.0915248081989665,-0.0715805642695259,0.129641305122385,0.0260113818372459,-0.0280714930063213,0.133979993312427,-0.024897162466046,-0.161282482081667,0.134057247713055,-0.112051027520417,0.0419351195933578,0,0,0,0,0.00283298710350357,-0.000903252678187615,-0.0247636917624101,-0.0940471245170743,-0.266654230154676,-0.959524722885855,-2.373344620631,2.53977758665486,2.46398682737232,2.5423572390057,2.33141095209014,1.84654164940143,2.78149424952509,2.61102894848601,2.6106958053046,2.39319625009061,2.55690798547412,2.4360781474338,2.48605074569377,1.35056862247808,-2.99497676854575,-0.00256952257613074,-0.649066895598726,-0.564956213609843,-0.541031085950999,-0.546793589966515,-0.506494084919554,-0.500964039606532,-0.459568407798295,-0.422010064322632,-0.417360434972593,-0.38892188437275,-0.374109894096801,-0.353310910556126
75,0,0.0486659841770117,0.143973551337003,-2.87158063338558,0.132576962202978,0.120027300300435,-0.21231349039077,0.995730401964646,0.672807551128951,0.507261811981844,-8.65170944415477,0.0462377839221613,0.837532765873967,0.137107769188847,-0.0278067319547018,0.0646886964928943,-0.393291063592588,0.129725398506865,0.0770171360537385,0.0840787275201744,-0.227610966282224,-0.0119719755632525,0.0976820476240131,0.0736682178199301,-0.063855438300239,-0.155162214642715,0.0775368712876661,-0.0398903997626459,-0.101473787651862,0.133475009081955,-0.021202376818241,-0.11886247890508,0.131093712546632,-0.0650066043195914,0.0577590392553954,0,0,0,0,0.00295456388833771,-0.00209160804291291,-0.0244179736736118,-0.086673109785657,-0.253795321907127,-0.97097274188717,-2.3461808643216,2.54426109428051,2.46449639379645,2.5393563924265,2.33511033771345,1.83515044912733,2.79827782445167,2.61500622751073,2.61335527138874,2.41879503777689,2.56937736188284,2.48760150754019,2.49654351835476,1.34527453566647,-2.90056396050576,-0.0131835403333631,-0.640435291412554,-0.539638164465203,-0.523208482441335,-0.528657047132217,-0.486955594869136,-0.476561161347436,-0.455686118246255,-0.437019402692705,-0.432647799366654,-0.396682274815472,-0.383606641581107,-0.354666868101163
60.5,0,0.0426485518212761,0.126171566627637,-2.51651656743373,0.11618413843754,0.122626575340769,-0.2754859843852,0.966920977846127,0.793254368259779,0.530213329189462,-8.81026689354076,1.03201596558002,1.088431140831,0.162881225845014,0.0903426292028561,-0.0936355124891427,-0.680371525929262,-0.0976304416375276,-0.0638476675974456,0.0667294774692645,-0.0768199689641286,0.0314402594542157,0.109226350906377,0.113814411216159,-0.115842437035299,-0.235597127405529,0.0344321053747854,0.0209813225653686,-0.0792012065894495,0.0865311965621701,-0.0701512320945546,-0.0325600797831449,0.123700762125275,0.00845696335340333,0.0483474945555872,0,0,0,0,0.00297889700490123,-0.00411030798412427,-0.0256097619813564,-0.0809622608335663,-0.240455429368338,-0.973582870665505,-2.31182224904002,2.54748242067613,2.46283330729295,2.53144203123399,2.3390010691153,1.82342994681153,2.82524515998665,2.62292994825247,2.61207422332763,2.44727342423581,2.58107616075789,2.54044736540165,2.50429745334977,1.33050181746127,-2.79463870657897,-0.0284453779090252,-0.63496793016389,-0.514369988451762,-0.510946816323359,-0.513283304244122,-0.471406510322577,-0.455193570260039,-0.454193876797117,-0.453367838177045,-0.441678617849901,-0.401072346451091,-0.394206361636307,-0.351235486221572
100.5,0,0.0366311194655405,0.10836958191827,-2.16145250148188,0.0997913146721027,0.125225850381103,-0.341681172425613,1.09635569931833,0.656206905631799,0.567111744824333,-8.8521322652709,1.40962457551834,1.02660354874542,0.221650254895207,0.26980625726691,-0.323620977120221,-0.785102701490752,-0.110213228186415,-0.0969622081094486,0.041792341846346,-0.0140677238543275,0.0438599640089555,0.11559941634187,0.113430314583639,-0.13702591542208,-0.215900140747652,0.0176218333078916,-0.0072108932358134,-0.0290900100474556,0.0912536123111534,-0.0677575960733086,-0.0225930965804284,0.111002625037349,0.0646554176539782,0.0644898900137687,0,0,0,0,0.00288071109111243,-0.00724958836574826,-0.0288946893680301,-0.0781252531992627,-0.227074122073413,-0.965879124002771,-2.26819207286265,2.55302244123334,2.46208360652204,2.52713962146321,2.34253197795376,1.80795348432419,2.85538398530655,2.63783465853858,2.61444875048166,2.48616875843535,2.59996296371992,2.58756955107531,2.51466060521109,1.3080528559475,-2.70335047661144,-0.0469419073059186,-0.634329993765179,-0.492503291955877,-0.506190056489987,-0.502777337397728,-0.462042649645643,-0.441298238488488,-0.451700138386685,-0.469459239603837,-0.449559992867581,-0.400047607911273,-0.400870851694336,-0.344014438484786
140,1,0.0306136871098049,0.0905675972089031,-1.80638843553003,0.0833984909066649,0.127825125421437,-0.358404217197296,1.36609938569162,0.53183482492537,0.613176302951539,-8.51334951515875,1.64914895903557,0.774439431275007,0.2341125281358,0.246601750639899,-0.541023150319756,-0.921118789296156,-0.162892740983405,-0.0272833999517528,-0.00648748698733886,0.05915765158869,0.0834899391626753,0.0815427583531238,0.223431707729635,-0.191077677259505,-0.200655447685978,0.133316996974225,-0.0896749474549019,0.00679626617922114,0.12556699570778,-0.0989587410938747,-0.0485418580634168,0.0421096501812968,-0.00345698967571898,0.0917175008666349,0,0,0,0,0.0027591348348012,-0.0109956579594266,-0.0333815460060677,-0.0769260951793673,-0.213920159854995,-0.958127785185828,-2.22352258252511,2.56545058494456,2.46305699338743,2.52195240851415,2.35010373206389,1.79409557649222,2.89380918468812,2.65801768101212,2.62103438712416,2.55175560993384,2.62798361523694,2.63863382097577,2.52852144431288,1.26501331307168,-2.63507356380525,-0.067584822522904,-0.634362098874948,-0.473023300754494,-0.50450505680457,-0.496682144108492,-0.45449113003866,-0.429152503270366,-0.443803431286656,-0.483391666824757,-0.456088931406317,-0.394864174280937,-0.402498779285495,-0.336548628286084
140,1,0.0245962547540693,0.0727656124995364,-1.45132436957818,0.067005667141227,0.130424400461771,-0.368118771724671,1.31980314727055,0.549310878573015,0.628787319285427,-9.02568355770584,1.64353612446399,1.13930910056281,0.281263252215272,0.29660958336404,-0.288960536609712,-0.652716891110654,-0.117457779735693,0.0237833231648671,0.0723543446333376,0.0179563614674121,0.174013903179319,0.0978565674408562,0.16322063566472,-0.180189107524194,-0.290478417468963,0.160937629713865,-0.124926521861519,-0.151967093165354,0.201309241641658,0.093115400338207,-0.0656395182519395,-0.117338564189586,0.114506469845545,0.0136533843313729,0,0,0,0,0.00263755927484259,-0.0149753934259637,-0.0384040164116651,-0.0763542639651211,-0.201815805775174,-0.955657599130635,-2.18225352979145,2.58215767263388,2.46158560058234,2.51435310415684,2.35780117679316,1.78657287330795,2.93314103347577,2.67276327112934,2.62731625833187,2.63738183852941,2.66031067937301,2.69310143556191,2.54501000506268,1.19708973009845,-2.5780061407277,-0.0973463105186208,-0.637645505247573,-0.456272726926264,-0.500892399951823,-0.487340940777403,-0.444867253020507,-0.414993209684852,-0.434068242963643,-0.494537932432315,-0.459170382502711,-0.390165781995707,-0.407349157258197,-0.332461838724768
136,0,0.0185788223983337,0.0549636277901697,-1.09626030362633,0.0506128433757893,0.133023675502105,-0.37002930059073,1.45324768127545,0.593127681348229,0.625360638611861,-8.60803938317056,1.91266222449176,0.814560837218455,0.287977342916634,0.0380114483266373,-0.363331439202739,-0.609581471516941,-0.41211255461065,0.254983054998165,0.0194201123528123,-0.17377180414838,0.255181168917328,0.0136868975093368,0.125614931911801,-0.011150626796415,-0.272350190429022,0.144705194375872,-0.0291019158875667,-0.136360987159153,0.257458617822403,-0.0726906907256454,-0.0899721031229153,0.00099811892510027,0.0693160262972757,-0.0192475971203304,0,0,0,0,0.0025159844148245,-0.0185950951027463,-0.0425574199350333,-0.0740710942753367,-0.186674301102522,-0.951368942448824,-2.14579279942895,2.59282145461325,2.45403024474496,2.50844329293432,2.36196640406994,1.77844584167226,2.96463133595379,2.67356072084582,2.62913714895021,2.71817114730436,2.6899778573731,2.7458779970134,2.56125075570304,1.10008942616003,-2.53843440724603,-0.132266943268413,-0.644551645798505,-0.444877402686046,-0.493758968719079,-0.470831852935895,-0.430320473182121,-0.400107383047371,-0.427728898172843,-0.501658241945889,-0.458582088183377,-0.389177416952436,-0.41791966525118,-0.334320395525881
100.5,0,0.0125613900425981,0.037161643080803,-0.741196237674486,0.0342200196103514,0.135622950542439,-0.38452823329098,1.40762471597889,0.718504736197332,0.615984919310443,-9.24496760357381,1.76058614499478,1.25594734042226,0.347458625372389,0.208188578887785,-0.325895848175552,-0.610142846820003,-0.139500543553702,0.115546758485914,0.0327597970798939,-0.207367870644697,0.0962007254720076,0.0593051757053301,0.175695820586795,0.00102978222862575,-0.167545067159523,0.161087467462321,-0.146718385896951,-0.0971580724344743,0.194667249851193,-0.0357896384335287,-0.0289298148475045,-0.00916416236099101,-0.072362019653141,0.0933451271542702,0,0,0,0,0.00240570290384554,-0.0215968177736555,-0.0457258596163067,-0.0703683533224657,-0.169251412243972,-0.948833042468428,-2.11944621701387,2.60305149097815,2.44344236868582,2.49903563390906,2.36926705407517,1.76875515415967,2.99826248404899,2.6683504998024,2.62477342278399,2.78085257712229,2.71801009461766,2.79632465356147,2.57641247102257,0.971218068456812,-2.51295163609233,-0.169672800013728,-0.653471004649075,-0.435185069913679,-0.486760807680556,-0.453716362595932,-0.415528857264533,-0.389738396441641,-0.420458745979392,-0.502059693669717,-0.458669097520308,-0.390367866660704,-0.425351133625184,-0.331701314107108
69,0,0.00654395768686246,0.0193596583714363,-0.386132171722636,0.0178271958449136,0.138222225582773,-0.400424720115304,1.08595095364024,0.793891302018205,0.622742950922769,-9.44494559961275,1.78892462542198,1.09352958230274,0.506740826140571,0.243020401677599,-0.512968503562829,-0.639726683257506,-0.129026136226087,-0.0662157936124705,-0.0819046185924589,0.00246407769872324,0.133682667945988,-0.0634408164857956,0.189238002584102,-0.0715101637862776,-0.157693445667143,0.199179713249473,-0.112728729285647,-0.0376811420492744,0.167154405580734,-0.0502959555881111,-0.0712037443019964,0.0735541815490417,-0.0118151995345566,0.0581442116167553,0,0,0,0,0.00229074252826564,-0.0250644896631617,-0.0507664635037778,-0.0703651418048939,-0.158250960012256,-0.952311907601214,-2.09654621685803,2.61708798264896,2.43593414688064,2.48979872442032,2.38194119541244,1.76292585883452,3.04286320713654,2.67467526832119,2.62108186856705,2.83713635898252,2.75059550817718,2.84619903279445,2.59266512215364,0.756955474189706,-2.50149173646952,-0.207529804489787,-0.660474824967198,-0.429207070837206,-0.483690241658024,-0.439329174507676,-0.406356495052931,-0.387872474335718,-0.410070450502048,-0.498322912530427,-0.459474949185373,-0.391028174803356,-0.429124641578993,-0.324840105541933
67.5,1,0.000526525331126866,0.00155767366206959,-0.0310681057707869,0.00143437207947581,0.140821500623107,-0.407197712649991,0.864661868306866,0.701373756828389,0.646407893013151,-9.38718937355079,1.88429330355862,0.948249604330234,0.6117698583381,0.15789014777877,-0.456271807679704,-0.640251293588851,-0.24311179851528,0.00310858358547503,-0.127954430509996,-0.062170359162925,0.206672001503418,-0.0931876527219577,0.204153472077319,-0.0650758097145538,-0.231654027329608,0.175464050350394,-0.0941128769761693,-0.0379597222493005,0.174074560517705,-0.0814184117532757,-0.150976400109349,0.154897607977973,0.0862434982326482,0.0958982783667943,0,0,0,0,0.00215911311945558,-0.0299951535449115,-0.0601018122831783,-0.0779569480206139,-0.157008324739634,-0.954985525555989,-2.06710191079742,2.63133357621687,2.43230880853758,2.48528628877459,2.39551474584225,1.75526007651311,3.09624711535096,2.64979292355038,2.62043243637983,2.89631342524944,2.78706861326365,2.89564387459709,2.61239019232967,0.46469418853286,-2.50318070268935,-0.231906414370425,-0.660871960251308,-0.437208865120439,-0.491098074791129,-0.439037087764754,-0.405753788851917,-0.395403457774517,-0.397427142835588,-0.488431155297566,-0.454628671474099,-0.392226864407602,-0.431905068628942,-0.322588452237438
65.5,1,0.0301418786691694,0.343529411764706,-3.21534291799116,0.275687982490299,0.0954500627446752,-0.41302614831098,0.634940165991523,0.656222372501611,0.666024655819212,-9.43240273134245,1.96833325853486,0.921624969407586,0.612991130835767,0.134917681405625,-0.335567490261148,-0.592502124734525,-0.379415464539178,0.093907278455775,-0.107686050448785,-0.187254998519882,0.26258676621185,-0.119269058393506,0.203145658800465,-0.0542158195428321,-0.214552638850796,0.174209195254044,-0.0995776780085373,-0.0345316890796834,0.17196155300387,-0.0988834390729378,-0.149964957171856,0.155812640586896,0.110908648553549,0.137795281553617,0,0,0,0,0.00202748434581827,-0.0364207001881204,-0.0735142393570302,-0.0922961620296923,-0.160403036416393,-0.951085677181948,-2.03464972227819,2.6402775910004,2.42441817180839,2.47840087495993,2.40888222252837,1.74367636137057,-3.12648340529663,2.43804441832832,2.62005019208155,2.95225505726136,2.82275311041438,2.93742958039583,2.63850892089885,-0.290781230981905,-2.50651844443723,-0.244467296750609,-0.661140007966528,-0.459495610201405,-0.515438284747511,-0.460840286953065,-0.419621829621724,-0.41749407092575,-0.391010058889149,-0.475760179909113,-0.451755565532666,-0.400572005757334,-0.434853876764515,-0.326857642994092
65,1,0.0563467054956253,0.618692211578509,-5.37902070979921,0.450709023597841,0.0618045095589256,-0.418855967727514,0.746728338767325,0.636980644279273,0.645915907716829,-9.47724085471368,2.06763015903711,0.916712155184533,0.650490413005955,0.189373593392483,-0.420241206813155,-0.582122211603592,-0.397285512902985,0.107359496343044,-0.0689398660535903,-0.193067560986109,0.230621945227559,-0.143092642525153,0.217316287890029,-0.0705718099272549,-0.220097263104624,0.169070352049412,-0.109496942617578,0.0101402270724297,0.1194547795508,-0.070022154153478,-0.154739796348194,0.137288614766063,0.0998675988344316,0.133843270499854,0,0,0,0,0.00189585621191033,-0.042759722910041,-0.0871286209117242,-0.108053795262828,-0.16523077562951,-0.940144190255034,-2.00085196597914,2.64418381193581,2.41268202370524,2.46746864067949,2.42164446864098,1.727179227552,-3.05748404798294,2.16325662946222,2.62064146563122,3.00533486726641,2.85498942327629,2.97497647080681,2.65174126116109,-1.1433687355562,-2.50718572222636,-0.246171481131355,-0.656283942068241,-0.481160834295374,-0.540423788670196,-0.488048014623004,-0.436934287455462,-0.44408582027707,-0.390858316690613,-0.463592290048804,-0.45366757572015,-0.414148770070658,-0.437181149515059,-0.333291383302346
65.5,1,0.0679597045119693,0.677334443981674,-4.6360624405097,0.354079035099501,0.0613236641595414,-0.419845191314393,0.880813410880288,0.640135203341384,0.644171935641166,-9.56007037049072,2.09003842599775,0.95121191755478,0.73056037313979,0.182906307797521,-0.436079928043381,-0.576211784555317,-0.411990639106863,0.147654269080535,-0.0613316313476252,-0.185316592653559,0.236950147879588,-0.175778407540025,0.186660438112773,-0.0513649831420556,-0.220210622090794,0.153193975533881,-0.0781986205586933,0.00361181795156272,0.151178715796603,-0.0883937312669889,-0.225032367278359,0.156970185949701,0.0772441444865319,0.116379601330438,0,0,0,0,0.00176422872228819,-0.0471911026303125,-0.096900773979755,-0.119632581581151,-0.168134520483544,-0.921993758588605,-1.96553954446434,2.64226848685869,2.39733758678191,2.45237843773979,2.4297032480172,1.70382708876739,-2.97416436887492,1.86492121030053,2.62178031372478,3.06103567415783,2.88563817272425,3.01679750173704,2.64268701284904,-1.44634291068465,-2.50907480467493,-0.234645999194585,-0.639599319937966,-0.493556230207964,-0.551392319730471,-0.508364142550187,-0.450023580893674,-0.463750142748814,-0.388714127174742,-0.443591618639473,-0.453142435708994,-0.426943452791955,-0.438370252657154,-0.339795562891949
66.5,1,0.0605711172035307,0.376757760808071,-3.61541597934786,0.36003091515803,0.067416528062742,-0.395096660264201,0.935873718156937,0.64102243300035,0.587383474070778,-9.56412900688181,2.04214358824736,0.933550535347469,0.76844968556867,0.163341226032388,-0.399511142682263,-0.533002335627644,-0.41470334742636,0.158262837353913,-0.0847979532451243,-0.207996537977931,0.26148340131978,-0.203617706507035,0.176657154883122,-0.0562962502457608,-0.172457695581154,0.155815376633279,-0.0417531878068327,-0.0100238525978438,0.127687479965615,-0.0894199317494399,-0.227439154996161,0.19073433899745,-0.0277006605478464,0.120484243897229,0,0,0,0,0.00145479869340822,-0.0504824456321186,-0.10386110798163,-0.127753596687515,-0.168819046762293,-0.897610040256489,-1.92719546780613,2.63050268575013,2.37509810676717,2.42944597081594,2.43520411823923,1.6821455994092,-2.82798846514078,1.55535054361636,2.62267033607198,3.12062246634684,2.91654124231039,3.06115362596351,2.62130731364265,-1.54392912460427,-2.51221556791172,-0.21607751367287,-0.620612511964232,-0.502780696898909,-0.558314708730094,-0.525270517385953,-0.465110508463983,-0.482907574805005,-0.390762581689055,-0.420834260967399,-0.452744543602731,-0.441887821501138,-0.440652060748941,-0.348230304330111
67,1,0.0356359456306882,0.125314930022979,-3.49579725998451,0.408076087589004,0.086478342173977,-0.316191998493162,0.933975589229897,0.535821155782888,0.446800648397892,-9.58004510353836,1.82731939801849,0.98576179417922,0.79228876543614,0.227947367750956,-0.354593990416675,-0.555479791340396,-0.264447900523275,0.0665661851235633,-0.147461067970753,-0.214153877133216,0.230661832937891,-0.0683022963538166,0.259487817414288,-0.166748582129504,-0.160020252221441,0.149589683116916,-0.0401252043365352,-0.0301051737029916,-0.0112495780712239,-0.0322277017395184,-0.0906381519887883,0.183887492850665,-0.077538844544944,0.122804231097011,0,0,0,0,0.000583331648717126,-0.0535197023701641,-0.109080827277888,-0.133643886850894,-0.170205496151566,-0.868522928547595,-1.88171700447115,2.61216041565967,2.34914768603294,2.40350013486901,2.4441337565977,1.66582319846293,-2.65174100015446,1.31127261630504,2.62226576947731,-3.10268569190917,2.94757152541612,3.10423963308304,2.59080267580714,-1.55426274745712,-2.49932818229488,-0.187502490718031,-0.602714705820219,-0.512027376428242,-0.568470614017178,-0.542770543380835,-0.481450213887861,-0.503700720259762,-0.398457657533807,-0.404550904810514,-0.455587606597092,-0.456939673173888,-0.440252658287889,-0.352409288238917
69,1,0.00204888966883676,0.0263866586979845,-4.22408164468353,0.461522083586728,0.113624357717763,-0.247294606295156,1.25939084951994,0.403094157214019,0.362932952761114,-9.58041382707095,1.24433661713096,1.26281588608598,0.792069816573264,0.160012953971432,-0.178917179387502,-0.551228500090195,-0.106241143040432,-0.102896569325529,-0.104574896443234,-0.268139003517538,0.1685323143886,0.191736614627341,0.236805345998702,-0.170282995012808,-0.122423801866284,0.0643611273458328,-0.0266490324441372,-0.0120560058683051,-0.0683739849099369,0.112616832583822,0.0305496985966953,0.111731689587668,-0.0426894764577355,0.00997973846393341,0,0,0,0,-0.000677774663468915,-0.0558517138157048,-0.111663254848861,-0.135639567181274,-0.169487632199328,-0.834005733469206,-1.82406985840519,2.59030358994612,2.30793900070454,2.37514856543916,2.45127473662411,1.64058880853575,-2.50940541251282,1.03692092363837,2.61831773529465,-3.04546158134779,2.98442827036946,-3.13921484791962,2.54966426685521,-1.49416799957837,-2.47370646252278,-0.152137143858308,-0.588203693681289,-0.52002866005043,-0.579391136462606,-0.562501128473519,-0.499349184057559,-0.524328216725347,-0.408817144593728,-0.39908084037252,-0.462101824606105,-0.469179331567582,-0.439469371838909,-0.351556569305541
108,0,0.00191470123371033,0.0246585107685218,-3.94743282636614,0.431295504227794,0.117124572063531,-0.192679863990668,1.35937653907674,0.429531465364572,0.328629041120597,-9.4322693728232,0.35648182945846,1.39105474693607,0.636262467106934,0.064176838599711,0.0477824995181257,-0.446118869842464,-0.0549222816480723,-0.142269590533167,-0.143509644656926,-0.312843575198829,0.134148681270404,0.238664570715535,0.136461583678351,-0.236902835298912,-0.0803080646913036,-0.0566788401120918,-0.109111269946476,0.0458811813205752,-0.0138588710244673,0.121166826648757,-0.0406098326224901,0.0625577950742066,-0.0164773535689447,0.007320560208697,0,0,0,0,-0.00193947255161717,-0.0572946852621121,-0.111203515784233,-0.131978119979449,-0.158810927616981,-0.796534331024533,-1.76149615103851,2.57593916785032,2.25200544830813,2.34464627480626,2.45409743361301,1.60806355123026,-2.30684420365096,0.813638907011267,2.61240207407021,-2.9802686953453,3.0594783440523,-3.10333193306632,2.49823911610773,-1.47067503395908,-2.44517447226385,-0.117000320495105,-0.578466438383403,-0.529341759726658,-0.589400863890875,-0.581961130947486,-0.51637031589128,-0.542196002696146,-0.42210633209428,-0.40175563164363,-0.468126400573605,-0.476386770812079,-0.440419076097354,-0.351890409922005
127,0,0.00178051279858389,0.022930362839059,-3.67078400804876,0.40106892486886,0.1206247864093,-0.130393900154699,1.08354881208871,0.418054625104016,0.291164354301319,-8.88371921268728,-0.159823582852051,1.44780123524667,0.594602966324333,0.15638021098085,0.299618353357399,-0.374985700667368,-0.0102911270888809,-0.0896731158626304,-0.0865192123649541,-0.110839285185934,0.125934291712685,0.218276431251082,0.154020559421477,-0.293573607044129,-0.0656488593999584,-0.0614151270014575,-0.064446883301908,0.05187242788403,0.076150734056189,-0.0627059905393068,-0.0194165271890544,0.114220446520849,-0.0888438329140925,0.0150887040448669,0,0,0,0,-0.00320175841232266,-0.058529172927305,-0.109956198585146,-0.126716301799462,-0.144166885737612,-0.762346611834136,-1.70581428232804,2.57114007301848,2.19452318245105,2.32150003092683,2.46065924211888,1.57475810898572,-2.05877434021614,0.670628275286933,2.60669648062363,-2.91179204890069,-3.08441579991345,-3.07199115807542,2.44998190125636,-1.45730718156477,-2.40996882540511,-0.0826295435817039,-0.575279124566895,-0.542319478782218,-0.60149794403929,-0.599236715881552,-0.53202144250791,-0.557502045627965,-0.437393687994148,-0.407966998634335,-0.471647715350046,-0.478546292781416,-0.438949617296503,-0.350767550501966
88,0,0.00164632436345746,0.0212022149095963,-3.39413518973138,0.370842345509925,0.124125000755069,-0.101155582495138,1.27449306186575,0.417644908759193,0.270378544705073,-8.78413395023,-0.409751055766216,1.4400201924206,0.363367497330846,0.0756976216133269,0.201876031631458,-0.275008245186411,0.129251404201797,0.021735935465322,0.0643577671954663,-0.119385279739038,0.096457564061943,0.0811631740786093,0.109944107641919,-0.0635243123717071,0.0423502028288767,-0.047322439937115,0.0113994523416094,-0.0103278947750541,-0.00690929596799886,-0.0806711856845748,0.0112167324474839,0.138500912247345,-0.129297149841851,-0.0746102520879705,0,0,0,0,-0.00446462863132657,-0.0597649189208142,-0.109575565897816,-0.123772222102221,-0.13362782328874,-0.732933775743372,-1.65975536508686,2.56847619585515,2.14126745330118,2.30836630672455,2.474049171814,1.53801021610691,-1.89175226828604,0.584716437816253,2.59734715567745,-2.85163127100246,-2.92682334189021,-3.04683024419123,2.40673475690715,-1.38466895753809,-2.37096301304439,-0.0526254180819007,-0.579241287134187,-0.552061295700541,-0.609667171310651,-0.609772174655442,-0.547956959279918,-0.57013280004112,-0.454886121192334,-0.417833139401947,-0.476999506176807,-0.476528497389779,-0.436296045697346,-0.345590903370119
66.5,0,0.00151213592833102,0.0194740669801335,-3.117486371414,0.340615766150991,0.127625215100837,-0.0585140660746632,1.44658097720625,0.5167031158294,0.274142354255731,-8.96877908812873,-0.605561029193186,1.27513405648049,0.160470414954012,-0.00891451923822932,0.181680922123357,-0.143680702674412,0.236742058888965,0.160671276766175,0.144079605705494,-0.136545112705207,0.138881610690878,0.155903109631979,0.156773745812955,0.0104510161956638,0.0320279681427007,-0.0660543841276279,-0.00725734230083955,-0.127986543700766,0.00284667039524662,-0.0427345190798273,-0.091863059756126,0.0291808668876853,-0.069044258312108,-0.0280865121359791,0,0,0,0,-0.00572807958356735,-0.0613252415619515,-0.110579031960047,-0.123954955925965,-0.129369622371929,-0.705917239319179,-1.61461835388216,2.5621697166125,2.08640617180395,2.29112070299733,2.49090633917049,1.49825800588882,-1.78901436667247,0.517815468688543,2.58234409816152,-2.79735078009635,-2.78975246540747,-3.0286251083552,2.36206624983259,-1.32487708876881,-2.32832510178364,-0.0268117548873362,-0.585386253722318,-0.559841922281432,-0.612120839011609,-0.612843525082888,-0.563626329096549,-0.578539146241928,-0.470474547042221,-0.429980224070676,-0.482307026465405,-0.470045577539525,-0.431298112738514,-0.338652254236853
65.5,0,0.00137794749320458,0.0177459190506707,-2.84083755309662,0.310389186792057,0.131125429446606,-0.013384834478104,1.94938834463802,0.422063602779634,0.275389834165641,-9.06269488902819,-0.720955415904632,1.11004923622621,0.00925169495071581,0.0857887633440751,0.185054476994913,-0.199042548081837,0.235961825139231,0.189489345083565,0.157228290780879,-0.0550434630465704,0.144258919269497,0.193575112321425,0.206032816443898,0.0131595979646503,-0.0164365512833562,-0.0533279631140898,-0.0249630599911524,-0.191651070140249,0.0133496410689747,0.00220510347022446,-0.136686602657555,-0.00885401671729021,-0.0592363241176848,0.0432035670565238,0,0,0,0,-0.00699210763323256,-0.0630919309735071,-0.112285161051227,-0.125603175441556,-0.12786490072489,-0.673863150151391,-1.55780496930553,2.53844282604409,2.02889623995014,2.26195814427416,2.51352631456215,1.45530620951183,-1.71339762354388,0.462172238068101,2.56626766923622,-2.74224823308789,-2.65810563143045,-3.02974814217105,2.31556548509287,-1.19157845863515,-2.28755307337569,-0.00329857304353876,-0.588290965067453,-0.565747462854204,-0.612377552839788,-0.611329523803413,-0.573993429918904,-0.581176908697785,-0.481756224425068,-0.442296679082762,-0.484125973300192,-0.462306828255498,-0.426660586784257,-0.330788878620569
64.5,0,0.00124375905807815,0.016017771121208,-2.56418873477923,0.280162607433122,0.134625643792375,0.00846082049752389,2.49441289498794,0.391133989648362,0.263259332196785,-9.15634243605341,-0.790793509743551,1.15312833680673,0.0260976099543542,0.19606088565429,0.283728135725118,-0.186383910110097,0.187809069383313,0.104553116261647,0.121598447381321,-0.0106683036773749,0.138662480711291,0.162836329382152,0.237156826823135,0.00679030939952927,-0.00648427321165177,-0.0491009735589562,-0.0224957856451457,-0.11237475641704,0.020049083722172,-0.0109095290299436,-0.0860727786956459,0.0891108991785717,-0.012790155478784,0.0732159089949244,0,0,0,0,-0.00825670913381055,-0.0644463148547229,-0.112902344994876,-0.124992192816104,-0.120538902553255,-0.630828011423546,-1.4904771869838,2.49591805280643,1.98690947387551,2.23739752704037,2.54978200547524,1.41962149856672,-1.65457919140472,0.424560779847244,2.54782378088478,-2.66967244147215,-2.53010698493806,-3.06363775536149,2.2681095157313,-0.861538146740841,-2.24062596757285,0.01485914426775,-0.588627325846309,-0.569373565850444,-0.613226785187771,-0.605740237767931,-0.576013178786856,-0.577744500545095,-0.493014146989762,-0.460433712857293,-0.484473322354289,-0.454368665574715,-0.426189278414512,-0.319859891083373
64,0,0.00110957062295171,0.0142896231917452,-2.28753991646185,0.249936028074188,0.138125858138143,0.0218065399426096,2.49597286756939,0.577169108076351,0.256078185262151,-9.25351560854467,-0.845038839727997,1.24002813271273,0.104322035013576,0.156687831594773,0.31240217446203,-0.19153096119184,0.113042149174645,0.0489473716498252,0.089071829204356,-0.0229498627552969,0.171785664183439,0.189868480889107,0.274001781217454,-0.058202152722049,4.91669682574671e-05,0.0207482619076294,-0.00804519222008789,-0.0576869488082846,0.0735939261122745,-0.0208309987389489,-0.0501370245976181,0.0994088384389349,0.0894697409205385,0.0751241433733789,0,0,0,0,-0.00952188042814447,-0.0655900631637623,-0.113119879304642,-0.123833641306458,-0.11218211349765,-0.585226651298118,-1.42205880979046,2.44760030037884,1.95875780281242,2.2228292821354,2.59804044175339,1.38965374030878,-1.6120290009094,0.373090651064521,2.53001240306209,-2.57446016686952,-2.40765280421564,-3.10144661657682,2.21625939024172,-0.475103608518401,-2.16688283395355,0.0291247338384536,-0.591210243231012,-0.573657613121148,-0.611562707070825,-0.598301168648109,-0.575023640963466,-0.571185925753641,-0.502596485921739,-0.481079381488784,-0.482614317109581,-0.44500747364581,-0.428648996112654,-0.308431825637677
111,0,0.000975382187825278,0.0125614752622825,-2.01089109814447,0.219709448715254,0.141626072483912,0.026781978769059,2.49532844512669,0.596352042638422,0.255368308248067,-9.23806236211491,-0.830994092805856,1.18619037075141,0.0100915454276338,0.0574114582198743,0.264063496059896,-0.176380081246847,0.159081793346408,0.109830084165823,0.074802140246723,-0.0859489582125396,0.156107419552521,0.17357076537258,0.268689865381718,-0.0219674738929504,-0.0399109313803033,0.0989093744515646,0.0397896580361654,-0.0467759140676658,0.0690655787296417,-0.0151196277643265,-0.0233664193612904,0.0620127214422201,0.0628347739832829,0.0644596477478805,0,0,0,0,-0.0107876178484846,-0.0671715538933935,-0.114535584174369,-0.125236278985934,-0.109044405436909,-0.542578641425766,-1.3542641142496,2.39404840215509,1.93065828282825,2.2056014991033,2.65542233604421,1.36424251424799,-1.59606274570491,0.300291208161093,2.52605063953334,-2.46627197778509,-2.27728029931235,-3.12918656948278,2.1593221603368,-0.217164234662098,-2.09731824614359,0.0423406310147423,-0.592296965170529,-0.57612556555881,-0.601343678273529,-0.587455626029201,-0.574655555488379,-0.562450844822318,-0.506171379771248,-0.491198306194253,-0.477322073970424,-0.432714921717918,-0.429455333118074,-0.298157544112715
158,0,0.000841193752698842,0.0108333273328197,-1.73424227982709,0.189482869356319,0.145126286829681,0.0370573737042884,1.62511093374196,0.44430754748969,0.250243941836596,-8.85828650554462,-0.793885981228804,0.958755977215653,-0.259086292015646,-0.113689410887991,0.312286270622769,-0.0786895704396029,0.208471477426993,0.160165285501443,0.118693981731154,-0.198574925700283,0.0278277940900499,0.105252005788915,0.131720113051085,0.0179696972291195,-0.0942696555214274,0.0297767072489306,0.0237035786668866,0.00423145206076729,0.0586620155599357,-0.0563546709079457,0.00603463580078305,0.063621568471792,-0.0820270074944552,0.0860527177295993,0,0,0,0,-0.0120539177165421,-0.06911835413796,-0.116803806644971,-0.128310790489382,-0.109452204872031,-0.501592708617277,-1.2839974373698,2.31358871734421,1.88690878291583,2.18296344858649,2.71653272854215,1.33546694436148,-1.60630666111723,0.227098412917258,2.53334090396,-2.35874411968455,-2.13795818588449,3.10560865655494,2.10850000577692,-0.0980379947712624,-2.06235019423928,0.0526524782894093,-0.584723223587647,-0.573002692367027,-0.587228358205599,-0.568652657751892,-0.568675803039315,-0.548541254012384,-0.501155644212029,-0.488790651894853,-0.466510828828665,-0.419288143635172,-0.423794599287903,-0.290378716944454
149,0,0.000707005317572407,0.00910517940335693,-1.45759346150971,0.159256289997385,0.148626501175449,0.0471015124441805,0.543697225514846,0.468335226280539,0.242496556508782,-8.72909321530627,-0.908543441128451,0.980486845567745,-0.19003882433826,-0.0984248047358789,0.196047844313173,-0.10542151391343,0.214708278543135,0.183035659947807,0.166730768333146,-0.185946725571288,0.0372921357214184,0.0324419516935169,0.115156186262035,-0.0112508980275489,-0.0380290336567056,0.0245145991693035,-0.0731377012727627,-0.0796177712538977,0.125017300402059,0.0385482978366715,-0.0644373971382465,0.0701101746674041,-0.078880155080496,-0.0431587957829802,0,0,0,0,-0.0133207763435435,-0.071066090840849,-0.119061053936911,-0.13144875167719,-0.110998026576291,-0.463624013545478,-1.22035550158031,2.21017228726328,1.81833730318201,2.14453345772368,2.78250869451288,1.29683755307859,-1.64497047997938,0.177129219623273,2.54890511406555,-2.24894938055859,-2.00243404824843,3.05192761439857,2.07342792027463,-0.000185263972635852,-2.03887400213744,0.0605556819439802,-0.575452561314787,-0.56823379941245,-0.573090821562816,-0.548974789973858,-0.559217756222178,-0.533265206976858,-0.494560553068559,-0.486129629253569,-0.452991193455048,-0.407627559745884,-0.417290688087554,-0.289017432328542
102,0,0.000572816882445971,0.00737703147389417,-1.18094464319232,0.129029710638451,0.152126715521218,0.0265247513434936,1.00547442591551,0.513182506474496,0.248448362979852,-8.82025007029658,-0.998414408935492,1.02663385186881,-0.122214674420858,-0.0911044871001276,0.236054698450916,-0.0486091727523712,0.176967429689263,0.219578020618804,0.137029847988145,-0.122988863779673,0.132625054934559,0.0489522538001681,0.08016320053879,-0.0579766301549622,-0.0509427782161382,0.00210987914039769,0.02800131750899,-0.127243618796945,0.00981382145666366,0.0389026806453528,0.00622717615530798,0.0494006463866162,-0.089664996004932,-0.00671986855600257,0,0,0,0,-0.0142888120398767,-0.0722824106733639,-0.120647269316712,-0.134778820920083,-0.115310601360381,-0.433048145588762,-1.17282958416186,2.10162080554391,1.74085367238009,2.09874818841114,2.89611562552314,1.25215002714608,-1.68513392553619,0.16680347840391,2.55339285491539,-2.12728935780183,-1.87722935756553,3.07233873811024,2.05303590757856,0.104382482836197,-2.0219900763556,0.0662241315141833,-0.571303549000793,-0.566339537104931,-0.559188731124709,-0.534588387226706,-0.552212582678496,-0.520476737470658,-0.492511550791534,-0.486437171201616,-0.440630927031974,-0.398407780906499,-0.415885092307935,-0.291935111700084
73.5,0,0.000438628447319536,0.0056488835444314,-0.904295824874942,0.0988031312795165,0.155626929866987,0.00133492411080558,1.75169612601882,0.425536083464353,0.26391741599008,-9.22427139088937,-0.798557628384871,1.11303031843123,-0.0876215551369456,-0.058562700745987,0.189913526283466,-0.184770395646149,0.164667799959354,0.169097399758376,0.161294108145198,-0.0279602131197231,0.141387210595757,0.153139569562401,0.233179479074356,-0.00383224214702225,0.0288996029233196,0.10091853553112,0.184286435817397,0.0310431939352045,-0.0181506817729575,0.0745346904746957,0.0890879213665575,0.0718708255776459,-0.169771378174389,0.00685456260947022,0,0,0,0,-0.0146726623576355,-0.0715118802850422,-0.119393691956098,-0.135204057530368,-0.119633226286109,-0.414146420440227,-1.13767835730624,1.96796613292911,1.66215961477391,2.04937996286762,3.00711457851026,1.2101473505267,-1.71405469795625,0.16473299170215,2.527285367774,-1.99544061915855,-1.76174647437004,-3.10107961797935,2.03794262981922,0.218440254765797,-1.99469350556305,0.0700174531874886,-0.56609491774689,-0.565957735209941,-0.551315468488539,-0.524793579997354,-0.547445503805622,-0.510773135866473,-0.490354079034012,-0.482500671201963,-0.424721307158737,-0.391250662369564,-0.411354011374656,-0.295919912205387
74,0,0.0003044400121931,0.00392073561496864,-0.62764700655756,0.0685765519205822,0.159127144212755,-0.0168252268246685,1.47903852402978,0.403225807797991,0.280641737446888,-9.50573590948598,-0.500965411835555,1.234595547794,0.0115914972426432,-0.0540038519474517,0.160539736652676,-0.305111014769677,0.20307127307363,0.12776381327088,0.148318476326441,-0.0413555142960527,0.118140126204076,0.179405635342403,0.288320523772755,0.0534531817270393,0.0293233430414705,0.17188168616693,0.17557408280423,0.0684897831549106,-0.0513517525672351,0.0408403164083333,0.0266409175134901,0.0595020893802306,-0.211901485937781,-0.0489607587081432,0,0,0,0,-0.0147605716390112,-0.0693330071642764,-0.115972695301173,-0.132938233821673,-0.124032552887634,-0.405969826740756,-1.10449693542492,1.78402139397724,1.57941461729565,1.9733217685572,-3.10455826857231,1.18277959980696,-1.73098592051658,0.15911999963369,2.47946740460112,-1.87249702735959,-1.64749244375495,-2.92452887907412,2.02421242951081,0.379411544405881,-1.94841280562988,0.0701385212160462,-0.560622741178279,-0.567045291601411,-0.548036216353426,-0.517532155138076,-0.539702029166259,-0.501751293555022,-0.488718253880078,-0.478065537179187,-0.409638029165021,-0.386603766340638,-0.400336951835906,-0.297546135559581
66,0,0.000170251577066665,0.00219258768550588,-0.350998188240179,0.0383499725616479,0.162627358558524,-0.0479712487710118,1.12276688254098,0.392376326466203,0.227900295830951,-9.89460854051903,-0.228722286226492,1.23331927926097,0.140818577861443,0.0400652951491044,0.259108532251352,-0.197339534203319,0.220221079424019,0.146866458231806,0.156482816750086,-0.124479039316644,0.0874102490881125,0.0918212461964227,0.216139055677685,0.0550822844765404,-0.0472465476697798,0.145507577831802,0.14299250871002,-0.0214110940402876,-0.0604140237841367,0.0273489866848254,0.0286579040175623,0.0533698175945744,-0.158604937965768,-0.0379444842319781,0,0,0,0,-0.0148368170095073,-0.0663352884400443,-0.11098834754779,-0.128431419003548,-0.126805491269811,-0.397094979787688,-1.06416858007899,1.55941424567423,1.50513453880558,1.87480666164739,-2.6234864308015,1.15754878684596,-1.7261146413671,0.159567794882911,2.43821973328703,-1.76093834252308,-1.53733355638723,-2.55157440658758,1.99476154819856,0.604687820691559,-1.89728329316222,0.0713637324538395,-0.547125213185843,-0.558727236836057,-0.535857858362508,-0.50115108034759,-0.51937120100613,-0.481819839234778,-0.480490840207232,-0.467265906588032,-0.393572253008472,-0.377185012318685,-0.384519181447109,-0.294967884099041
67,1,3.60631419402295e-05,0.000464439756043117,-0.0743493699227964,0.0081233932027136,0.166127572904293,-0.094145939657349,1.80293847881444,0.455084046866969,0.10618447767722,-10.4009169820344,0.0271751925508623,1.15525885485067,0.192294235257938,0.257793199281148,0.368354854752726,-0.0683500740792838,0.259205961083642,0.163400239672739,0.17001282362333,-0.174892895305842,0.0476551879547352,0.0527281814018625,0.174703615333243,0.0268363381890556,-0.0831074024133908,0.0434186184775263,0.163902656070978,-0.0265721906511577,0.0266072150091435,0.083293540733053,0.0851753779526806,0.0429526230803186,-0.122670368092485,-0.0368297351288319,0,0,0,0,-0.0149131275217081,-0.0628610286136967,-0.105063043601521,-0.12261284303018,-0.128169612687604,-0.384250873977086,-1.0188740298266,1.30068720656202,1.44620441343714,1.75441719857359,-1.94590601934317,1.10841935079578,-1.70954393449916,0.150384775453794,2.44521429503077,-1.64701414903107,-1.44006651942461,-2.0617478373432,1.9306302865488,0.769688757341973,-1.8440850506065,0.0766234701492277,-0.526844493822758,-0.536621883294673,-0.515129794798194,-0.477284174941787,-0.494208081332253,-0.461126906074819,-0.468028283568145,-0.44620250843413,-0.370070784496295,-0.359066430934921,-0.363169547737627,-0.296066413084879
64.5,1,0,0,0,0,0.163917215416236,-0.147308000379664,2.49557468975147,0.59761303040785,0.056651837448899,-10.7655308916769,0.226265892872953,1.05670117074215,0.113728285642344,0.318781415980179,0.414209410018245,-0.013472864764391,0.277849091921195,0.14893054413066,0.166388175762517,-0.140837904401968,0.0478296287038243,0.0574265149088869,0.127720757349086,0.0451542547165969,-0.087125961190874,-0.061299735185535,0.0810072914682057,-0.0507030963742924,0.0503155204802105,-0.0156513884745897,0.0958447491756776,-0.00924287012084621,-0.114636222355652,-0.012809070750987,0,0,0,0,-0.014989503258242,-0.0601303967874008,-0.101431541929149,-0.121306078484894,-0.137377104266404,-0.378497594972061,-0.977819385158411,0.937195553440037,1.40059525824331,1.5786826746694,-1.51969803237775,1.04573940868356,-1.69749195440995,0.138716059402183,2.52587300282003,-1.53973586452863,-1.36562994508714,-1.70981577562742,1.85679202794242,0.872777204016669,-1.76020799200577,0.0783945617143919,-0.513419057162193,-0.517814345445503,-0.503614601576001,-0.460544610098403,-0.475755009467691,-0.456130617921863,-0.461593807683331,-0.42907811269634,-0.350389902379233,-0.342772982871886,-0.345353901153224,-0.301777144281409
62,0,0,0,0,0,0.15967428151275,-0.181233589342167,1.72288052578029,0.49086966348627,0.0694338717780671,-10.980893638482,0.412125012736823,1.03570759174437,0.0396497122016617,0.30992572709757,0.439482539585866,0.0790291675556558,0.280844427678738,0.119034101342225,0.198576445277798,-0.0338516327545071,0.0781827069414361,0.090448476334503,0.0764332072101992,0.0942767243449203,-0.0512330013759677,-0.0576879814899675,-0.0151866413899916,-0.0985542518473702,0.0343446798000551,-0.0708061825514986,0.0814268941480144,-0.0661908694026812,-0.102160719086721,0.00466951157134719,0,0,0,0,-0.0150886525323268,-0.0586687730010479,-0.101162215578382,-0.126079628367747,-0.155854581965706,-0.379295005431809,-0.937690098826464,0.483347455260274,1.36803324547276,1.29820668493132,-1.40285432683298,0.98493495620492,-1.69207944226013,0.145015782642703,2.68159840190686,-1.44809509417774,-1.31222838628666,-1.47775230708175,1.80032085894142,1.06105515531803,-1.62399930489666,0.0764200565252864,-0.508173387603153,-0.503987373265291,-0.50352175383749,-0.451879994482789,-0.45773959351371,-0.458767973313502,-0.460836529122083,-0.423285529373037,-0.33794997514691,-0.333001141128704,-0.333872799293906,-0.304870578826038
118,0,0,0,0,0,0.155431347609264,-0.206051033592867,0.947587211879086,0.413400186329613,0.077302227466325,-11.1282220560503,0.581329881754756,1.06547582060493,0.0679146327373605,0.416572978311324,0.484566998232713,0.184834258571853,0.325314275393979,0.0547769212677416,0.176524958812492,-0.00555439584644876,0.109996065737565,0.138767525795147,0.0432148651318467,0.139147427905418,0.0134017807819228,-0.0288454067144505,-0.0209008828444451,-0.0430927247265304,0.0384210600523296,-0.0332034591862282,0.0935783355436784,-0.0390409758501379,-0.00881829748701215,0.0398137843275742,0,0,0,0,-0.0151784526367554,-0.0567400655135133,-0.100424622725587,-0.131055022976731,-0.175211526563944,-0.380187620394197,-0.896132892208507,0.272039313720751,1.3485031495159,1.00752161501548,-1.37993473610001,0.903938349718318,-1.69760393716594,0.180656831303143,2.8578229767515,-1.36977034693239,-1.27070600594881,-1.32050236125425,1.75408391522087,1.31580197654846,-1.48156458787508,0.0742530979691284,-0.509565730619496,-0.4925353083951,-0.504496308766363,-0.446811315607039,-0.43708359836236,-0.46130703846084,-0.465523522808069,-0.42425497108121,-0.328954251200709,-0.327772991611916,-0.325767010710345,-0.303236702891106
174,0,0,0,0,0,0.151188413705777,-0.229841540536158,1.72120769254991,0.488593442657982,0.080661097176617,-11.0204615167267,0.54600086540456,0.851589498521979,0.0665952141991946,0.461671537529849,0.437773181257692,0.300137601818221,0.457420193671617,0.0766529479664466,0.0610400725385464,-0.169804108413243,0.0138932580866708,0.0309135973053521,0.0253854313365875,0.105038098980848,-0.0163803172810597,0.00481605820312501,0.00903816852069375,0.0529617632675457,0.0187731145551046,-0.0943627882412209,0.0633396974955524,0.037324707438129,0.0164130065124645,0.0035937413218033,0,0,0,0,-0.0152347841529101,-0.0532532408891892,-0.0968167813501265,-0.132732745221246,-0.191931821891056,-0.38333899957832,-0.862867525768033,0.329893507527836,1.35028189817711,0.819728615526437,-1.41687141399213,0.825996850071073,-1.70975741667301,0.23347236072321,3.02178338658727,-1.31254890950036,-1.23212662147478,-1.23691883699753,1.70946224714289,1.59673585591185,-1.35922972930244,0.0721140137288518,-0.508432778231549,-0.483020462763828,-0.507764716361473,-0.446051825173829,-0.419930903749204,-0.463057225738241,-0.470906074405326,-0.424599756429531,-0.325054930585892,-0.327278484683662,-0.320608673489007,-0.297438242602922
174,0,0,0,0,0,0.146945479802291,-0.257855621255081,1.69044204642992,0.577674106891724,0.0859966761126054,-10.8559806826994,0.754177754071923,0.86054873337923,0.0550264419116921,0.43143155159499,0.413910076335154,0.40020541377562,0.351546416570694,0.0471499862845558,0.0669241921905644,-0.221623704708411,0.00134367444136818,-0.106495342132108,0.0476778080522282,0.0858790373117557,-0.100867032822943,-0.0384619869954941,0.0702380493144428,0.0955825484699294,-0.0186638300886839,-0.127699831043471,0.0587079739616287,0.0242640313976287,-0.0276958891711366,-0.0391505846081318,0,0,0,0,-0.0152911638172511,-0.0490070653447356,-0.0920155153471879,-0.133977106824285,-0.211628951217214,-0.39439886714899,-0.845640439528415,0.388025746631797,1.37529660850773,0.71129433115091,-1.48207521669818,0.798831764836738,-1.71421400718353,0.288486377024702,3.10722671623068,-1.27635560457726,-1.20700159265532,-1.18263901991167,1.67524451854034,1.87199300540404,-1.25939558324621,0.0686009030631945,-0.500140505304213,-0.469903541896729,-0.513379322564653,-0.447766706328313,-0.406376331633019,-0.466260961816389,-0.476133136446031,-0.424639869551585,-0.326876807070142,-0.331017354402768,-0.315629391255142,-0.291583878383901
174,0,0,0,0,0,0.142702545898805,-0.285747511553337,0.868095506869723,0.558544062201963,0.0983642991201581,-10.8695908400818,0.91927079787308,0.914869181769622,0.0300313600969072,0.363389724268973,0.352456147365083,0.333051163524048,0.237503714314762,-0.100552144618203,0.172650184350155,-0.194453267483801,0.00936556346785147,-0.11964849457759,0.00978149044439436,0.0738517731382538,-0.09259703835276,-0.033386713996253,0.102452564618608,-0.00819002293241812,0.00106137168567634,0.00458983542454605,0.0199931934548749,-0.0714472941362886,-0.00834620918664539,0.0353267269154229,0,0,0,0,-0.0153475916911764,-0.0448054747732009,-0.0878131586032014,-0.137149840903823,-0.235937818494334,-0.41403131063227,-0.841815814669697,0.458485230655744,1.40913012620419,0.675487928488447,-1.56672138979164,0.786127071731724,-1.71493966120722,0.395185278828309,3.06742518643381,-1.25610627479366,-1.21193509954814,-1.12747312765864,1.66391316962834,2.20178262942022,-1.19453412839608,0.0650570321442207,-0.491355339787302,-0.455400141149985,-0.516513592084817,-0.452087226528566,-0.394303110471122,-0.469136281745583,-0.478188852034741,-0.425379202650824,-0.336551101497451,-0.335608011681036,-0.315079478000844,-0.288273576892907
115,0,0,0,0,0,0.138459611995319,-0.233261245873884,0.818779864419884,0.485267706159237,0.103857161338659,-10.846031510059,1.03710397569738,0.852908841760845,0.112266964083227,0.299201748937047,0.248434142699857,0.161617217151388,0.265300304483192,-0.131771870656631,0.0513154043111663,-0.181286898602174,0.0064452470926068,-0.0708111673170732,-0.0127374176212149,0.0992030671919592,-0.062168776105231,-0.0439323406976619,0.139513743116498,-0.0666574576004475,0.0258004670005268,0.0429408295499176,-0.0375654459347158,-0.110712029718194,0.0690117813909707,0.0456541920622572,0,0,0,0,-0.0154040678361877,-0.0415735631216759,-0.0860898136855143,-0.144574632949723,-0.266396594434017,-0.443039153362409,-0.850557746813623,0.576781565545378,1.45242461621555,0.718305291972546,-1.70731467828021,0.780297416294427,-1.70747822587622,0.559365180159723,2.9298899822106,-1.24922875422242,-1.2549254862393,-1.05652639898517,1.68695070542243,2.55741402042787,-1.14514438660316,0.0679981274335731,-0.48282848009068,-0.442305040448753,-0.518202626803114,-0.458440091909807,-0.387950326556956,-0.471011174385692,-0.475516040585738,-0.427062347552442,-0.351059259961711,-0.337496350314779,-0.318988675279224,-0.289341357680271
53,0,0,0,0,0,0.134216678091833,-0.118874190871723,1.00040757945516,0.418152088029675,0.0963771661190266,-11.0695351583304,1.01003120526183,0.902833140740514,0.220146521989902,0.212644375749089,0.216080239155739,0.0309937807242239,0.196467790108112,-0.0557818219032894,-0.0694924873458581,-0.167287697060684,0.0402468581987479,-0.0425333980456816,0.0871227583343302,0.103053118693563,-0.0205546491000125,-0.0634408483674941,0.13258747636962,-0.0248293703981789,0.0200425451556345,0.00300352911288963,-0.0315574221888555,-0.00553630014419129,0.0896632568812302,-0.0169888558176707,0,0,0,0,-0.0151014282314245,-0.0380160476230803,-0.0846696090088365,-0.153416271376619,-0.300350148982289,-0.482626872028524,-0.875622653477809,0.744498403663259,1.50351375080296,0.797460712140657,-1.89495423133248,0.873793359967669,-1.70312383338319,0.756048894023188,2.7139110617072,-1.24771868574128,-1.32937566501162,-0.92282208221662,1.73866165887706,2.8002678486615,-1.05296120596536,0.0744143078924403,-0.478019186090825,-0.432915287974726,-0.518290788286875,-0.463859522330463,-0.38583819037316,-0.474354072479486,-0.474050355249499,-0.432406866388077,-0.366562989284993,-0.336599716488963,-0.318696491180532,-0.291055833328725
65.5,0,0,0,0,0,0.129973744188346,-0.0191589931628073,1.85578218192619,0.33193250332403,0.0837888733461017,-10.9356537833869,0.574849768542058,0.819208945059497,0.103321323391768,0.132938011639962,0.191480590598892,-0.0397298709609246,0.146812689393396,0.00906936761754243,0.0247240259206385,-0.151114834043993,0.0875370574923976,0.00121195951992305,0.1383911249322,0.0485406343440578,0.0759550939220779,-0.0521923440943184,0.0409598460370583,0.0843852858080684,0.0389970140043635,-0.0163750814278334,-0.0242587551613472,0.102913145677213,0.00123391120207605,-0.0311225214998786,0,0,0,0,-0.0136620629788632,-0.0324895798637118,-0.0813000387271759,-0.160687830886799,-0.333157646734642,-0.529851443825387,-0.91522615830905,1.00202148774185,1.55618011585826,0.904944896338639,-2.14524445784288,1.02553172907239,-1.7239013707357,0.966435618328987,2.57283167287209,-1.25401258579286,-1.42374531899855,-0.732142042567482,1.79619483109564,2.9229934165616,-0.891781515471983,0.0786725677698984,-0.478959172737572,-0.430990444034306,-0.519068729113694,-0.472250092675137,-0.382894723122584,-0.478132816124204,-0.472282719117233,-0.43994379183464,-0.38467962509185,-0.336315623680508,-0.316637937525596,-0.292788062449742
80.5,0,0,0,0,0,0.12573081028486,0.0476719040801759,1.53228767318631,0.334851366481359,0.0702274804652734,-10.1010152512524,0.202445752884701,0.582445039263238,-0.105257764210782,0.100050584567737,0.138505953628204,-0.0691535125101626,0.179182828598413,0.0413580618342048,0.159610392010285,-0.0940754776431602,0.168341437406306,0.076254923503254,0.135938179397702,0.0522615133494546,0.1286022399897,-0.0555401568994134,-0.00889249318988855,0.175885064549185,0.0357100777956874,-0.0594728505098624,-0.0487628305232339,0.109630167317567,-0.0760890788492589,-0.00827305632184293,0,0,0,0,-0.0114347997313748,-0.0261262949574048,-0.0778797011551816,-0.169101778601751,-0.368318586309526,-0.58554857716466,-0.973237425202661,1.343883296177,1.61922979069059,1.05087615372969,-2.42302729916451,1.3627946916717,-1.77683649476974,1.19741508515266,2.55192336920961,-1.26813554605509,-1.54833924358657,-0.538997300781326,1.86184559328182,3.00121633304592,-2.28501835761022,0.0818180992880531,-0.481783929749364,-0.434690149374685,-0.520637580139731,-0.482054962224807,-0.382910882751493,-0.477152666333181,-0.468806725005931,-0.447202042360401,-0.40371951479815,-0.340628295358819,-0.316427225842184,-0.298768069979332
80,0,0,0,0,0,0.121487876381374,0.0691555552906269,0.717126805087954,0.380387095325799,0.0806767858129252,-9.31801837543506,-0.0584166717420263,0.541936320818485,-0.250629242829906,0.0984996154821335,0.0784252347203169,-0.0783335639252932,0.171305354489556,0.0622632901082875,0.204111342804156,-0.0626174612256839,0.226411348792632,0.117929922482998,0.178481294177994,0.0593455116428154,0.111942434300603,-0.0672456507281634,-0.0152911459729879,0.163785132171188,0.00264776103085971,-0.0881603936708424,-0.060497055415254,0.0920822806030389,-0.0769137995531165,0.00339120951310145,0,0,0,0,-0.00920765031463454,-0.0202249030796206,-0.0769137822448582,-0.182685331508811,-0.410752748732642,-0.648100816498828,-1.04856640773382,1.64712555525843,1.68516458159568,1.21719776185857,-2.65241771231865,1.93210989121478,-1.86632495790454,1.42882370902058,2.53778286824149,-1.28090956265494,-1.69092959381732,-0.286206365190694,1.93952182896292,3.04503691372279,2.53408702975694,0.0826685705468655,-0.48754424364194,-0.443667866386103,-0.522456127926445,-0.488554956162829,-0.388538985053667,-0.469339110731749,-0.464506299272852,-0.44925294775888,-0.421177245438724,-0.350263404940411,-0.317508035101417,-0.308335432797619
79.5,0,0,0,0,0,0.117244942477888,0.0794590191900586,0.987341460683349,0.43458574844326,0.119114137664523,-9.13638094715271,-0.618124255838419,0.918362038245345,-0.225724554577857,0.122542856222645,0.164108093510899,-0.0471544376573822,0.100548491069805,0.0707272285201209,0.146980813075809,-0.0897756658967184,0.211198629419873,0.124493102725404,0.195667969811416,0.0333067996019909,0.0362207063584072,-0.059744088508202,-0.0255511213843769,0.100139184881039,0.00573403303292096,-0.0561838843217615,-0.0639304699838159,0.116346392394989,-0.0291612456932413,0.00270896582189729,0,0,0,0,-0.00698063681211013,-0.0144370322339664,-0.0767796712249679,-0.197904365925781,-0.453543425025633,-0.708864450737647,-1.12694276378289,1.84478597329195,1.7419752834959,1.39274549722702,-2.85646667961754,2.38759977777732,-2.21667917662641,1.57964123436434,2.52628479831342,-1.28691977143317,-1.83808871815576,0.066664566840487,2.01602090269866,3.09237930549836,2.62177724355501,0.0815949539839487,-0.494897476537606,-0.45360137259809,-0.524934655109869,-0.491742768892686,-0.397171491070259,-0.459182909898078,-0.455855513821205,-0.445533200588856,-0.433821757625431,-0.357741699711338,-0.318478794332176,-0.318019277971627
78.5,0,0,0,0,0,0.113002008574402,0.0972321701333148,0.960467447769721,0.451603708433577,0.15600786856179,-9.27811142747933,-1.15272329660172,1.31074790556866,-0.102527360831452,0.080916711765512,0.279492339039182,-0.0623671574358387,0.0695816659783912,0.0768866618821323,0.0817283323627707,-0.131733209165423,0.153493906734405,0.128381223618043,0.181403772456759,0.0386995651112526,-0.0505785058136702,-0.0537297391897301,-0.0624697810378665,-0.0154606949659422,-0.00468957371116364,0.0176426294849698,-0.0788833300341239,0.155659550959539,0.0143019984805496,-0.030686722719094,0,0,0,0,-0.00475378129918117,-0.00865552723638827,-0.0754137165162894,-0.210242864550981,-0.49033441065346,-0.765308979408725,-1.20496756734994,1.96728260850244,1.7916612104828,1.53539561489152,-3.03499039867432,2.64240448560862,-2.67400181477249,1.6655506239182,2.55559827405629,-1.29186235840954,-2.02281506651436,0.502295229000205,2.09151886190337,-3.12868688695987,2.6510235860021,0.0810193246869856,-0.503267382434959,-0.459722267488081,-0.521381656566615,-0.490682522789236,-0.405001349212259,-0.449377555400267,-0.44700563850103,-0.440643423102715,-0.44043211733313,-0.356083786525726,-0.317951375567337,-0.326170688469943
134,0,0,0,0,0,0.108759074670916,0.108088708071584,0.848720485697234,0.527788159983638,0.178851260384687,-9.27462714745903,-1.21879714669485,1.3669903944336,-0.0504952405287047,0.0582963463853243,0.295691219347541,-0.0940795215953091,0.141694597271832,0.0765842542122793,0.0916503726419616,-0.125849878859382,0.116954831701447,0.13192617048683,0.207775468997757,0.0750251837899246,-0.010462404637333,-0.089905679072265,-0.124345657615381,-0.0811093039985216,-0.0231148949967858,0.105385314845756,-0.0318715590231551,0.164805995066464,-0.0223518982751957,-0.037996859719812,0,0,0,0,-0.00252710584182778,-0.00271288221487553,-0.0728649447966782,-0.220373764371163,-0.522966390551843,-0.820098971865513,-1.29313327588539,2.03239322272401,1.83549794902077,1.6442736336527,3.10312922311362,2.78295444245909,-2.93562514977579,1.73019500131078,2.57874134931892,-1.30842518014785,-2.28040249769138,0.958919788365598,2.18281080544397,-3.06984795960373,2.66875998175507,0.0841683014080037,-0.512735816787666,-0.47036636711839,-0.513514036985287,-0.485737275157352,-0.413758876432517,-0.440213499134111,-0.44151851622564,-0.43453199328951,-0.443279044867851,-0.352201340205409,-0.319227585280094,-0.334673033279145
190,0,0,0,0,0,0.104516140767429,0.10912322864619,1.04983716411149,0.568720065927956,0.214283295917883,-8.95618571038382,-1.19846721956986,1.24493143522484,-0.202264385482745,-0.0114873491319765,0.285646499773753,-0.0278194105704859,0.224936352619896,-0.00589935188294725,0.103513568032991,-0.102879770220901,0.112942767362885,0.0482510172126899,0.191101175476718,0.0390285026715593,0.0444615399481422,-0.0494096379439274,-0.166538680140463,-0.0303954883491088,0.0577479512666552,0.0918350226899364,-0.0585591744800568,0.135743277993785,-0.0376497525850222,-0.0197663782098461,0,0,0,0,-0.000300632495320245,0.0033302991690206,-0.0699457168495715,-0.230261483203821,-0.555583202215244,-0.880951263777425,-1.41260016973805,2.07325050886172,1.87474964007887,1.73811819996692,2.98824130411434,2.86874256808822,3.12696405143729,1.75412787368232,2.54967535322032,-1.3448506609687,-2.7206747634467,1.32743479988751,2.29841865929345,-3.01703467878062,2.69439541193788,0.0915153976127781,-0.52008698500213,-0.486372029873621,-0.503591961236102,-0.47843094041976,-0.426709451529301,-0.4355257460883,-0.441191101796183,-0.433401410487869,-0.441167458305659,-0.349011379474129,-0.317710266888911,-0.341156601683033
166.5,0,0,0,0,0,0.100273206863943,0.105218958448961,1.35453763359204,0.563311651590773,0.244195465927787,-8.525157033301,-1.22514358256237,1.04324629531671,-0.416911838056891,-0.0913349519861391,0.273779341408003,-0.0498179113321098,0.311666446036073,0.0019764529533959,0.0123275619627141,-0.137662147368048,0.0742399288086399,-0.0598758930187408,0.152320487970173,-0.0595915864512784,-0.0040011769244069,0.0533373215071497,-0.0975169356712027,-0.0233385659246306,0.0624766759579583,0.06643408084557,-0.160695949286235,0.117489709138708,-0.00547422974448893,-0.0561220177499603,0,0,0,0,0.00192561669708876,0.00915597650721869,-0.0677428619186767,-0.24202172713088,-0.591716757052149,-0.952846325430636,-1.57148844000244,2.1134103305623,1.90781637917839,1.80360626047372,2.89672862652551,2.93108911217514,3.00837295059676,1.78244718908008,2.55878773126833,-1.42307349034793,-3.13385231159388,1.62317123331939,2.39678304461582,-2.97113987164934,2.71792435410537,0.0998322863740238,-0.525579208603497,-0.499942187555828,-0.492641093941301,-0.4710505517205,-0.439608478476829,-0.437211844713575,-0.450060207791668,-0.438319445864451,-0.434263339193458,-0.346825211964486,-0.313857879886457,-0.347466339425718
123,0,0,0,0,0,0.096030272960457,0.0780088244346346,1.99545583618976,0.565652359116936,0.259788924014698,-8.49139553687533,-1.25579479953387,0.965635867842406,-0.318673693469963,-0.0607708358137855,0.29563121749754,-0.132413689580914,0.348812793663182,0.0653546176818014,-0.00245072904040414,-0.20471756938162,0.0933377709672838,0.0645380851524616,0.166247160811046,-0.0584193026437669,0.00153690100355246,0.048248512188289,-0.0647927536096458,-0.0712571378833507,0.0087219040635105,0.0826728560702729,-0.119603264613742,0.111428598772294,0.0181632176441801,-0.100370664777495,0,0,0,0,0.00415161970547332,0.0148672519087914,-0.0659726007644749,-0.255127243026382,-0.630119854461908,-1.03254005889204,-1.75775836152755,2.15244442146179,1.93569470327641,1.84424970410094,2.81634151895283,2.95011218850835,2.98718775465101,1.80677811129068,2.56690406916096,-1.65762176013391,2.96661454802876,1.87566534918813,2.45556004824449,-2.92443663430431,2.73650915897501,0.107056452258889,-0.529193412406757,-0.50751573413146,-0.484790847672871,-0.469244169596822,-0.448662921105052,-0.438373020195852,-0.461673923958509,-0.439981068295567,-0.422865835498338,-0.346817768866837,-0.311519659349102,-0.353427748225642
103,0,0,0,0,0,0.0917873390569709,0.0576169553050339,1.69423650062603,0.559247589476883,0.277523633205229,-8.52808522171027,-1.22388788191458,1.01606871356452,-0.161443844600666,-0.0556370304602398,0.295918987041848,-0.0992559530921428,0.341564516957347,0.128315581412384,0.056711144525675,-0.168507416487377,0.151140363407982,0.167894670109078,0.150379507165884,-0.101039193668714,-0.0122615798797397,-0.0120502252566192,-0.0671831356190889,-0.0383932990995099,0.0787343816570934,0.0557779973604792,-0.0799423740052133,0.097704571123201,0.0407953795735564,-0.101714912601531,0,0,0,0,0.00637735451453772,0.020795523908639,-0.0638181870032126,-0.268228200425525,-0.668823521237945,-1.11590618431439,-1.95548915766376,2.19558833224222,1.96427761263392,1.88691153738698,2.75371211732066,2.94506703943722,2.91610551024017,1.78090011651988,2.5109118823711,-2.11239774272272,2.86228306348158,2.06560829699852,2.49957448191032,-2.88640079324372,2.75023247019521,0.107440258744258,-0.5310458862215,-0.510540323912176,-0.474585633696509,-0.466325946379811,-0.452455178593115,-0.432948169162713,-0.469848610975246,-0.437560912353402,-0.40447510953859,-0.346077018307407,-0.308791155628937,-0.35318593821734
115,0,0,0,0,0,0.0875444051534847,0.0434934364011449,0.886177640545712,0.531406427492535,0.277468136213802,-8.52770427968083,-1.13937867669104,1.06019186436757,-0.0236156458431848,-0.10656542985598,0.253136601319016,-0.0853195498644664,0.418520933639983,0.303808045861045,-0.0127980250037095,-0.156236097815371,0.075086104366965,0.0907372449574464,0.103335274968227,-0.270981160561523,-0.102849232034014,0.065088256830905,-0.018539738447274,-0.0269684518112443,0.118245911036832,0.113555416513471,-0.150225508003837,0.122487104845229,0.0205690739552461,-0.0603561808527082,0,0,0,0,0.00860279912491966,0.0269033058104189,-0.0613690992232063,-0.281296647294476,-0.706923301985375,-1.19877692491689,-2.14259699852238,2.23865600487535,1.99537925139163,1.93516222703472,2.70916296755323,2.93428561078969,2.7062558199594,1.73961060661355,2.48964333414123,-2.61931876351518,2.80445164123012,2.17901130558315,2.53373494804685,-2.85927624619014,2.75956470898799,0.100378369416909,-0.533208755639381,-0.510906235092604,-0.461233869475042,-0.457171886987572,-0.453363908348435,-0.42657853506038,-0.474615942179731,-0.432264511660706,-0.383930093184178,-0.343920172264738,-0.305253543295256,-0.351163441978556
91,0,0,0,0,0,0.0833014712499985,0.0203685295966583,1.31911334154751,0.461602762925369,0.266924887344135,-8.45328950623973,-1.06257858039771,1.06338515535223,0.226930678485863,-0.154344754332938,0.238900538210531,-0.120846389832354,0.385164744236994,0.313145789928654,-0.0655505744487951,-0.191460141416429,0.0945040092330059,0.116845800221736,0.0372980591152607,-0.297056271884109,-0.0461392753335725,0.0758557459142047,-0.134712546380737,-0.0342302194609307,0.157577836863156,0.145017569208129,-0.173301291283953,0.0987399224618363,-0.0138385616935809,-0.113071358647811,0,0,0,0,0.0108279315544905,0.0330026682639258,-0.0590465966136223,-0.294855185926729,-0.744146547777941,-1.2773595209833,-2.30508451563495,2.27208832878295,2.03120391929273,1.984451876681,2.67881036132391,2.9288790350004,2.46807075644237,1.70203214450233,2.50120820723134,-3.10328248993304,2.76828074428793,2.24841312318005,2.55859718294317,-2.83683077011007,2.76054225303083,0.088134673682246,-0.535908217227817,-0.50409993842422,-0.445913545456207,-0.450887090809884,-0.455422352686906,-0.423546621807269,-0.475209249686451,-0.426036479562615,-0.367961137047584,-0.339356418802781,-0.300710145649453,-0.348472380174412
55,0,0,0,0,0,0.0790585373465123,0.0169196952009898,1.37840851345712,0.458108368131452,0.267047975582039,-8.51590324547088,-0.853836042828439,0.950039023348295,0.292956198777436,-0.0893352691015672,0.27906251416948,-0.155666895651122,0.286832954100193,0.226459073312847,-0.0266690941728548,-0.0791406938608691,0.209364089166986,0.143072220048638,0.0597967882241566,-0.158578512667142,0.0958450204647451,-0.0278014817281968,-0.186750933461522,-0.0126545204375301,0.17688326222133,0.17754296187338,-0.153914843915975,0.0469166405770414,-0.0779132360297805,-0.17573781645579,0,0,0,0,0.0124479683313781,0.0374864260883094,-0.0583704750447202,-0.308337751523507,-0.777141681795109,-1.34841501409474,-2.43859507141323,2.29455059895004,2.06916125910561,2.03066619965673,2.65546141697565,2.92508174299886,2.35698136912475,1.67444977248203,2.50600901301796,2.87928991966058,2.73948957366572,2.32049362160884,2.57996031280826,-2.81932134402307,2.76351207901403,0.0723058862513421,-0.542417418687747,-0.495900664613213,-0.429556023854403,-0.450673352771645,-0.45397636449968,-0.420030735967963,-0.475692791418552,-0.423654908541382,-0.360411268564382,-0.336923354331973,-0.297033400655492,-0.342552188063286
94.5,0,0,0,0,0,0.0748156034430261,-0.0558682606101967,0.950650451046398,0.431796173345442,0.283063016664365,-8.89932282670267,-0.734176001114988,0.906726345413799,0.25541304521848,-0.164082104168297,0.178780305449659,-0.228982983211401,0.257588331922411,0.160508562876848,-0.0361683617287126,-0.0440511605283869,0.281781124705879,0.187505053979209,0.151402591193815,-0.00461024823243536,0.173306915455,-0.0176743631279497,-0.159842065569741,0.0110010506891512,0.19527114353566,0.158632040099798,-0.188514254804101,0.0467182245144025,-0.0174010729303437,-0.116892363136544,0,0,0,0,0.012985986613085,0.0388427260621954,-0.0613635060689147,-0.322720345086548,-0.803086338120802,-1.4092161328788,-2.54606695990846,2.307823219127,2.1048171829543,2.06988309933329,2.63097653872605,2.91796476340999,2.29823245976362,1.64513854604969,2.50418612038071,2.80602342627359,2.71496332352556,2.38138277057822,2.59925066962768,-2.80043921666458,2.77150637041286,0.0551689356744398,-0.556516750405391,-0.495084182082113,-0.420471358383058,-0.453249229920313,-0.448023469456141,-0.417436839643475,-0.477760755616393,-0.423978721895753,-0.357841484744426,-0.338195009507196,-0.294920784356804,-0.334658362363882
134,0,0,0,0,0,0.07057266953954,-0.219492614060674,0.635910708009498,0.379970844432211,0.375692368213417,-8.92494480847836,-0.530357220261893,0.781471913124479,0.263887423131012,-0.289764019951381,0.0777524745333989,-0.283116839363912,0.183021431868022,0.0999593073142199,-0.0648416035802353,-0.0913627747961796,0.231250591394091,0.182964706515981,0.135973045720785,-0.000103298887010019,0.210295421612827,-0.00546155531903546,-0.189093816674763,0.00535168299437429,0.285027195082623,0.124334505130904,-0.215872829751122,0.0323198377850272,0.101763148729813,-0.0889850798490877,0,0,0,0,0.0130505152805832,0.0386868438337873,-0.0662386578803575,-0.337985021379436,-0.825654353068043,-1.46523924877677,-2.64086566611473,2.31613555216935,2.14152227828479,2.11322660321803,2.60561399335045,2.90105712183554,2.2540585131269,1.61902852951018,2.50047906048523,2.75568866336108,2.69192672352365,2.43940220837862,2.61222202683815,-2.78247401449451,2.77113181330212,0.0305529954936854,-0.575552612130659,-0.492335747362843,-0.41825163934592,-0.456973551326077,-0.436669886786409,-0.413579361281885,-0.478049699825764,-0.427581867401869,-0.357029970078122,-0.340888624864707,-0.294686174740214,-0.32616789528222
107,0,0,0,0,0,0.0663297356360538,-0.33336974294004,0.917151317606977,0.39418060363081,0.483026407573398,-8.9242800358071,-0.248950283247712,0.716226834926082,0.28017677866272,-0.261876499331379,0.117797975380339,-0.196639074964483,0.140596497673205,0.150235747439166,0.0314315411135561,-0.13686819924129,0.140985182600027,0.175169017765898,0.0436911617025332,-0.147735255198827,0.169077053685402,-0.0194543805717175,-0.258482720449848,-0.0351959404039613,0.293357104958872,0.0596774890227155,-0.2267271845599,0.0252216343982091,0.119972296582832,-0.127907518197455,0,0,0,0,0.0131149884742402,0.0382069670210804,-0.0715689074548337,-0.353976364133882,-0.849704014881463,-1.52205524234957,-2.72067440337576,2.32458512648905,2.18245424797663,2.15701638598107,2.5793739515694,2.86792629734534,2.20479044813867,1.59298278437848,2.49844816531512,2.71363940543485,2.67452550633655,2.48807961778357,2.6244294399745,-2.77131743581624,2.75900541497355,-0.00607317145614621,-0.597463495854663,-0.487649881784857,-0.424162752633198,-0.461158179228079,-0.418219202791607,-0.404213638296337,-0.473655445564357,-0.428650357690745,-0.360014755782553,-0.34244333871677,-0.294881784483013,-0.317827417691964
81,0,0,0,0,0,0.0620868017325676,-0.380587332637079,1.19361023614155,0.484401544085046,0.441091949588448,-9.09196343803461,0.364072542701656,1.02236816892161,0.412682122679469,-0.0852130047824644,0.142925558338932,-0.187180219024335,0.10853330266965,0.16923001274911,0.0556768739887581,-0.210340512505664,0.000920589005084141,0.138711663600628,0.0049802716786473,-0.204342714296735,0.0515396581889771,-0.0169117755858124,-0.172146501648879,0.0339514579158053,0.192476555700437,0.0196242122731928,-0.137105404333923,0.0906655312035345,0.0881372162545274,-0.10845553844607,0,0,0,0,0.0131794062650244,0.0375082005356131,-0.0770393154304211,-0.370202303713456,-0.874478879997265,-1.57742592093694,-2.78023679075452,2.33118463354191,2.2223004642801,2.19080026588236,2.55347503642147,2.82568648613407,2.14786370669765,1.56950578678943,2.49207077032754,2.67933115672315,2.66170429147157,2.52724393964931,2.63916681165696,-2.76616346774092,2.73852301850797,-0.0540774872156633,-0.626807051044834,-0.488236672092938,-0.437005886349648,-0.461922705569818,-0.395988907149605,-0.389842044116474,-0.459207654045922,-0.427182777016009,-0.367852595473854,-0.339969784814052,-0.291795897115959,-0.304340190865289
82.5,1,0,0,0,0,0.0578438678290814,-0.417680176500679,0.837380192265387,0.650228192037785,0.382686278885257,-9.04651394549148,1.14123971891859,1.40506943980277,0.717798041762377,-0.0455612314755964,-0.201838489524111,-0.497418568075233,-0.122965698910354,-0.0405220212475508,-0.126227865690196,-0.371727031162388,-0.129584760468854,-0.0132619075237166,0.0211069044114136,-0.0148971216287753,0.00467869903060287,-0.0702404783804644,-0.0165286085640674,0.086719274145759,0.067925012106867,-0.0127618595737104,-0.0549999074758715,0.147589054903341,0.0761860269321065,-0.140594122049256,0,0,0,0,0.0132437687237842,0.0371924966491682,-0.0808377085735984,-0.38356589698414,-0.896025509421099,-1.62703350999343,-2.82843748157231,2.33400839676846,2.25753444655694,2.21315879004155,2.52999706194918,2.77336643168004,2.0875406587962,1.55518786227758,2.47694523416063,2.65195835222626,2.64986026368513,2.55731437063195,2.64734355145555,-2.76773242136991,2.72693544243477,-0.110629196347502,-0.666464704858385,-0.493080781012305,-0.450091670081943,-0.45440563297395,-0.37312124554887,-0.376816728263794,-0.437414145994147,-0.430098296178958,-0.378289091879296,-0.333577059741063,-0.287061685054946,-0.28791714805956
83.5,1,0.0207642754205798,0.151141975308642,-1.31735421307669,0.126043872929755,0.0756835783151573,-0.431866196676958,0.781029436657942,0.712545322164325,0.439145883355895,-8.93952648990095,1.50309270090553,1.32220705026398,0.82085107952802,0.0836260296514436,-0.390231853452394,-0.540219710818663,-0.139517724223329,-0.0141588494834773,-0.062826109473279,-0.297852040116579,-0.0331802739579128,-0.0636453996075023,0.0316611167929656,0.0435613529675796,0.0850869817021083,-0.042025841671568,-0.00627806961222669,0.0990087219797982,0.0313035811831539,-0.0882967966206372,-0.111036058012275,0.166103897677929,0.109697816777075,-0.163886129560079,0,0,0,0,0.0133194216842465,0.0375177685349752,-0.0822956748887259,-0.393066155993339,-0.912980447796252,-1.66764941671562,-2.86664440336622,2.33528962957307,2.29026000261361,2.23275135099373,2.50902430989052,2.7159429874965,2.0240790073227,1.54814674026739,2.45845745892383,2.62904561658675,2.63853229897452,2.57486943582416,2.65234759795718,-2.77378608112345,2.72565929144251,-0.16675738724866,-0.713114378914049,-0.50289464379388,-0.467961418893182,-0.4432526172377,-0.35284627135295,-0.370732502217793,-0.415932384718801,-0.432806098211971,-0.38901703636164,-0.322510287019174,-0.281899050589576,-0.274545167796867
84.5,1,0.0628510778127206,0.527994768602166,-3.75397573589374,0.37792032529663,0.114505615191129,-0.436575113309593,0.798843201624995,0.729447953230003,0.485412015247375,-8.96588314071753,1.58543815787818,1.23395688721674,0.881838515730821,0.236539141632989,-0.426236358252295,-0.562447255901285,-0.10534023547653,-0.0228303208133705,-0.0533839971927686,-0.183912342439229,0.043498967372376,-0.127060443279613,-0.0154562854703473,0.025738657342098,0.134333831890007,-0.0451393051602187,-0.0744641753071019,0.130149936090704,0.0360676163161956,-0.170197930647746,-0.13355253059306,0.173440664792751,0.118113353115529,-0.136773930049948,0,0,0,0,0.0133903183510645,0.0377211827213882,-0.0829809076137257,-0.400700531516532,-0.926863948558337,-1.69958602914161,-2.89402897905868,2.33632526197288,2.32199187231705,2.25218124502957,2.49090860469285,2.66389482945225,1.96486097369582,1.54557233070614,2.44156004016807,2.60927973498683,2.63027482819648,2.58725286905204,2.65857702970266,-2.78827035464493,2.72355347225644,-0.220815520005737,-0.765406141449061,-0.522278728550846,-0.495504324545493,-0.435940737571747,-0.337526514159742,-0.369056416552225,-0.395157930644432,-0.435877108405762,-0.40067650672896,-0.312360809909814,-0.277638932003873,-0.261456882435704
85,1,0.0607494566364912,0.785866931447181,-2.68612515657359,0.349029594848354,0.105932636241424,-0.443140304987684,0.782452421897353,0.730686206418901,0.502322363794366,-8.96700566150742,1.72129584948555,1.14832397078064,0.942099939342252,0.241941253870189,-0.509284312599478,-0.540942052756458,-0.0515721995248795,-0.0978533421215083,-0.0465165100676342,-0.139416373404008,0.0220536397153037,-0.137677589481847,-0.0510394699296652,-0.0280050444672316,0.160499740296428,-0.0473974186285469,-0.110792580363621,0.177720502700518,0.0536639256837782,-0.200052490807046,-0.112043370860672,0.161911421984658,0.0841670313968616,-0.111014012934231,0,0,0,0,0.0134444165882708,0.0374137210512753,-0.083725805320143,-0.407280535305385,-0.938045575106903,-1.72381253146958,-2.91278733574438,2.33819090511199,2.35306468388958,2.27003820906986,2.47391065745279,2.61955256654379,1.91098600889953,1.54671839712394,2.42619484730663,2.5926462182535,2.62692694696732,2.59945635978887,2.66498933149913,-2.81694100871039,2.72465847536939,-0.278401148223554,-0.834102142347815,-0.567193713418364,-0.544011034506815,-0.44249067809032,-0.334494489891932,-0.374811889130508,-0.380449770774494,-0.444390836305688,-0.41713716216974,-0.309461316247507,-0.275654364635223,-0.246491651451863
85.5,1,0.0567768855504324,0.531546882086863,-2.22650248226727,0.266493085727104,0.0991878157378237,-0.453382394811779,0.769232239157665,0.718071640527976,0.524112978629521,-9.07424956721631,1.86887406290748,1.1120567339143,0.962777130892959,0.290542027792036,-0.533050594612902,-0.522075912713698,-0.0101099759934065,-0.113453333451059,0.00406697221683671,-0.147430916660348,-0.028653845668651,-0.090131149371856,-0.0304694818917506,0.0216715231526802,0.148096255269564,-0.0386007653230833,-0.0952998980638016,0.182732187169331,0.108617629244167,-0.185475277142333,-0.139467922261412,0.125724042313979,0.0581571711692363,-0.108662789467311,0,0,0,0,0.0134984685045015,0.0371081540589725,-0.0836541672829314,-0.411491920174785,-0.944900427314748,-1.74049829812508,-2.92627267751364,2.33983680241797,2.38244067992636,2.28629301920639,2.45869495406482,2.58848074535689,1.87038070552526,1.55076598568838,2.41306943520205,2.58014901480137,2.62644562032803,2.61152776815746,2.67222258605341,-2.86027241549413,2.73025552721545,-0.367996876098325,-0.973996613642691,-0.691151955947991,-0.66550476105842,-0.513281443903372,-0.388285131714799,-0.428306729578646,-0.405989229504015,-0.487543807713219,-0.461682757073154,-0.327296721846134,-0.287708348331231,-0.236389999527428
86,1,0.057617122685834,0.611352267593228,-2.79752839410016,0.29387564338763,0.108295169033449,-0.465736366758803,1.17226439088017,0.686560795674281,0.493469166658716,-9.26117306209659,1.94385086174531,1.14842646494409,0.936373509070215,0.196898464527781,-0.424800466117374,-0.461002154630556,-0.0264256977909825,-0.101038372883463,-0.0215326845030916,-0.178943727386685,-0.0360796762044905,-0.0335669623766758,-0.010922360029487,0.0316200092070926,0.13240697069851,-0.0899925370436891,-0.0731697164541812,0.160846833890154,0.0541742686765481,-0.118939179087308,-0.10467497937431,0.0911819048724277,0.0699445900971534,-0.0999394181159378,0,0,0,0,0.0135524741589085,0.0368044643413534,-0.0827953483114845,-0.41333026441598,-0.947474854701297,-1.75003540784706,-2.93435460639589,2.34320800714747,2.41163952597893,2.30379272948547,2.44713057295959,2.56488705511734,1.83528163045444,1.55285943990422,2.40495932651266,2.57021263721205,2.62840218928899,2.62248474482988,2.68260238555371,-2.90430597152936,2.74016087537793,-0.450393059796527,-1.09571024717477,-0.799461518296195,-0.766128850429121,-0.568605484302376,-0.422204066031139,-0.462753927704846,-0.415242763816828,-0.517926956554996,-0.501009687936822,-0.341010183251386,-0.300959976159449,-0.22977295725932
86.5,1,0.07520778572085,0.526999585787458,-3.89505578376114,0.260086737655467,0.107462111900248,-0.477750848968033,1.57095452252498,0.653072528593134,0.459532657541664,-9.43436247396013,2.03974941688103,1.22847495977414,0.840200080200263,0.07463441855446,-0.228042072892467,-0.264898394136832,-0.082587486279665,-0.129965613470828,-0.0128791471455934,-0.226073738915615,-0.0289163245432195,-0.0132537326934754,-0.0801355378685251,-0.00639605723885624,0.176396999406994,-0.0749547233577597,-0.023231187305738,0.0533801802420949,-0.051277563927049,-0.00901999960579014,-0.0363059511755695,0.0718334179029294,0.127165877050845,-0.106873256104759,0,0,0,0,0.0136064336105434,0.0365026347070875,-0.0811801185639812,-0.412813701569389,-0.94583720337288,-1.75266806515001,-2.93612015040666,2.34913069100526,2.44108068281418,2.32455208259767,2.43865475348832,2.54169988412217,1.80567617166673,1.55590934492797,2.40115901772832,2.56380078164267,2.63289761096597,2.63312069878973,2.69346002831442,-2.94034775073789,2.75469891217896,-0.491998727394402,-1.13760957403305,-0.831722154984067,-0.786780120069703,-0.555673126963218,-0.393529919561188,-0.442273295282001,-0.376631332010282,-0.502106335473853,-0.505814697089643,-0.325871854673093,-0.291560344333279,-0.213937898009782
87.5,1,0.084595750884321,0.408081859174471,-4.62416637552508,0.254950285121309,0.101988669210313,-0.489074773783586,1.5688463010948,0.663026832527813,0.448150526539446,-9.60616210687114,2.1764012776414,1.29462272814442,0.803274729680438,-0.0254820792816965,-0.144792571191784,-0.0266348210860911,-0.116377176075895,-0.156651648157786,0.00370379137219136,-0.271266827524655,-0.0650059674675308,-0.00941411472471574,-0.170563184199808,-0.126049904029638,0.324464390092528,0.0179395903223232,-0.124511799027294,0.00410733781439987,-0.0186366922654749,0.0496175621799909,-0.0449091682867655,-0.0106095475006386,0.183278625844013,-0.117737263909563,0,0,0,0,0.0134824235855989,0.0356487239164549,-0.0798046232555243,-0.411555636187474,-0.942435120559244,-1.75147830077243,-2.93260764854853,2.35622712526745,2.4692858548821,2.34680727420401,2.43240675435995,2.52104280795837,1.78596739174493,1.55969189263487,2.39628469119472,2.56073600339871,2.6367895006952,2.64384925535854,2.70291379269321,-2.97349373886845,2.77119715884274,-0.526608144866196,-1.17174238127526,-0.85725859686824,-0.803877710586798,-0.549043972101448,-0.370559348438558,-0.431677976590134,-0.345579476633771,-0.486088736725657,-0.504447493007943,-0.311274486680706,-0.27565978866883,-0.198618872027974
88.5,1,0.0746329839018797,0.348975247167497,-4.4139375802617,0.277967880495064,0.0975708252994513,-0.493135893465719,1.52458607274449,0.674315065105863,0.495589510597573,-9.76141432320619,2.19532873563688,1.40030654165225,0.893593258629791,-0.151840063032103,-0.160269333533396,0.0268210077993947,-0.115407458155732,-0.104110740865896,0.0661516824987085,-0.313164271397165,-0.0914558603544099,-0.0340160779751899,-0.21594690488932,-0.169168761149131,0.297705569792897,0.0965636545128535,-0.128939658931548,-0.0154583409816902,-0.034635605468727,0.049239605950067,-0.0661156417504238,-0.00390353368614395,0.143568564713151,-0.125751539731769,0,0,0,0,0.0127969334478799,0.0335202613889901,-0.0797215523069788,-0.411090386184439,-0.939222428788751,-1.74792296199889,-2.92319953180691,2.36570348170354,2.49829938728592,2.37190559347425,2.42885548478972,2.50338239092392,1.76523184006346,1.56097284741683,2.38940890236256,2.55943862870238,2.6386460701281,2.65304753243809,2.71297227846634,-3.00632108203291,2.78691947090875,-0.546350656273666,-1.17839591116822,-0.860190732984999,-0.811869343468297,-0.551731197112755,-0.353546200699485,-0.434437859107722,-0.331128623638226,-0.475449887449341,-0.503610614597002,-0.305916273605872,-0.267933965397701,-0.199637652541435
89,0,0.060434080900333,0.282582810132063,-3.57418726772677,0.225084573861045,0.0935592523117642,-0.491109887358765,1.62516347570997,0.611092964338224,0.591811984094912,-9.72397741591437,2.20463725506444,1.37090677645117,0.969411478391908,-0.17780830339564,-0.122045142143233,-0.0394178069500165,-0.103263134710031,-0.0316782868078545,0.0558307408699353,-0.321657240567099,-0.150846024596301,-0.0701677874562906,-0.0741511615348202,-0.101239786626797,0.200062796814894,0.0334869168996439,-0.111816074133674,0.0489547503306778,-0.0721596820099794,0.0766760767117009,-0.0123112884514599,-0.0516575923741978,0.0850361810738832,-0.113952954703613,0,0,0,0,0.0117230042649782,0.0306707702084578,-0.0801278846328998,-0.410214442878766,-0.934581942693005,-1.74052264775067,-2.9085768302364,2.37727669799621,2.52795943236875,2.39956832542179,2.4275736949106,2.48659598067935,1.73542520642505,1.56053407646731,2.38274944695922,2.55942426910607,2.6397091005163,2.65961515759839,2.72423169549443,-3.04243662453297,2.80127060466146,-0.555701933352453,-1.16307876478464,-0.847094284640057,-0.811743938890001,-0.564439098543199,-0.344440627375103,-0.448252611558825,-0.334153621907743,-0.471043075843444,-0.508318717824118,-0.303673550313663,-0.262105709974495,-0.208053763431883
85,0,0.0462351778987864,0.21619037309663,-2.73443695519185,0.172201267227025,0.0895476793240771,-0.48908388125181,1.72845211639121,0.51888979841305,0.635841170021453,-9.71088684223918,2.26758940948679,1.21132980260873,1.06129349283699,-0.185690200891635,-0.154010365034556,-0.0785403554562948,-0.126081210670179,-0.0370518993429149,0.0337256210781339,-0.31266495043246,-0.228659730899731,-0.0290377957533251,-0.0787473270615296,-0.0213973788572377,0.137799557852823,-0.0432273948297423,-0.140058738949575,0.130428503207738,-0.0275374837422334,0.0722545317104239,0.0381214363442319,-0.0729790572847766,0.0730954541996144,-0.102813375108028,0,0,0,0,0.0106494522540233,0.0278302255279418,-0.0797434542741745,-0.407233442066364,-0.927846136318968,-1.73078565130422,-2.8896630209781,2.39129397289533,2.55715860806568,2.42718397356704,2.4286565847488,2.46903323359229,1.69348447121047,1.55785950133462,2.37603626469721,2.5620464928772,2.64328281468621,2.66590491424982,2.73640634370565,-3.07490810311514,2.81262596370735,-0.571848994871026,-1.15094071847341,-0.827452085974661,-0.802726388009514,-0.578904830294883,-0.333027934389085,-0.457968199311196,-0.337210524105775,-0.470904352493926,-0.518721521096736,-0.308171673747632,-0.255517008324093,-0.213707077011291
84.5,0,0.0320362748972397,0.149797936061197,-1.89468664265692,0.119317960593006,0.08553610633639,-0.463393644689535,1.24816110316573,0.58013984708967,0.624378246835938,-9.84951761756983,2.22176719145694,1.25586605077208,1.13969082756375,-0.248541188631648,-0.1216711267491,-0.0370549919472141,-0.164523550930674,-0.0567067288387221,0.097278073043639,-0.324014811715888,-0.214313405150831,-0.119501475705218,-0.0524998598908918,-0.0320931210832354,0.128651275180366,-0.00149798691860794,-0.149994932344729,0.12105523921887,0.0247607356075045,0.102897871508919,-0.00824618972412559,-0.0645506747512093,0.0353743135229224,-0.0409599231055926,0,0,0,0,0.00957627968960864,0.0249986309030706,-0.0786302648592527,-0.402641493654378,-0.920013507223513,-1.72078773837862,-2.86905185310753,2.40874841402767,2.58581519839814,2.45656638894329,2.43144286651726,2.4542125305807,1.64039943917639,1.55262152974528,2.36958824304567,2.56732342716903,2.64857286226092,2.67191192144381,2.74815076045741,-3.09970908862611,2.82043296616853,-0.602359840283658,-1.15479392271853,-0.805450885009337,-0.791785486911899,-0.597892643624049,-0.317639893087495,-0.458202335025342,-0.3327359819209,-0.468410538267017,-0.53127183457275,-0.312066769373957,-0.246903091593302,-0.217077828567067
88.5,1,0.017837371895693,0.0834054990257631,-1.054936330122,0.0664346539589868,0.0815245333487029,-0.425203188355644,0.707583907186306,0.660320741181745,0.577278252409217,-9.74859378939445,2.15603491344489,1.26856528269358,1.16944131662454,-0.219416470835913,-0.143774833517737,-0.101370489197136,-0.250951482439311,-0.0392217315531453,0.125602231718833,-0.291804214408573,-0.222148780028826,-0.286786456576538,0.024697217687655,0.0136392168846429,0.14476774421539,-0.0684837175323849,-0.209402744236639,0.0849802932445727,0.0154570566444428,0.149375456070665,-0.0307164667336656,-0.0403755546784829,0.000134325108735053,0.0311339031307446,0,0,0,0,0.00850348884122354,0.0221759892930218,-0.0774748366235619,-0.397668143485036,-0.91160595353965,-1.71021576170927,-2.84781091617321,2.42766724676813,2.61355952738804,2.48784742793605,2.43375283552276,2.43948155781229,1.5910395104547,1.54515376399195,2.36515716941285,2.57388403347738,2.6549563557078,2.67609781708489,2.76095799363954,-3.12005830685886,2.82671259839479,-0.644919961624746,-1.1713215585987,-0.783432624044098,-0.784285737707652,-0.623311066832763,-0.299519749491147,-0.453857757606672,-0.324470991317911,-0.46110179176623,-0.539958386935259,-0.306218348587542,-0.235312080491831,-0.21782773073026
89.5,1,0.00363846889414634,0.0170130619903298,-0.215186017587075,0.0135513473249675,0.0775129603610158,-0.40834367357781,0.69877560407244,0.685324263239847,0.528627094532822,-9.56559948714249,2.15198993329733,1.16603954743971,1.12531742970545,-0.0443109519809543,-0.20417024740694,-0.219102236389826,-0.211530178731293,0.00739748185205093,0.0901329965287403,-0.255206702982233,-0.173708657442454,-0.169625127324,-0.0264820631219148,0.0742171306530772,0.14905784952521,-0.0983025605502102,-0.150305175946417,0.126129825242757,0.0225694134908751,0.147539706776638,-0.0240122142635196,-0.0494808013046655,-0.0453740917761204,-0.0154942319021386,0,0,0,0,0.00743108197322878,0.0193613215384719,-0.0763488928931978,-0.392183931048709,-0.902146586662652,-1.69753250030916,-2.82295160636836,2.44775560303335,2.64093088473579,2.51933298459655,2.43594715099661,2.42100263792006,1.55592484739055,1.53613429094302,2.36392878317315,2.57993565941981,2.66233873705212,2.67816048828711,2.77517363408075,3.14060107307843,2.83208899397606,-0.699601300577605,-1.19193962559512,-0.756757234607234,-0.774584592513916,-0.645195195459758,-0.279110490356,-0.448715664529831,-0.317001650232192,-0.455095115463896,-0.547500050145468,-0.298243320674316,-0.223660702920902,-0.216732035814359
90,1,0.0531721110952232,0.334226497933884,-1.850939559682,0.194339862450134,0.084777996561096,-0.406315526663176,0.785948420176748,0.744999018880531,0.502413723737875,-9.27300681472091,2.10110084566932,0.949388685139063,1.16049191491119,0.152528562162454,-0.489899202696226,-0.248507488203602,-0.118090332453481,-0.0649486346179041,0.00177317103974093,-0.196944142528194,-0.0220517750343036,-0.073443918485068,-0.130186710867225,0.0608706063097403,0.205102972380134,-0.142408877034382,-0.14683522226052,0.238270684729107,-0.0738714965642969,-0.0481051953176183,0.0200373126496791,0.0921273961806153,-0.0441641531940942,-0.106306975128304,0,0,0,0,0.00635906134483171,0.0165546076216646,-0.0750353405217309,-0.385799601310976,-0.890937855290925,-1.68206195580978,-2.79573883960043,2.4683618709382,2.66733975470175,2.54958309235675,2.43824485114963,2.39709136406087,1.52656715434062,1.52754013224546,2.36502149936201,2.58491203517851,2.6705546333627,2.67873740959283,2.78984463619988,3.11424403946347,2.83667950147172,-0.763048306763568,-1.21735119654521,-0.724959899153806,-0.765048809152842,-0.660954319884138,-0.258565917370787,-0.441736772575257,-0.309481019455897,-0.454071316391951,-0.555347471248042,-0.288700809267004,-0.209506738805734,-0.216927196648714
90.5,1,0.0893893797115874,0.677989391537251,-3.37581437190513,0.282977534728579,0.0885582939982464,-0.410336545263085,0.766655918504698,0.762541344885028,0.514787621045769,-9.01052507627032,2.04975697038404,0.805342852507219,1.24137348702749,0.250451753744613,-0.734309286487999,-0.152523918683089,-0.183762035578068,-0.116867897830014,-0.000663201477873705,-0.204643935291204,0.0856990550085573,-0.180494671579645,-0.139866582628676,0.0592562675528176,0.263564609413642,-0.105872133249869,-0.163285746764079,0.335766470526728,-0.14319687593709,-0.11569041689318,0.0343238102185741,0.128606815295437,0.0123721883194738,-0.114520196844523,0,0,0,0,0.00528742921006207,0.013756858285423,-0.073441479159196,-0.378198712971962,-0.877253586685733,-1.66315673074794,-2.76867931998256,2.48641870004077,2.69211018298716,2.57794011210843,2.44096654714801,2.37057031196421,1.49449516010842,1.52121685370747,2.36619362423729,2.58890397040164,2.67861568938583,2.67887991746594,2.80484064723152,3.08609805870582,2.84140769188742,-0.828946614481946,-1.2483322535046,-0.694465461552934,-0.756775462135011,-0.672655419481078,-0.238400240836399,-0.429335673522426,-0.298322379416057,-0.461985650099092,-0.563047141584626,-0.273036626684816,-0.197003842790989,-0.22012649126972
91,1,0.0990986912208396,0.657916828102802,-3.91967796044089,0.282537305448797,0.0903406774077928,-0.405542199913331,0.804907021992606,0.735108779533885,0.520464839184012,-8.87488667182189,2.01720826665813,0.750317502655165,1.30629613317168,0.168971130031545,-0.868039566812633,-0.0233219289677129,-0.230058270127159,-0.0941935481217924,-0.0412143106221121,-0.270623133538187,0.141636084166295,-0.184361356971178,-0.105585038052527,0.0629010942646517,0.226867723129274,-0.0792652382012447,-0.144251991889376,0.333699584383672,-0.160304732482218,-0.112164704393501,0.0338090922084884,0.104021689780906,0.0173611871642427,-0.155144695827797,0,0,0,0,0.00403626784805907,0.0102913603885523,-0.0724540425951957,-0.370145841126745,-0.862034432402605,-1.64127449885071,-2.74100250742867,2.50232384224626,2.71552664805122,2.60663256626793,2.44558463290496,2.34642435439809,1.46313570888429,1.51811900901557,2.36725938000711,2.59211518098664,2.68585626321045,2.67960827113634,2.81850034782433,3.05114524235897,2.84703911441944,-0.899254669091926,-1.28701410329645,-0.668819970681706,-0.746543573383218,-0.679969153544735,-0.221633308418588,-0.40730477062014,-0.279496631343682,-0.479052074681804,-0.575769559784595,-0.245358050606738,-0.187505010773315,-0.226641557797258
91,1,0.0991677448150924,0.626886510205439,-3.83547757634072,0.298681556710476,0.0900295654462836,-0.399438009231382,0.816434370485865,0.733340036467922,0.530223568254879,-8.85905341051214,2.04078365291314,0.754407330558042,1.3002111917376,0.185846970215739,-0.894447266697525,-0.0349487211673541,-0.306761186813363,-0.0891098344444128,0.0154843166190786,-0.271967524615247,0.109770448396451,-0.206126200502488,-0.130169615122402,0.152962802239897,0.173919916004891,-0.0903906848729319,-0.123459946130851,0.332551792241674,-0.0974468778687977,-0.208707538243895,0.0693524781467098,0.11748769914087,0.0138437503727024,-0.142430325328115,0,0,0,0,0.00244655457226098,0.00552865296788558,-0.0730062230014951,-0.362837429060505,-0.846888643456427,-1.61739521957579,-2.71191920269716,2.51724534998374,2.73831641129794,2.63548108186207,2.45155305675422,2.32559919530125,1.43611680473124,1.51876805223062,2.37089969509658,2.59706195141378,2.69424482088155,2.68152691617106,2.83223202392735,3.01486516617304,2.85478551056098,-0.972103973571897,-1.33446683830495,-0.651262615306839,-0.738623879921627,-0.684520855638793,-0.208694915153799,-0.373214082108728,-0.251579084611719,-0.498224835332119,-0.592751056451189,-0.217034836137886,-0.179596161021422,-0.232641212251107
91,1,0.098186396878292,0.712738461538462,-3.55560816314728,0.277428344472085,0.0910706436420722,-0.401187082861423,0.752776354984334,0.730833032330264,0.515407729689097,-8.90568091243251,2.09145498333757,0.76219781558286,1.2689994626331,0.219824297727046,-0.928944551247005,-0.0551166549782835,-0.353187311769089,-0.108857483101724,0.00484830002860008,-0.273646154086991,0.174526526332068,-0.328319565136838,-0.0800720250166297,0.172097156003835,0.150279471362925,-0.0641125779988333,-0.123373498300495,0.341924401430803,-0.137493390092657,-0.237717594588698,0.129175992983301,0.0512596063043225,0.0243804464948339,-0.0735926691895709,0,0,0,0,0.000698853976862269,0.000144055895651844,-0.0742399254444183,-0.355361851087985,-0.830671547084988,-1.59049621566568,-2.68038248333586,2.53179178670746,2.76111064733898,2.66260314184758,2.45699752105607,2.30493194273756,1.40626161592304,1.52281980348317,2.37751648685603,2.60396970477823,2.70354591493145,2.68544933351224,2.84699855394229,2.98953246166194,2.86452038991891,-1.05306840182629,-1.40376669796303,-0.646998955476944,-0.734259209126199,-0.687261567693959,-0.189682740215809,-0.318206381713071,-0.216508202952196,-0.514701755428099,-0.61074083242577,-0.202194141599942,-0.173995578567371,-0.23391254972439
91.5,1,0.104190566990178,0.463774250440917,-3.71180295659533,0.163509959134113,0.100764933776937,-0.404470258736445,0.72761181058509,0.712314965012417,0.473369630171592,-8.93520972221768,2.18741123726878,0.830453206378827,1.18418372335284,0.323236647407266,-0.988802570615224,0.0352045035574198,-0.374324728057842,-0.0280718169262791,-0.0445092126945802,-0.317049766114759,0.214207177840867,-0.332580588660581,-0.0279187629606133,0.181233071475667,0.162491284505206,-0.0427036882493506,-0.206332676763302,0.386070420094236,-0.140984704754078,-0.215292999591142,0.195114448819988,-0.0646531916926921,0.0480146811243123,-0.087458780701091,0,0,0,0,-0.00104844894220388,-0.0052375473629758,-0.0752789291035167,-0.34664890065598,-0.812038798545942,-1.56085072051653,-2.6469754805463,2.5473626226609,2.78388837786797,2.68704711798226,2.46155209583356,2.28371900359749,1.3693719505516,1.52727982848872,2.38437370624647,2.61282436513333,2.71401524833546,2.69080735737307,2.8618235032481,2.97600002085515,2.87389103074223,-1.14092575289289,-1.50454838241466,-0.676963344490175,-0.753010496260126,-0.711394688536946,-0.180506977707637,-0.263899616936667,-0.191434123725368,-0.514851280171922,-0.594137486992804,-0.164061305608025,-0.145026957691232,-0.210898420449768
92.5,1,0.107042128739571,0.438656781443423,-4.37990846704702,0.156577350520854,0.0979707697222143,-0.4048198047674,0.719773904414201,0.708189453810208,0.451885534479874,-8.907920076359,2.08208952404614,0.903682344372859,1.1476431549457,0.281885352280831,-0.943270380180461,0.0621847271211907,-0.442335386876663,-0.000326415908066971,-0.00354264418279454,-0.408953977728711,0.281845943645388,-0.391928475201172,-0.0481609557475485,0.216192905331082,0.0928725147888389,0.0157368711188574,-0.26820134729702,0.455168067791926,-0.200237279399557,-0.209825410579484,0.179785462166391,-0.0291252710980701,0.0469184058040635,-0.123565921405116,0,0,0,0,-0.00249609917795143,-0.0098822927517019,-0.0755283888229382,-0.33704009506035,-0.792334568243239,-1.52965564636718,-2.61313224905954,2.56487755866904,2.80561795416089,2.71083216450809,2.4672508898164,2.26321913712102,1.32092366442451,1.53218854885253,2.38986153364263,2.62308231403716,2.72575149500013,2.69535219781829,2.87605438109579,2.96400201806663,2.88130665870887,-1.19712378050929,-1.56959382508597,-0.712246210793892,-0.771879006800103,-0.729654576463108,-0.178148233459232,-0.234318703397815,-0.191100554968247,-0.515446071330054,-0.564360804957811,-0.132004912760324,-0.115136664084898,-0.174992024698768
93,1,0.136227156331883,0.400419145484045,-5.60215688522415,0.236550279043563,0.102839372633856,-0.403509810340259,0.700171563286274,0.694450166307697,0.429065563553106,-8.90190969124695,1.99772887779945,1.00044534379049,1.12955726435561,0.268832976363785,-0.945109284485555,0.122429570292982,-0.466583248721679,0.0120977068289753,0.0419591621033527,-0.4808235772364,0.290020463761767,-0.414083986305479,-0.0268980594870537,0.211177614941286,0.0684965497663115,-0.008112869844893,-0.281037506108702,0.479919655498977,-0.139299510788765,-0.263286984700687,0.228952278505369,-0.0638243524630974,0.0416848679940625,-0.105873224817759,0,0,0,0,-0.00340807629067062,-0.0131545202145485,-0.0742915497789957,-0.326389640978919,-0.773102892529434,-1.49796620946426,-2.57825271197117,2.58547027980984,2.82573354767542,2.73540718031365,2.47557934015087,2.24426703238905,1.26922417183839,1.54037463936711,2.39522657114919,2.6335023799494,2.73771270005122,2.69898764699985,2.88835110264411,2.95055356952038,2.88870607471147,-1.22413516286379,-1.58446714522393,-0.719363907925158,-0.765401929423901,-0.7136089036945,-0.164266222391124,-0.218740269707573,-0.202042023008531,-0.533229652704433,-0.563671642664447,-0.139646222648151,-0.11275494317441,-0.15215736259045
93.5,1,0.124110709139432,0.38960248783126,-5.89861086069846,0.182755197633554,0.0941860465116279,-0.406125208277596,0.698447560279622,0.686039146552204,0.420863989039828,-8.94024147011707,1.98285033614521,1.11368883402529,1.14345497603469,0.231531175851359,-0.885444789751557,0.107808531035303,-0.47549848096365,-0.000887857133335408,0.0666304233695142,-0.400653971266801,0.250455668114046,-0.436465222440711,-0.0865738182548712,0.151489740583667,0.147274137925565,0.00173719208633846,-0.246861908758339,0.443763718063531,-0.156853880232586,-0.255016778156967,0.27010431607109,-0.0241393662013223,-0.0170426658244103,-0.105112631909624,0,0,0,0,-0.00372990789003425,-0.015071969930702,-0.0715318070391037,-0.314191519549358,-0.753124016319747,-1.46605174169325,-2.54137119508411,2.60940372235211,2.84470123531303,2.75991899185522,2.48539833175481,2.22845526409309,1.22417211603224,1.55056926473264,2.40021998475891,2.64408093001313,2.74883965013789,2.70172373364984,2.89990689539973,2.94033224286558,2.89780918216876,-1.23465754029038,-1.58781778776737,-0.7304637774631,-0.764491535344934,-0.706430758127677,-0.162489072209007,-0.208298679570909,-0.204345732016838,-0.542993401593041,-0.565174216218519,-0.15037141774597,-0.123156041173603,-0.13729710823937
94.5,1,0.141153657438144,0.389800444940307,-5.90999044144751,0.287018614177021,0.0958666351927444,-0.405498154631903,0.694933240630409,0.681122233786504,0.408727246655959,-9.00919847462288,1.98560521426399,1.18646959639172,1.12720469614267,0.156986611707338,-0.84179160530244,0.0942479720551297,-0.481807029705064,0.0746175186338324,0.0607413286103468,-0.441811258892158,0.198815630719175,-0.417902934975148,-0.0455682540262618,0.131212399937264,0.115733627358755,0.0158176318664924,-0.304634968290247,0.44538528171966,-0.119471675999843,-0.217684403224027,0.289592838442098,-0.038391716788509,-0.113334358315854,-0.0723564471531582,0,0,0,0,-0.00368701012728792,-0.0162534144363763,-0.068029059011635,-0.300687122818232,-0.730931028987622,-1.43192931102488,-2.5019748363496,2.63507034158506,2.86127690814589,2.78500705606761,2.49553710839982,2.21453354794055,1.18596926200029,1.56089675456973,2.40400948782769,2.65530783638619,2.75890338502586,2.70575716120297,2.91164497312111,2.93452275030458,2.909300483208,-1.23094162425374,-1.58216375556263,-0.748358029676981,-0.76890499333404,-0.713022959894414,-0.17435548554307,-0.197881100219868,-0.198822291251442,-0.545690343999924,-0.562780957177839,-0.162112649598797,-0.142259171791767,-0.123935938107404
95.5,1,0.146948928428529,0.389586446177962,-6.47796616326471,0.288717584981237,0.103200157055425,-0.40213401682873,0.699967881632395,0.644354234969729,0.4006849107045,-9.02812688625748,1.97749123526305,1.22826339422629,1.1220744349606,0.214072939910382,-0.881229287735816,0.0644314770407656,-0.47493030286018,0.121753921357375,0.0890814484027076,-0.500989338054039,0.247861117326215,-0.416389627409257,-0.0904814781335474,0.235827896147124,0.0447106189674576,0.0256510680450482,-0.354685753957647,0.49831625200327,-0.073535885918152,-0.312751811014863,0.315431707764739,-0.0444140475422924,-0.0885057084148279,-0.0358378105685034,0,0,0,0,-0.00349559499315711,-0.0170962978666768,-0.064091236526041,-0.285923317256722,-0.707004548053724,-1.39559512567196,-2.46072283826999,2.66277076982686,2.8757606685278,2.81228537870059,2.50536084098316,2.20212349367806,1.15468988848942,1.5707378873809,2.4082332144703,2.66732387346198,2.76837559564084,2.7115034747241,2.92467858017372,2.93038772959002,2.92301182194744,-1.23216057768058,-1.57932501033104,-0.760541062353178,-0.772701307551584,-0.718458972251842,-0.182911878159602,-0.189005176677648,-0.197457805471904,-0.54702719135764,-0.560233119082752,-0.175532481650319,-0.156918487256273,-0.10719173342076
96.5,1,0.151288537217267,0.372647165697674,-7.00378738446979,0.208787892110726,0.0957258357558139,-0.403912464655857,0.710018082886176,0.607033462160807,0.393240550723736,-9.14484155659797,2.09147139950093,1.23461401262737,1.04269925696725,0.319390400121719,-0.815670167729368,-0.0272835669023643,-0.437109582110939,0.0300289143364975,0.0800918859130906,-0.403147586471811,0.328664166557966,-0.463768043974132,-0.160222868036659,0.245465870524433,0.0831430418783568,0.0760618351331897,-0.322008174567947,0.409987465929438,-0.0925951564938068,-0.368381783023367,0.410152578413864,-0.00213774102762206,-0.120191596033687,0.0368210681017509,0,0,0,0,-0.00282417278793866,-0.0169372658041495,-0.0591060883141735,-0.270125976742921,-0.683561051909581,-1.35998332163725,-2.41816009051076,2.69368443235195,2.88942026173024,2.84162266198384,2.51553257602978,2.19461908937396,1.13371935800876,1.58028281801088,2.41487472196098,2.68004252638316,2.77726726609503,2.71803909794714,2.94222939310494,2.92676577348393,2.93759578274614,-1.23581728135575,-1.57662903499508,-0.768273788141338,-0.776866546301484,-0.723577297776146,-0.187614796578219,-0.180277911419856,-0.19772486830269,-0.545380577144403,-0.561671850324411,-0.189786213662037,-0.170237139908974,-0.0903611887271066
98,1,0.151686391447366,0.35831216431993,-7.96610646240604,0.244163688348425,0.0872727355203948,-0.406949676973721,0.712151202672356,0.567675487563288,0.375681623991763,-9.11718583868293,2.16455673315736,1.14101698027635,1.05238298752898,0.275585121924707,-0.808032038490183,0.00598242939524607,-0.452538235511663,0.0110661293891191,0.0333065861158622,-0.449706432395533,0.319831150740459,-0.430634648027467,-0.101426779136341,0.161270885419163,0.112215982473334,0.0187503243965253,-0.350587879510059,0.457210920675392,-0.0718059305980396,-0.324153358582679,0.37474784819158,-0.0458674605502379,-0.0598812242294762,-0.0033195745262422,0,0,0,0,-0.00181629491492194,-0.0161071472670734,-0.0537145225858663,-0.254105384277781,-0.661044566158755,-1.32547591184222,-2.37420532355996,2.72815430579813,2.90262627678388,2.87143488092235,2.52618192819317,2.19238638850625,1.11858359225979,1.58936194447356,2.42374336589297,2.6934418545247,2.78595237058924,2.72645096284426,2.96277116654157,2.924045641793,2.95392666863657,-1.24078114052137,-1.57883765999649,-0.772598910413797,-0.783606277352477,-0.730162699302128,-0.192135569649045,-0.171319964818975,-0.193968460927159,-0.539667099851313,-0.568444342846086,-0.200113122379942,-0.185961188810721,-0.0721523964085182
100,1,0.152699110298116,0.352298650383848,-9.12332342280749,0.246337035620548,0.0830129190230309,-0.410136465274729,0.714758895307866,0.52345671836922,0.363478409942745,-8.975159720206,2.14879509818342,1.08967916959996,1.09954271581563,0.173348195236617,-0.808960779404745,0.118031155587349,-0.463287095374301,0.0344960304747345,0.053239206503901,-0.487714970190012,0.375582003760707,-0.469474733538076,-0.103786184703283,0.124099468274396,0.145414460433545,0.0421314780687372,-0.337760332723833,0.403505907861837,-0.101631921431601,-0.243419086872961,0.316029689821436,0.0408491120893475,-0.112329999705702,-0.0536713178870823,0,0,0,0,-0.000807571415723453,-0.0154634520669713,-0.0493393750725449,-0.239306817089907,-0.639896531949635,-1.29277852821389,-2.33048207641592,2.76475088770067,2.91543767453003,2.90045606498913,2.53641215726113,2.19372275837297,1.1090121674192,1.59907783757883,2.43361730381835,2.70777581043402,2.79341631050446,2.7355182485347,2.98270470032906,2.92319454842952,2.97204222259441,-1.24531596373165,-1.58482271491531,-0.772402499302768,-0.793376630044448,-0.735338062711469,-0.195386527525256,-0.165041565230739,-0.184684488100611,-0.530079664910553,-0.576861501738521,-0.209352530819326,-0.205106935735388,-0.0536483168564233
101.5,1,0.14586438719249,0.348922448325589,-10.28865680069,0.293268266553256,0.0766191887746927,-0.413183304313298,0.75124288894319,0.49197305607859,0.363116671096748,-8.85988340865882,2.10288326825085,1.08371128001485,1.09803932050831,0.158507377441471,-0.8320573616362,0.136918338987891,-0.548339895332073,0.111750937900594,0.105030723399452,-0.497907367101758,0.373054774383998,-0.547079782153974,-0.0525328230111848,0.15477742665549,0.0507849017482508,0.0379001963207516,-0.240690671826193,0.340944916071276,-0.048218737688194,-0.276343178434976,0.258913464271843,0.0865305175726875,-0.0834852342620787,-0.0312916040032501,0,0,0,0,0.000201996718964279,-0.0151491199508481,-0.0465885707279986,-0.226894800598656,-0.621689968250061,-1.26387287771775,-2.28971976522124,2.80112468310277,2.92738859270722,2.92804415598273,2.54624643541679,2.19900573236087,1.11273365176051,1.61079486711624,2.44338561752415,2.72288087126286,2.79944392559701,2.74312401300286,3.00027462604206,2.92360915222088,2.98914824476179,-1.24792877996707,-1.58832110406775,-0.771667398858058,-0.80768317089512,-0.735841754278083,-0.196932713916912,-0.164223113875754,-0.172229740135096,-0.521462270594054,-0.585033943718152,-0.214725174998706,-0.221828358600797,-0.034483909328924
103,1,0.125572875663229,0.354554913003891,-10.8959933575004,0.398531626632568,0.0760096565911987,-0.41327257204401,0.756453411604873,0.494096040897766,0.374734384305526,-8.83039366252777,2.09995718155751,1.13008876162615,1.12251097721755,0.129247887614533,-0.886817542113959,0.0951601345491345,-0.542580517123086,0.136653058992702,0.0324739876587869,-0.49530156595957,0.31152450704288,-0.534489284719233,-0.053853674282099,0.213605419671514,0.0363402179625128,-0.024808939277288,-0.190368133849354,0.255193052302042,0.0103770856104169,-0.246733071496305,0.270036923421365,0.0797385406442609,-0.0546295147117989,-0.131926448553561,0,0,0,0,0.00121240848990197,-0.0150902294689833,-0.045383299129045,-0.21693936515944,-0.606633478981745,-1.23907765532376,-2.25297342575844,2.83636696640337,2.93811231326432,2.95382706182623,2.55560556744389,2.20542999749651,1.12797383447836,1.62371068294888,2.45285802601199,2.73791531695701,2.80459216127405,2.74903205358535,3.01657617701816,2.92454976585237,3.00541071131739,-1.23661376794222,-1.58370925028209,-0.774259970247282,-0.830248303885654,-0.741194502453505,-0.213620165219592,-0.172625466082408,-0.149036685691221,-0.502876523341724,-0.590407654723192,-0.208670063383445,-0.2343233856055,-0.0307701693104502
104,1,0.146295667206707,0.355889460421964,-11.2553572807368,0.413911296086269,0.0830904214161467,-0.414434218366107,0.736811580763309,0.505355048082932,0.387292120727064,-8.80630698054395,2.1433070432885,1.07863902760053,1.21449621202823,0.0491893963592341,-0.921118636950388,0.123528445097737,-0.61134520951252,0.132302734201571,0.0445352224515694,-0.459134234241041,0.321671644572733,-0.564158616815666,-0.0643891290012604,0.228612564470542,0.0222666249080865,0.0663815285114256,-0.241372602972067,0.250102333352176,-0.00630623818586432,-0.25504773324539,0.353235910962267,0.0230979018934608,-0.0495313740709887,-0.133217486864308,0,0,0,0,0.00222366288928911,-0.0151538710286931,-0.0454859824012778,-0.209323401830453,-0.594841226043827,-1.21870250927166,-2.22133345795825,2.86958112103525,2.94725286295307,2.97696955480219,2.56425331484534,2.214493702122,1.16386231381076,1.63906972162072,2.46197226652726,2.75209469966454,2.80768793783893,2.75495333605456,3.03192547510193,2.93037501096595,3.0221604038799,-1.18397843982709,-1.52737869940722,-0.760134007739017,-0.854742097382279,-0.765892288319206,-0.265787299604012,-0.204778913719604,-0.131346634129653,-0.472523677830766,-0.5751947143744,-0.180458586466527,-0.233228226851237,-0.0470979806524549
104.5,1,0.142955578717311,0.351371543126097,-11.8421622987652,0.3969680758001,0.0821925786233291,-0.412943729349235,0.73417929222565,0.470144439245332,0.390479286565558,-8.82199283977398,2.18515431179389,1.13332573524123,1.2053343720428,0.0994926835352603,-0.974375091740988,-0.016648899763083,-0.529923169165309,0.0972307311414116,0.105871889088362,-0.511515342477594,0.219734009795912,-0.490716772921137,0.00291099266059102,0.246651169379546,0.0103824437674671,0.0356059111300842,-0.233481029322399,0.25119924343726,0.00366538105944595,-0.171011498545359,0.198440291335911,0.0949176847103285,-0.0221181451294682,-0.152118150337671,0,0,0,0,0.00323575890075026,-0.0152237258051556,-0.0467414644743724,-0.204004670437581,-0.586388729029274,-1.20295224432046,-2.19550024716167,2.90000542792084,2.9544275787381,2.99599759316746,2.5716320591814,2.22480218766818,1.21767443543312,1.65723502291289,2.4707779686607,2.76463832568477,2.80822680102278,2.76101275988496,3.04559340910953,2.93851747276941,3.03920683534901,-1.04955984146666,-1.37535949163632,-0.704894939505481,-0.85172760636912,-0.792627333601426,-0.361241631039786,-0.300552682373208,-0.19979841626068,-0.500273585719464,-0.572595018804137,-0.176294071202054,-0.243979234393002,-0.0707268360803977
105.5,1,0.155481106570937,0.34886521027449,-11.709575271811,0.410272380857258,0.0852091727524553,-0.408326711485255,0.723486154147928,0.486006192353695,0.387663955255572,-8.75180229393325,2.14820056903191,1.04097952786449,1.28588881649278,0.186796156780857,-0.966493689144905,-0.0487437948105482,-0.58334812948296,0.117441176229292,0.0450749618147286,-0.417732441478355,0.379131580075598,-0.676073118751739,0.0193275868837932,0.1860510662266,0.0595456684330692,0.131885688043865,-0.203573679680031,0.179427669518415,-0.0535167637485463,-0.121717247151905,0.169182687836267,0.165423058699918,-0.0170975459417912,-0.191026148267486,0,0,0,0,0.00424869549932026,-0.015297035848915,-0.0490077000233068,-0.200848707955873,-0.581069076873113,-1.19157671443783,-2.1754563818061,2.92688870333321,2.95939688427412,3.01045911377134,2.57701010021612,2.23523394190284,1.28440008574768,1.67749777655428,2.48037908270302,2.77616174208718,2.80680738235044,2.76688804221757,3.05885070235201,2.94561848125406,3.05626261840669,-0.83034359998026,-1.10347519663804,-0.540163438094315,-0.714623728818005,-0.690552474158629,-0.347920662709512,-0.317119847694714,-0.232403066887015,-0.501422232890144,-0.550860649975471,-0.190338500012173,-0.27507789898009,-0.11585790812922
106.5,1,0.151291838046309,0.35091691500142,-11.492095621379,0.438843984200478,0.0744729570956029,-0.405737871711209,0.740977096434038,0.554150469957166,0.388421099996225,-8.77611640635784,2.23187104625103,0.961956588513187,1.26991194332141,0.208512701569408,-1.03728263858224,-0.0300983445057838,-0.562898911891907,0.141245769428353,0.0388635398392588,-0.464740207194533,0.338525394192711,-0.640665756968321,-0.0335380750887534,0.268896835516144,0.0478964595041251,0.0632892522060118,-0.232190897160253,0.195248845893556,0.0298536272295932,-0.143064355212131,0.24911344075697,0.0376426550547545,-0.0901041750981509,-0.081003663280538,0,0,0,0,0.00526247165143146,-0.0153708420960438,-0.0520931643133863,-0.199724943943158,-0.578707078758315,-1.18437593947797,-2.16093343241356,2.94962719944317,2.96161830252565,3.02064453878031,2.58064092790763,2.24828241756835,1.39788064822485,1.70117823832877,2.49114595228159,2.78692259555791,2.80439112064678,2.77148963328977,3.07135230928328,2.95171434348308,3.07215597823552,-0.645221947685332,-0.88393656618114,-0.395139894608233,-0.570626937571021,-0.561030985348304,-0.27572560711571,-0.269782568531989,-0.202249712573304,-0.453773393646674,-0.506095720740462,-0.192801467669708,-0.295150922301335,-0.163535246634057
107.5,1,0.14131830409247,0.344221052675863,-10.8049156901438,0.417946058911089,0.0792721046365361,-0.401650140365573,0.741005954241488,0.574255845177266,0.388019381685069,-8.75376558772236,2.29718417599545,0.932203885336486,1.19833248314302,0.22075302052235,-1.04498726851598,0.101542253429336,-0.536911341870821,0.0445564371107663,0.040675166026633,-0.617230270907953,0.447436913908041,-0.51172147645488,-0.0855479469230016,0.360935348433927,-0.134002119649356,0.0643980211680554,-0.192629551440027,0.227280682291723,0.111853484021732,-0.207455010101909,0.210415729561199,0.0217762945545643,-0.124878643839935,0.0497096468334199,0,0,0,0,0.00627708631489925,-0.0154451496007244,-0.055912542403166,-0.200749814727426,-0.579550693542344,-1.18157163570163,-2.15171462211214,2.96800929242296,2.96071696639964,3.02636650339116,2.58278295466099,2.26116264868085,1.65107261382711,1.72700379704501,2.50191509628295,2.79662301884758,2.80077777927894,2.77403475752608,3.08178272090862,2.95904956003145,3.08741716760684,-0.532886018392495,-0.803698318409704,-0.372527668028302,-0.548384790092899,-0.54420766566194,-0.291698455749522,-0.295705605803116,-0.222720170201268,-0.444170226889011,-0.488396723463287,-0.208778712693898,-0.309066085007956,-0.19514135386662
108,1,0.139759703245941,0.353827723937017,-11.0398405469232,0.362018001976854,0.0812563323201621,-0.40171304634114,0.727924001535699,0.567647540554832,0.38952919569102,-8.75428598820277,2.27110056559724,0.957422255814749,1.20523391771123,0.163884124570234,-1.00129631717353,0.0463088760663221,-0.585114054902391,-0.0118851447364349,0.0778997848699078,-0.593904153167336,0.397249801784187,-0.412926425011547,-0.168883005625583,0.30004492009774,-0.0969161273571903,0.06900331578367,-0.146584575944942,0.183933918550851,0.0753060274689219,-0.218986092728294,0.207015645649856,0.100766340114865,-0.116256190140812,-0.0111784091734894,0,0,0,0,0.00729253843890876,-0.0155199634860028,-0.060081542275793,-0.202928203331965,-0.58208857771785,-1.18238205000079,-2.14733126293134,2.98378069677528,2.95804834485507,3.0283676771783,2.58285832400232,2.27548252543442,1.98470060354025,1.75664254496434,2.5130973164514,2.80481266458612,2.79593959599364,2.77594848061192,3.08986032310202,2.96639055131411,3.10327128402125,-0.430115220667933,-0.74082522771705,-0.365391266102953,-0.541640252707976,-0.544215822162676,-0.315867443247606,-0.325436511226486,-0.246936864209833,-0.43810774976764,-0.469727499931275,-0.231092901807166,-0.319007512426382,-0.225568357428789
105,1,0.154622334743804,0.359063089751746,-10.3262340290939,0.382744590077605,0.0690575682583472,-0.404430918963742,0.754374580360572,0.547550115651491,0.416126485107116,-8.65277243920394,2.18384048681895,0.949048570755418,1.35334884308055,0.0363741471206046,-0.829430756661767,-0.0491696498830634,-0.626320243182485,-0.00998542226568008,0.0734795460919792,-0.409011940601837,0.304889798089128,-0.324723672905892,-0.237665454045206,0.219781931781104,0.0405178887332889,-0.018949238324733,-0.0675743956959733,0.157445972848984,0.14312246437186,-0.34352119282592,0.151821202702088,0.242757551910479,-0.122747278508186,-0.0624894678131056,0,0,0,0,0.00830882696400129,-0.0155952889449651,-0.0646061868197903,-0.205876883671518,-0.585350260355999,-1.18493629608945,-2.1451400662264,2.99727359411248,2.95433063200657,3.02769613570696,2.58317401600744,2.29435366526906,2.16839633814232,1.79396642540134,2.52483808256119,2.81294843445039,2.7911855425255,2.77793728505449,3.09509326464401,2.96960664421319,3.11961898382036,-0.333713176857011,-0.689892150483777,-0.371507076562565,-0.536582154143474,-0.546682082029861,-0.336110847580571,-0.350904885795212,-0.272554027180471,-0.435739831158047,-0.451122929357079,-0.25404074082736,-0.324323410346867,-0.253014121540653
102,1,0.137427317742982,0.387726092496345,-7.96244853342986,0.262734832825966,0.0782681024160155,-0.403953654085964,0.941774943106323,0.502111684980518,0.484246115117664,-8.58140995186663,2.17763222310351,0.922587312549892,1.35538419736869,0.0610393337224731,-0.925625419062933,-0.0258267260250336,-0.498822138177697,-0.0836001035419043,0.0391826651525609,-0.318520595973123,0.220488682657954,-0.324725021670209,-0.101953256145447,0.18846394860604,0.0260378519035739,-0.0949322426798245,-0.00493831587335203,0.210576885059305,0.144074052780996,-0.363978903778355,0.0223684101875539,0.352636638108098,-0.125864850947473,-0.0437711327452501,0,0,0,0,0.00932595082206138,-0.0156711312419381,-0.0696578011287135,-0.209950938552833,-0.589712015082169,-1.18829389659411,-2.14343098920161,3.00909133831385,2.94931012571658,3.02506146211421,2.58620124997355,2.31585067749664,2.20747813666835,1.83663579026041,2.53425857856083,2.82138421980948,2.78744972113931,2.78044356190241,3.09878143968698,2.96822941942471,3.13508817419919,-0.242983263851025,-0.654409022216768,-0.388879340969406,-0.529300581903155,-0.548012763302421,-0.356377360093399,-0.375453081874973,-0.295701492674311,-0.431153172224651,-0.430683412350014,-0.274043651116725,-0.327411501266036,-0.272240330649422
98.5,1,0.11584850832524,0.425362669580009,-6.3066970425628,0.22523524459955,0.0805024575813038,-0.407268408062275,1.16291606189349,0.459107226254236,0.566920780872973,-8.6179987472035,2.06323784695728,0.885918243304642,1.36162725269078,0.0358456604517821,-0.901520974483075,-0.155867024147563,-0.391024678318132,-0.091985443914632,-0.044464021151343,-0.265071678134277,0.121836079820073,-0.341610187552555,-0.0219718674400069,0.178545553621354,0.0349130961460966,0.00605965491255102,-0.0448669934618842,-0.0166367865645319,0.12970965651505,-0.325562101100424,0.15303664944607,0.295678500609373,-0.17152865346044,-0.035239864882559,0,0,0,0,0.0103439089363036,-0.0157474957137157,-0.0750492795883728,-0.214778537846779,-0.594411680782849,-1.19275712745823,-2.14502100081221,3.01889206593756,2.94253284397405,3.02057682108751,2.58915361609372,2.34239746518419,2.23013746326416,1.88218768792586,2.54113788587872,2.83109349740809,2.78327492633544,2.78270349083989,3.10248172637225,2.96391057857274,-3.13273603295869,-0.159717711551363,-0.624307140354351,-0.403609013839035,-0.514852938371444,-0.542276734164944,-0.373256872842941,-0.395199181274349,-0.314577141204183,-0.425476272646031,-0.410910541455665,-0.293686874707182,-0.332023503044969,-0.284578468246629
107.5,0,0.107170717439454,0.393500297326824,-5.83428527907495,0.208363690696962,0.0819047862384773,-0.414387125585039,1.11039609586849,0.490577245813807,0.592529518849564,-8.69753754544613,2.0553355952098,0.894131180791884,1.23426911509384,0.0818297565092478,-0.77142482542175,-0.13075831765694,-0.458547466897564,0.000666460116188817,-0.0454108393375441,-0.302114558485887,0.243616231893887,-0.309718093254504,0.023628714812946,0.0993815618852933,-0.010345328769692,0.0756445735045014,-0.0538498409776002,0.0364773191907406,0.220467725419951,-0.452837594943822,0.0989589290836588,0.275407193631589,-0.175990399849219,0.049148196811715,0,0,0,0,0.0113627002212593,-0.0158233145899314,-0.0807425942868522,-0.219998767722853,-0.598795767673626,-1.19744674326399,-2.15065683534966,3.0256220081159,2.93454099938455,3.01600729706564,2.59083407328514,2.37875571288232,2.26284190916773,1.92896552434384,2.54717962118144,2.84284633213517,2.77765329403089,2.784123582318,3.10282282656423,2.95805843121681,-3.11590549706404,-0.0816962618169104,-0.593829453080678,-0.41514786163711,-0.49728216038795,-0.532657400862671,-0.384965915619344,-0.410086391636908,-0.333053031876857,-0.422103765527665,-0.395754726819726,-0.312222104999382,-0.340279121578991,-0.295654558200045
89,0,0.0984929265536686,0.36163792507364,-5.3618735155871,0.191492136794374,0.0833071148956507,-0.395504474072876,0.786970186398996,0.533807672242121,0.58069673901387,-8.94335970946684,2.02018636656711,0.952172608684332,1.14147106391489,0.0451584743889526,-0.885497911120383,-0.0810092880858933,-0.360076056339651,-0.123625425967403,-0.0368129045716535,-0.13454433302738,0.219012139145439,-0.268588422677156,0.0977363813986684,0.104458047640872,0.00236537789800403,-0.000736895788911695,-0.102303181218785,0.0847171716848878,0.124510945903797,-0.438174745074188,0.0198610588057338,0.287947586449311,-0.130875735567495,0.0248295591267153,0,0,0,0,0.0123823235827639,-0.0158971294835399,-0.0867223785424315,-0.225872050238445,-0.604381101918169,-1.20424446676863,-2.15834392883779,3.03301205905249,2.92727605315084,3.01405602059024,2.59369359361162,2.4240670270426,2.29569686479765,1.97796650695601,2.55448473337991,2.85562488075578,2.7745824883155,2.78714984916044,3.09872051961822,2.95432657426826,-3.09806138565821,-0.0212953709094146,-0.569806922232179,-0.429178401495399,-0.481921611994878,-0.524380505911419,-0.391219200083364,-0.416732323437877,-0.345517267465769,-0.417853603639148,-0.38850065999526,-0.327272616579948,-0.351882746784372,-0.304430715512442
58,0,0.0898151356678829,0.329775552820456,-4.88946175209925,0.174620582891786,0.0847094435528242,-0.362777549213246,0.688757553026819,0.44456111065585,0.568811602948714,-9.16631547728306,1.99129752780531,0.827385420762164,1.10161224122355,-0.0127048510099761,-0.900720396273984,-0.143212960223827,-0.28596037112371,-0.23716867736016,-0.134362436663027,0.00916112947336922,0.152549751840068,-0.04239088422104,0.0905329188173655,0.108852613076515,0.147925354764364,-0.0442242540465117,-0.151811187959242,0.170478891017182,0.155170848792084,-0.308108113716006,0.0392992171266387,0.232346070652962,-0.116685024314681,-0.0830181832751876,0,0,0,0,0.0137648388424916,-0.0145061762731005,-0.0908872889618274,-0.230936459434999,-0.609302998398634,-1.21190243624758,-2.16730907248421,3.04198535492172,2.91981328003339,3.01058110152788,2.59730935764328,2.47244709983368,2.32293811238713,2.02868973281494,2.56272202144651,2.86797322745641,2.77426985099262,2.79135593637027,3.09250542647031,2.95467291994255,-3.08053277509893,0.0185012325691017,-0.554134368776728,-0.438808416702653,-0.4695657620009,-0.519806543677304,-0.393463620651637,-0.415711099046713,-0.35180118790774,-0.408319966973019,-0.383878810905002,-0.337336501317543,-0.361995195131428,-0.308253669661963
84,0,0.0811373447820971,0.297913180567272,-4.4170499886114,0.157749028989198,0.0861117722099976,-0.351298602303541,1.64938349794849,0.451070982515849,0.538185442385637,-9.37354819611476,2.16951509791498,0.550807792151195,0.944904640331276,0.177974590688185,-0.959229793702191,-0.301777521352577,-0.362140462773547,0.000652700171643605,-0.00502712200944413,-0.153122400511715,0.141004088059315,0.0608022894223202,0.0623982008724538,-0.0276927967923316,-0.0141944623304469,-0.0868779207132004,-0.0448610010847802,0.0672899379263952,0.060020236390146,-0.119230860962121,0.0355653362052975,0.117394112009071,-0.0224570129614927,0.0255504297198043,0,0,0,0,0.0158304118859991,-0.0102959399472623,-0.0909974090827217,-0.232401734217556,-0.609289306611238,-1.2178060151383,-2.17874806164577,3.04902268458025,2.91026495245988,3.00187687078516,2.59940028633412,2.5146444937924,2.34606443506749,2.07503433818001,2.56751767283102,2.87707127156922,2.77174276423549,2.79105605985716,3.08361513754519,2.95271584491906,-3.06597376922907,0.057191304804713,-0.542704325452337,-0.448849428787636,-0.461968707449912,-0.520476058001897,-0.401499224557474,-0.414714466541593,-0.360335518708489,-0.399118914307754,-0.37759848006998,-0.347386081130794,-0.368528719673253,-0.30915158863312
108.5,0,0.0724595538963113,0.266050808314088,-3.94463822512355,0.14087747508661,0.087514100867171,-0.350181696937492,1.53288037267065,0.60753113802599,0.453469124557216,-8.96466521716247,2.12059551790721,0.081600410323757,0.70019125559467,0.167114480255839,-0.851152047955276,-0.465045439728078,-0.431156152962389,0.0636361027223021,0.0151432225020429,-0.193876575601604,0.0809714685365174,0.0783814741556316,-0.0021477499683305,-0.102672448024844,-0.173639193338668,-0.218112790007072,0.0664098158577264,0.0553787514223651,-0.0357656350898311,-0.00718533760304577,0.068543173989212,0.0203422933487552,0.00833476114168013,0.0405649304756106,0,0,0,0,0.0182158270900148,-0.00473025535949344,-0.0890730277209622,-0.232193733343992,-0.607287076492876,-1.22586116651894,-2.19641747991682,3.05150875122632,2.89617540454936,2.99068701616333,2.60327856486331,2.55741158466523,2.35949176492496,2.11547545704839,2.56693521896838,2.88306541243287,2.76590250298269,2.77950224145942,3.06986561654207,2.96717819404228,-3.05617100435715,0.0910972541712566,-0.537230359855213,-0.461977986616191,-0.455472171593643,-0.518568507890015,-0.410625451268266,-0.409614832697883,-0.369579765355039,-0.395356288285979,-0.372837214430344,-0.356659602497148,-0.371415782326167,-0.307089638885005
107,0,0.0637817630105255,0.234188436060904,-3.4722264616357,0.124005921184022,0.0889164295243445,-0.35322158864719,0.662936279246111,0.533363947271553,0.377729075235628,-8.52631813325601,1.93989072231587,-0.00601948179594643,0.681297752169171,0.0245827318018892,-0.642680027210548,-0.700918017071638,-0.374726384278474,0.173076001742436,0.119243311580584,-0.00713377046969613,0.0906952404863046,0.139837500368147,0.080390721109205,-0.0555523260586362,-0.260668947005879,-0.205641881370735,0.103982637497973,0.123054124512498,-0.0166353443563559,0.00784180025150875,0.130923686445321,-0.0171975313172361,0.0183097645137237,0.086582714988332,0,0,0,0,0.0206023391085168,0.00084215045523155,-0.0872539353620443,-0.233001669132543,-0.607867529769071,-1.23755054665034,-2.21640076307194,3.05098420579342,2.87539271425493,2.97633820452762,2.60949566273802,2.60159669318979,2.3726191692279,2.14975936802116,2.56266333001982,2.88346738689911,2.75569547485293,2.76391939928706,3.04909242311421,2.99404994190711,-3.04962633668604,0.107636914136722,-0.541421681528889,-0.472457554057506,-0.445341041539022,-0.510077600229822,-0.413446781200091,-0.403339238529349,-0.376656059746053,-0.391792898211148,-0.370689603359368,-0.361090756774944,-0.372052545416464,-0.301908973352115
107,0,0.0551039721247397,0.202326063807719,-2.99981469814785,0.107134367281434,0.0903187581815179,-0.37765167489925,0.758217734614341,0.378007706516153,0.384433651433178,-9.47905313012336,1.83168203644729,0.0029871604329329,0.730576206461157,0.0257709000244228,-0.424856907543391,-0.967753229273038,-0.373240798758312,0.0976027471154503,0.301286496753324,0.13689196216899,0.05696423645662,0.189960636383488,0.320648432666727,-0.177134148142618,-0.41671893346223,-0.183629146074051,0.137950912638962,0.159025749309551,0.0368228821154361,0.0964886499108498,0.155801650676522,-0.0580455091756178,0.0251843580428624,0.024606324854477,0,0,0,0,0.0229899214953429,0.00642094301520372,-0.0855142484448861,-0.234706956312586,-0.610685526866792,-1.25221750390087,-2.23707389626179,3.04852302503512,2.8518339936055,2.95615311715829,2.61289162909404,2.64279389583073,2.3864442636092,2.17660998735119,2.5597820824276,2.87865607750833,2.73911135632238,2.75473203201775,3.02365403956129,2.98738732820261,-3.04358129863455,0.104630799366465,-0.548996286738451,-0.476660138699806,-0.43271290203092,-0.497568811004613,-0.412472006456164,-0.397820784056195,-0.379023077393808,-0.38652849769184,-0.371614735746831,-0.363782662597528,-0.375306431196107,-0.295267214850133
79.5,0,0.0464261812389539,0.170463691554535,-2.52740293466,0.0902628133788458,0.0917210868386913,-0.371148973389725,0.724417755452821,0.508454146043614,0.422652945350799,-9.98768487395738,1.847567065249,0.259827925286842,0.66028065470171,0.0552075463482387,-0.380104634180785,-0.625864163303567,-0.139838284237947,0.120499174467441,0.269470165632543,0.0437187221546082,0.0901262674452707,0.12245616061702,0.14811753074256,-0.150501138539021,-0.282913734728108,-0.105000850513624,0.181204182457825,0.160869181293485,-0.0322525759998296,0.138720480465573,0.0387273493134931,-0.087730028645946,-0.0675843994722658,0.0565599049767582,0,0,0,0,0.0253785477317915,0.0120057854816576,-0.0838142047131959,-0.237081682186464,-0.613990599202943,-1.26910466374108,-2.26331080458826,3.04021459474304,2.82720678837982,2.93298759088491,2.61304788949768,2.67934611606949,2.39381405081518,2.19609463099686,2.56134495783266,2.87103485248938,2.71913021837894,2.74662247446735,2.99679641852356,2.94992856469633,-3.04110520949274,0.086531954263374,-0.554036821886462,-0.472342849883836,-0.42168165467206,-0.48375196735711,-0.409001491365026,-0.389338273552741,-0.3785825277871,-0.384229153352632,-0.375520679683255,-0.36744058880073,-0.37981319235201,-0.289684366385198
68.5,0,0.0377483903531682,0.138601319301351,-2.05499117117215,0.0733912594762578,0.0931234154958648,-0.353166269198869,0.883540384402835,0.514936245410314,0.519445368729705,-9.32274690842985,2.20546919404601,0.420599876888166,0.404146721506226,-0.196899519430463,-0.320479292572136,-0.165978029475001,-0.318483859033269,0.16492591943835,0.25869780418317,-0.0342199103655014,-0.0382815988529376,-0.209979493170931,0.0934045842444658,-0.11296106387546,-0.075924283342165,-0.0548269182764657,0.0425860206705102,0.158492719625649,-0.0944145474665569,0.14816730738344,0.0895917111839452,-0.107059203232383,-0.00581299420874211,0.0924032429871067,0,0,0,0,0.0270451979913667,0.0160176626865559,-0.0837979673398714,-0.240992330108982,-0.617827781951132,-1.28609370396567,-2.29603708311169,3.02487484088412,2.79889972460348,2.91049609520716,2.61175832403535,2.706984432698,2.39165812834355,2.20869357700421,2.56362642630265,2.86022611203687,2.69537894174143,2.73156048889639,2.96787464949135,2.89189637111376,-3.04228061742647,0.0599009526102351,-0.56021882528172,-0.466148094284154,-0.41746177372193,-0.47568860492562,-0.407553378593828,-0.377681997230024,-0.377003290887164,-0.384254186518067,-0.378577044208708,-0.368827672043789,-0.38408876126161,-0.283689451578605
68,0,0.0290705994673824,0.106738947048167,-1.5825794076843,0.0565197055736698,0.0945257441530382,-0.3630764610599,0.929960541091473,0.522698137349851,0.612965437151964,-9.84009203409832,2.20677716228005,0.322496623098038,0.226001281967475,-0.254006533577318,-0.269444041639452,-0.0845276057499779,-0.26130689918265,0.0914451730993385,0.250003742820066,0.0796807557919138,0.0674893238599635,-0.317397733955568,0.0495695303411644,-0.217316928383425,-0.0628472883895567,-0.0745852574433961,0.0306999832954235,0.261516868773635,-0.000451744457315154,0.220057688429118,0.161147663315338,-0.120782830969594,-0.0531093889610627,-0.000536244147621604,0,0,0,0,0.0279709696499098,0.0184100680789727,-0.0854308981379698,-0.246301890606672,-0.622820814146388,-1.30552963462148,-2.33847232867929,3.00424961953288,2.76971411350027,2.8878372255374,2.61217126033133,2.72987028116467,2.38519132124236,2.21973512029937,2.56506943918514,2.84621427551307,2.66556188495436,2.71097840393385,2.93545947038755,2.80423211046009,-3.04778075083501,0.0197045848337787,-0.576744871720511,-0.455677874839469,-0.414836345488531,-0.472227199615708,-0.410525534514931,-0.363504634815882,-0.3691427928228,-0.379910908968808,-0.379196915226189,-0.366276314494132,-0.386853728351313,-0.275674080242604
50.5,0,0.0203928085815966,0.0748765747949828,-1.11016764419645,0.0396481516710818,0.0959280728102117,-0.363265158513332,0.806551383886605,0.662970796924607,0.624320276754662,-9.6061492575409,2.10951350571854,-0.0185998537427498,0.13374632388953,-0.333702905894916,-0.190291107266894,0.0647190535017348,-0.0705082830897004,-0.107702783984187,0.0872622997510432,0.114186207453609,0.158909401256143,-0.35472070814288,0.179331702854916,-0.22048372103825,0.11089249960534,-0.00149350192598636,-0.0228175149891108,0.300868411539084,-0.0988239910675222,0.0692377038220748,0.101962352584651,-0.166276697354657,-0.104917364490414,-0.0384973358397358,0,0,0,0,0.0285964565529476,0.0200624739653861,-0.0882014912938686,-0.253043534756971,-0.627328996318513,-1.32489868822833,-2.38950762802401,2.979625529683,2.74186667479846,2.86337829506023,2.61466641851129,2.74883696053989,2.37613767736772,2.23136609957891,2.56817208646657,2.8306794176214,2.63363844301749,2.69152040685423,2.89646011990454,2.71409988559066,-3.05957667667412,-0.0264969948051198,-0.598937275812263,-0.437909350372362,-0.412730704314356,-0.469921779639453,-0.414674319396018,-0.353371506364625,-0.358166835742865,-0.369410422115718,-0.377624099401348,-0.363351669386463,-0.385762290982749,-0.268095987539091
98.5,0,0.0117150176958108,0.0430142025417986,-0.637755880708598,0.0227765977684938,0.0973304014673851,-0.363453855966764,0.964539514137925,0.475665287644264,0.58153743518645,-9.22840605254622,2.37928304493424,-0.188130592987221,-0.0410838097279154,-0.499747319401394,-0.212257684911404,0.0650729782810083,-0.0629859163394907,-0.221849204291147,0.0809123669545264,0.122980577758216,0.178533075289035,-0.50356267658305,0.140611784411757,-0.260708916501665,0.0951360966786007,-0.0156050154233933,-0.083331468572523,0.339946314342907,-0.179542385947528,0.0126651395954985,0.0928916984051039,-0.051766514387651,-0.143830783861387,0.0730804343461205,0,0,0,0,0.0282499576244107,0.0195606685972006,-0.0939421194430142,-0.262151839618232,-0.627557225450219,-1.33599148486724,-2.44186706769655,2.95358031350919,2.71347026198494,2.8372482893027,2.61671477243424,2.7650760415863,2.35967340412679,2.23918857681595,2.57223951580903,2.81603599852646,2.60200603976402,2.66995075030174,2.84151821419925,2.63555769176712,-3.07750397702231,-0.0657459585376261,-0.618832522830241,-0.424749767361512,-0.417006317309043,-0.468493953083251,-0.41825753000263,-0.3480609755449,-0.349654351394267,-0.359359326651739,-0.376029962337843,-0.362166515058503,-0.382212914590805,-0.260038549857013
109.5,1,0.00303722681002502,0.0111518302886144,-0.165344117220747,0.00590504386590579,0.0987327301245585,-0.343458516917937,0.986290261862317,0.50694751823805,0.569398230886258,-9.16462918754389,2.57871737491955,-0.22987766562757,-0.168299236014191,-0.540634705249633,-0.225185289692819,0.0201161660387142,-0.0433899820643018,-0.264206514654249,0.0924189016131308,0.120545692828854,0.173809386493529,-0.522158141860262,0.0543817380013631,-0.249794590323469,0.0304951151548392,-0.0331226837038329,-0.0462970258987103,0.258350983811107,-0.146175921596085,-0.0433676127330768,0.0496121802062103,0.0374288947668523,-0.227413882164768,0.117653426937125,0,0,0,0,0.0272228478012286,0.0176303260145811,-0.10140334226199,-0.272465179737192,-0.625457044427031,-1.34427027689918,-2.49967023215649,2.92186424198083,2.68020959500844,2.80605546599952,2.61681837215682,2.77562537725253,2.33769619288036,2.24503942889157,2.57454526231564,2.79755159008552,2.57116491443809,2.64140302681024,2.76535549708362,2.56426920465887,-3.10621626140965,-0.112780981387938,-0.641975442243949,-0.413352825026911,-0.418897976047936,-0.461532599452645,-0.41278236767808,-0.344899484755596,-0.344239124281485,-0.354133154720639,-0.374688225063614,-0.360333432436407,-0.380163067586319,-0.248194042133318
73,1,0.0261172427583001,0.262953086419753,-0.761950189683567,0.194982922500164,0.0773886237276538,-0.32346317786911,0.887215781295862,0.742786886157234,0.611098032627187,-9.25985031090169,2.61406995226251,0.142367583094427,-0.216793462412288,-0.362483918138688,-0.0522365823127009,0.127024197937227,0.0996743561276738,-0.111733900620984,0.258647087652992,0.263393346442183,0.276370775958024,-0.378200999363668,0.00701731156785188,-0.299646147533424,0.140048704860442,0.00254871316066356,0.022973351943252,0.180522048233911,-0.178973489489057,-0.00943704849753411,-0.00264173363763542,0.0547908571831943,-0.101931547512349,0.131683588977306,0,0,0,0,0.0261965437859483,0.0161079826750619,-0.10726524764487,-0.280231555209398,-0.620340523188054,-1.34890373059482,-2.5650288702602,2.88515644311223,2.64102845634649,2.77114377692406,2.61628198000383,2.78100283357401,2.3124126295668,2.25026840301536,2.57678471213684,2.77505470996953,2.54235167823687,2.60980375875453,2.67568119881987,2.50198606319567,3.13878871829082,-0.165432306132568,-0.663111369960954,-0.40104708721437,-0.418297229704211,-0.454058533679986,-0.404853834931594,-0.348386020277173,-0.341268472728212,-0.350512388173429,-0.369843073984657,-0.359397895149596,-0.384388389040626,-0.234568778979757
74,1,0.0587824078389828,0.61150935134797,-1.44697998423615,0.386112729708055,0.0537076930561637,-0.329263124184695,0.856643431701031,0.75322470098661,0.606009898092408,-8.63463208918688,2.72929731389741,-0.274775202834588,-0.117136150800426,-0.490155021399967,-0.114002990486383,0.130252484228016,0.146055187871519,-0.137388324263171,0.0988994307310364,0.106742010128907,0.280401915934392,-0.515261190541614,0.13843041009362,-0.221869687916607,-0.060583349631268,0.0875218604993589,0.020673834930147,0.112141242364706,-0.0796757347704219,-0.0758135963926329,-0.0419132091011018,0.209223144833912,-0.252933362681556,0.142171091126121,0,0,0,0,0.0251710467901247,0.0152818326041139,-0.110091199789636,-0.282620466224844,-0.607330363219897,-1.33863863611871,-2.63144208690661,2.84749459376597,2.59764081287471,2.73722470566732,2.61821601782851,2.78265412210666,2.28690477920038,2.25245217318133,2.58257377655496,2.75167199204075,2.51710110840792,2.58027464504391,2.58797556595158,2.44364340203269,3.10119907579577,-0.201984280654073,-0.672298899724239,-0.392178736912251,-0.424979669153083,-0.455596147639484,-0.408641301494704,-0.360343878741043,-0.34320728679928,-0.350594285362173,-0.361487583498293,-0.359463209512257,-0.390751643122847,-0.222709443900763
76,1,0.0681311571343152,0.786362530667278,-0.620436618624988,0.239547298824452,0.0587606875030407,-0.338710917978727,0.759189083597041,0.725592375445099,0.613452586643237,-8.32982800201999,2.65449001522395,-0.208041720662039,-0.124142815785157,-0.530404633548213,-0.182325784589026,0.18357560834367,0.0611998808187475,-0.0214492772165896,0.0196448693608293,0.0808782977968336,0.372826912340911,-0.666848942796426,0.283930918297093,-0.313196771088269,-0.0910801945838893,0.142113085466125,0.0558042732698535,0.0857257650251487,-0.0770801678588057,8.30711207164894e-05,-0.120272292830272,0.274183589153521,-0.222948664839835,0.0535547213801969,0,0,0,0,0.0241463580166189,0.0149877178686307,-0.110187670507331,-0.28000123547141,-0.586210339002704,-1.30873398471622,-2.70205783033709,2.80399855544446,2.54724568349608,2.70375739030971,2.62476151008644,2.78160811951371,2.26279606964883,2.25204966440157,2.58916879987694,2.72466125255965,2.4920504151219,2.55365841117251,2.51457147442179,2.38071764448356,3.06633248609073,-0.218450392073819,-0.674142252912308,-0.390094095741898,-0.437633689159107,-0.465385678275678,-0.420439077070963,-0.380676862514768,-0.354497415034579,-0.354790157804197,-0.351871445976036,-0.360212090777681,-0.395876658200945,-0.214312498725113
78,1,0.0802075182026002,0.59545074807252,-0.249359220106698,0.223944953926305,0.0698991465418136,-0.355304163685537,0.703026669814496,0.710959380208266,0.61735322411531,-8.31746775102937,2.66826250512396,-0.157951475713699,-0.142313965433368,-0.518064669175296,-0.20431120728268,0.247237931887758,0.0551079892542439,-0.027260072164251,0.0422801203522691,0.0927935417989792,0.392387460053824,-0.634559437132066,0.215343894438537,-0.203304380451403,-0.131844073364915,0.109121073791077,0.111351479981983,0.0910214959863116,-0.0383006290012302,-0.0109223321639504,-0.141681288590591,0.228213934975077,-0.185334533532655,0.00912792003805273,0,0,0,0,0.0231224786596076,0.0149460059516187,-0.108240778438813,-0.273533440482551,-0.558486571341089,-1.25733482048805,-2.77617382497254,2.75132483231955,2.48712228760898,2.66853833152812,2.63455269345437,2.78277440984753,2.23280237988822,2.24641641814207,2.59274504495564,2.69666230027401,2.46481136954975,2.52323767349305,2.45587101444822,2.29893872834489,3.02835487302099,-0.219661470498721,-0.677363258579624,-0.403919026901487,-0.453282762199195,-0.481850804442959,-0.438943833239684,-0.406088429647713,-0.37113480461133,-0.356477196665388,-0.346225462357169,-0.36362066199286,-0.399783919464095,-0.20797955629839
80.5,1,0.0984275687284222,0.595349631828162,0.129566109063655,0.199375134230071,0.0800680743864814,-0.374997255155799,0.92998429286548,0.684985790564151,0.574536622477723,-8.39781937033103,2.9006404026922,-0.187535689796443,-0.180614351668843,-0.456229544264141,-0.252086691905324,0.329111353551336,0.0664304733680696,-0.0455272788821065,0.0785876218694477,-0.00447896314321087,0.421329779608922,-0.626749827208496,0.0941619544170202,-0.00706493899119394,-0.210882385007319,0.0907620276209851,0.131750371931817,0.0869972581155684,-0.104907126345691,-0.0202077991437067,-0.177239215129982,0.219526758320436,-0.0730193340909731,-0.0478361991107188,0,0,0,0,0.0220994099045935,0.0149162696173008,-0.10472321368808,-0.264319188327343,-0.526708910744935,-1.18564724376624,-2.84866114179996,2.69228119061087,2.4152607690935,2.63002437958981,2.64779851022546,2.79054637776665,2.19642881459461,2.23543008718783,2.59706115942626,2.67421983491185,2.43972148243459,2.48960787608432,2.40325607948725,2.21021608776984,2.97833541379378,-0.210504263260951,-0.679855207857214,-0.427895689423131,-0.469422187596583,-0.495943780273765,-0.458907427599553,-0.431580049407034,-0.389518795314943,-0.35574940366768,-0.348032778558649,-0.371041282151671,-0.398167159549747,-0.205631176850712
83.5,1,0.131819171648819,0.687420457615902,0.50828729330475,0.167979894668549,0.0880246860400913,-0.381140672041647,1.38358748282661,0.683623776545087,0.530649598650135,-8.52270955269471,3.08357577296819,-0.0969837487546085,-0.250424188671288,-0.417240222274371,-0.110263876819409,0.205707675798853,0.121889077485022,0.0315443210341639,-0.00462654629905967,-0.0547445373966957,0.489976054169958,-0.711488677882032,0.152280508469977,0.0232172945962502,-0.310820505496027,0.129814586357304,0.144872608646186,0.106650660970913,-0.219211465500281,0.105281622382987,-0.255685100781432,0.196907299248141,0.025974782283256,-0.139986202135818,0,0,0,0,0.0210771529284157,0.0148927451493157,-0.0999183604669023,-0.25260617992937,-0.490873766148417,-1.0859428266591,-2.92036431446367,2.62550769552135,2.32882278088974,2.58721408741407,2.67425199920522,2.80577354627085,2.15366314178572,2.22110352101872,2.60517810293934,2.65580969077078,2.42184190946303,2.45422530464081,2.35308993371671,2.13142169115525,2.92643383153578,-0.18900826109378,-0.674130215510592,-0.4615945246613,-0.493862444407789,-0.509420760874349,-0.47878161040513,-0.461619902231093,-0.414379595594707,-0.363604992407066,-0.354114478219826,-0.382332412510913,-0.391763178303299,-0.208213101001177
85.5,1,0.176258224815185,0.614181783952986,0.636386573812703,0.1644647117023,0.0953577000874651,-0.380536395685598,1.46584365327173,0.678819130682592,0.43882437398939,-8.59482590847725,3.19560801367619,0.0480075649077033,-0.253187241526464,-0.534758980965227,0.05041993586613,0.198416224176578,0.0595507042523331,-0.00462229309461535,0.057388656814436,-0.0565424426393953,0.506484338504251,-0.665681290333705,0.216853289286742,-0.0820669347027946,-0.382637522004415,0.0824606372854019,0.160219607662972,0.101272118261388,-0.150365650370006,0.0922311239481764,-0.204901493236098,0.142009040527218,-0.00822409340902003,-0.131468815604444,0,0,0,0,0.0200557088992595,0.0148693794712774,-0.0941771862780952,-0.238477797311107,-0.450492037468418,-0.947055593985741,-2.98176754508214,2.55205142994445,2.22624473009525,2.53954468174836,2.71887602107944,2.82529056193114,2.0998238647523,2.20252083678043,2.61685208930974,2.64193015576727,2.41874907068388,2.41992176322832,2.30879905231257,2.05935590060319,2.88427533590516,-0.171718024208226,-0.695316767648592,-0.535121579580558,-0.553451156193181,-0.557106201770724,-0.532183110957357,-0.520289985744908,-0.467976957389023,-0.405760323313979,-0.383655790993148,-0.407328286176012,-0.393759346807738,-0.218214015826762
87,1,0.178447635832131,0.414022943818928,0,0.187994261580351,0.107191039530026,-0.392570166237736,1.90442809868224,0.637237663128443,0.375105268727643,-8.72958213355678,3.09055005588966,0.301930891822941,-0.122593197920955,-0.663811945305175,0.127652453272184,0.167675509166883,0.160085609687503,0.00279131592293509,-0.0299069565785453,0.0273801482753364,0.492981546420838,-0.57565583191821,0.182113968374134,-0.192523293119317,-0.319290789113175,-0.0223726494714745,0.206070001235805,0.173996882542889,-0.144063354603519,-0.017633960645812,-0.119579704320157,0.152490970088957,-0.0744322081446091,-0.043533666157018,0,0,0,0,0.01919535005091,0.015424736951227,-0.0868671941098581,-0.221446545688881,-0.405642186834455,-0.768920606185705,-3.02452760453688,2.48050427750455,2.112403940712,2.49166990910409,2.78488069761784,2.84993586043786,2.03758869754022,2.18092301634075,2.64143198788535,2.63636438633877,2.43727045032063,2.39443921994551,2.2663699694088,1.98872256092145,2.83911901242964,-0.150800390912735,-0.715063001130533,-0.599182983274563,-0.602210349311383,-0.603417565518613,-0.585483331504624,-0.574437871064797,-0.516861572790066,-0.447321297076595,-0.411893385134115,-0.426462906356875,-0.394074603648803,-0.228903860087126
132.5,0,0.174520315098549,0.404911022084261,0,0.1838568362911,0.107390332970876,-0.381650329967185,1.80812060407126,0.621490157550135,0.384548740718348,-8.97410245860655,2.78793337342338,0.4254774431475,0.0296506968316425,-0.622652308200107,0.0950786986058217,0.222445495908109,0.282809598223831,-0.0168004029058597,-0.113675477955546,0.000564612360614078,0.396782751989784,-0.354090329698193,0.0603994997270553,-0.313840200658828,-0.254733042471132,-0.0698527380505104,0.160462220034288,0.161037042632509,-0.0992974800727614,-0.0677180830488818,-0.0127445702841248,0.178726309222399,-0.121442903792728,0.0665587584000801,0,0,0,0,0.0184999881966295,0.0165701071760497,-0.0787313100260258,-0.203818017064727,-0.361375339022302,-0.579469320750895,-3.05644321185906,2.38936513750171,1.98620360733264,2.44500467593477,2.88551411769917,2.88193619533941,1.97514758568309,2.15019768335992,2.67472880248121,2.63796569915903,2.46634378775328,2.36731608262901,2.218417249555,1.91305155095231,2.78756176461892,-0.112718178467056,-0.705244518602458,-0.629891209216577,-0.620839689233487,-0.625344688602796,-0.615088078588799,-0.599750581244496,-0.529968636086388,-0.458946392924856,-0.412766784654638,-0.424883271097554,-0.382745585751292,-0.235584151760557
179.5,0,0.170592994364967,0.395799100349594,0,0.179719411001849,0.107589626411726,-0.319593164378921,1.8135426910197,0.601535343935145,0.310861789714818,-9.10053106451152,2.11880954724279,0.234183292072788,0.166359491427981,-0.286281251037424,0.129380452095401,0.189768349880083,0.179710923514964,-0.00633554765343133,0.162104096736269,0.0252923471211479,-0.0321405245996454,-0.333260290826015,-0.191832542037182,-0.232751773890289,-0.172863856089827,-0.0962253609939545,0.123655008199577,0.213634717547229,-0.0737958445353759,-0.189423487137611,0.0142951114940846,0.177375091140235,0.0221052294098936,0.0508346576613734,0,0,0,0,0.0178051448417666,0.0177088620124988,-0.0709962605174794,-0.187675877924291,-0.321899646559683,-0.421529810474881,2.92906940593175,2.2610494584277,1.83089895976554,2.38145800741223,3.00898947642781,2.91212282020042,1.91851358982447,2.10825592218535,2.71397216744085,2.62969940428515,2.4937957992964,2.34933796705239,2.17587611849614,1.83758218577767,2.73195072010272,-0.0778420940271723,-0.708563546595393,-0.668432143013348,-0.648461805599989,-0.655253173492194,-0.64900545615538,-0.621735705894412,-0.536434603969192,-0.467926069262667,-0.41615507860259,-0.422006672734426,-0.368184506392722,-0.243923749331068
147.5,0,0.166665673631385,0.386687178614927,0,0.175581985712598,0.107788919852577,-0.232732583693306,1.62896346288407,0.485707939659867,0.153685786365529,-8.55151293334904,1.49409641430441,-0.0509050681119297,0.119297281911984,-0.17032668767346,0.104345389582273,0.0293822624618775,0.152849659337608,0.267440789480464,0.283416193339947,0.147715177811436,-0.0241934651781095,-0.18039073491526,-0.123523948721987,-0.125037556933261,0.00948422247216654,-0.0610947546245275,0.0711176076026638,0.0865563683533127,-0.0522266349388577,-0.0495431106358779,-0.0661086579982807,0.16145028075671,-0.0633490697630735,0.080724659224104,0,0,0,0,0.0171108200768063,0.0190106690537101,-0.0628188981265544,-0.171365601573255,-0.285233093430242,-0.304374031341155,2.23482832673394,2.08039988303342,1.64381812566283,2.29239345306784,-3.13795002667776,2.93607840194684,1.86980037103208,2.06506957276589,2.78958306561991,2.60282787107818,2.51649699694826,2.34657638428888,2.14685978405391,1.77717388708854,2.67512233372377,-0.0603677276645233,-0.736308978297394,-0.717899561022432,-0.68627502095185,-0.695233973622814,-0.68756359427089,-0.646452292120142,-0.550782582147729,-0.481597044716588,-0.431835931529399,-0.425869632896212,-0.354134337468029,-0.252018977283167
93,0,0.162738352897803,0.37757525688026,0,0.171444560423346,0.107988213293427,-0.175088367839993,1.10649020933463,0.393312069512065,0.0895172144076284,-8.46464748484397,1.10436724073683,0.0523895913644719,0.0608145657127338,-0.170322451882326,0.242194826313615,-0.0301445298713014,0.156530386073319,0.353061279205143,0.298726136741825,0.0642366424416438,-0.078382078534248,-0.257012743322481,0.112193200511606,-0.095495895532002,-0.0329781403942681,-0.0228322191438133,0.00665468033834739,0.0709691623932232,0.0108818614128267,-0.0332624149269325,-0.000325650439948855,0.0461849347281817,-0.120014018553464,0.100112744840326,0,0,0,0,0.0164170139900982,0.0203661642234574,-0.054729686958192,-0.155904041217831,-0.253600643073643,-0.221404746320179,1.26775014715576,1.84064265141636,1.45088991243725,2.20062076894063,-2.98069767740037,2.9528635201577,1.82811521284832,2.02791012967487,2.91860783589091,2.55420639940986,2.53611519929325,2.36532408023165,2.11443303711576,1.73991256962329,2.61352981766269,-0.0495499499946229,-0.762553635281327,-0.757287143248559,-0.719263095868075,-0.725551302543304,-0.717811990222064,-0.662972050922223,-0.560283907120333,-0.490138402467095,-0.444811301093477,-0.427635337424993,-0.339602588263728,-0.2580582894689
71.5,0,0.158811032164221,0.368463335145593,0,0.167307135134095,0.108187506734277,-0.136663031981697,1.97281006509588,0.351999726488938,0.101486913372149,-8.6213262456712,0.679941066853341,-0.226620966301817,0.101633832915371,-0.259292973298709,0.0791456208931295,-0.0564248249790945,0.0635922395315253,0.231805411590532,0.247944944102981,0.0616833948279925,-0.0371237426987793,-0.134935975005299,0.0229571554226725,-0.156399617660866,0.0120571580144024,-0.0911027066989888,0.0888293140135367,0.13742339124345,0.0352976580266506,-0.0472037200879357,0.0251832144973281,-0.00690677267325209,-0.0707241044183091,-0.0114089687580179,0,0,0,0,0.0157237266678627,0.0215923146542178,-0.0473545950805089,-0.142286244143986,-0.227516479589624,-0.168383896500987,0.53348153942147,1.56551036258475,1.26704912196503,2.08637897165034,-2.81242835718881,2.96669200208842,1.79364914001716,1.99668943897031,3.07545888110946,2.43940771543765,2.55949078316561,2.42637593439108,2.07293610049949,1.72174124785267,2.55015608433091,-0.0354577150580248,-0.773795438285324,-0.773950271683198,-0.738053320607267,-0.731823837673267,-0.725856898608481,-0.664809337918625,-0.559616300797975,-0.492560336654283,-0.443433766813036,-0.420538570800164,-0.322244832880701,-0.261650738576963
117,0,0.154883711430639,0.359351413410926,0,0.163169709844844,0.108386800175127,-0.108124890056676,1.58996395749781,0.387398673086079,0.0878098230646056,-8.74904122148041,0.432567129647404,-0.249089911149986,0.0524240719653904,-0.335998161866857,-0.06931693502354,-0.0869113111107327,-0.00763607816932288,0.110904214782264,0.219552196328178,0.0291002953512144,0.164104078579055,-0.038206190212532,0.0852905554347107,-0.0597287355098051,0.0222886407688099,-0.136878853189277,0.108207207395205,0.164809285635567,0.0888007223994121,0.00899346563870702,0.048004665014893,0.0843176022170889,-0.0240359640822709,0.0208286380014957,0,0,0,0,0.0150309581941971,0.0228026611674209,-0.0401340997956612,-0.12937039178148,-0.203387672367958,-0.127658193663635,0.319856364121173,1.28549649092657,1.09706078569091,1.94354826401887,-2.63575876353877,2.99532411284791,1.76374037143198,1.95672869115545,-3.0352584276159,2.1702703375268,2.57889632696236,2.50394330257863,2.03243566872407,1.7062409057322,2.49299311623941,-0.0279168510938181,-0.792445776926339,-0.785993825496928,-0.756359517557409,-0.736901142898437,-0.728240327009777,-0.667503730116305,-0.561716446424229,-0.500674412380346,-0.437122222907167,-0.411086270416744,-0.309429058639096,-0.265032648657455
149.5,0,0.150956390697057,0.35023949167626,0,0.159032284555593,0.108586093615977,-0.104622879464784,0.726849219012819,0.446259607764678,0.0703646266275113,-8.80234176584556,0.362075823539386,-0.207125140246098,0.0874086497675185,-0.256399830583391,-0.154858229172078,-0.1295513321371,-0.0531833487220686,0.187807121216382,0.297688780614952,-0.0939626374427598,0.0902566613585587,-0.0898361553832793,0.12546773488942,0.0770073905355189,0.0223146498935708,-0.189035844839833,0.0670567633626925,0.211587908873058,0.146325230244139,0.0431848136448671,-0.0110283821978298,0.0802868389857589,-0.078511368140774,0.0281673456819695,0,0,0,0,0.0141587113918166,0.0233260421805559,-0.0338142842685938,-0.117041651297256,-0.180147156876782,-0.0892899121171479,0.259451024785931,1.02068633645707,0.937630023675133,1.79679235553286,-2.46310157192457,3.03053893546145,1.72858842777023,1.90799290857255,-2.86625856367792,1.69122482605245,2.59135118642808,2.58018541248005,2.01781471159905,1.68986255404877,2.44602456692344,-0.0278395809200774,-0.819659025733333,-0.796939078782604,-0.772040403795346,-0.743061243529434,-0.72944711767442,-0.666494825349792,-0.562377295285743,-0.508300957215126,-0.431865634186727,-0.402766221534009,-0.302202782840427,-0.266700636278236
136,0,0.147029069963475,0.341127569941593,0,0.154894859266342,0.108785387056828,-0.0930944582293064,1.18366555442371,0.408066331724375,0.065865441805343,-8.51993105138754,0.143955527729197,-0.328724340487036,0.132189766672561,-0.162676608541932,-0.0720321724612213,-0.0716700874788124,-0.118159086070113,0.21437918092371,0.324279781184061,-0.0360108007935066,0.0396134780234711,-0.165757303367507,0.112326999614579,0.14857569534769,0.0361641691686456,-0.193891943082613,0.04708234687109,0.0820316706693897,0.00291358716991079,0.0513097842281001,-0.0257579376326026,0.0805365444361299,-0.128115302408778,-0.000615042857330512,0,0,0,0,0.0129479791191526,0.0225408505869673,-0.0292502102110227,-0.106164349389325,-0.159197962272148,-0.055878043950987,0.229489864630196,0.781447778058219,0.788532625886759,1.62615629072716,-2.31850958173592,3.0568922315686,1.68062703767203,1.86055200053702,-2.71201521924008,1.14120364053089,2.5994472811448,2.66362203354628,1.99661343076144,1.67993447299383,2.4008851777639,-0.0373465911024208,-0.861399935416459,-0.818219282824679,-0.789220608714986,-0.752077335888111,-0.73003162426122,-0.659664991343965,-0.556030780499202,-0.506959645920531,-0.424778855897489,-0.398898993303813,-0.300338480078474,-0.266889241187927
160,0,0.143101749229893,0.332015648206926,0,0.15075743397709,0.108984680497678,-0.0774861410155904,2.04799798071451,0.480253101137957,0.0721984648291574,-8.30637887382878,0.118796079662406,-0.357478805782156,0.313433829184218,0.129032522541988,0.232110001061205,-0.0477621708748805,-0.106466804404783,0.190514014650028,0.224696776435859,0.0199011205667595,0.0744107571540018,-0.132726667291401,0.00440140937058402,0.0873178030759919,0.0550879972561324,-0.209547846734634,0.0798302338166225,0.186156042585778,-0.0398372631840515,-0.0792871706881691,-0.0441668403251209,0.0657082162658649,-0.0851029428732103,0.0255123049393765,0,0,0,0,0.0115795477079515,0.0211314851238554,-0.0256219587720998,-0.0964354209141736,-0.140521060306076,-0.0278163316893985,0.202858719381929,0.586445940065341,0.667899301667031,1.40253691193213,-2.18573309793269,3.04798159521156,1.61924932078683,1.80242569018473,-2.56210513234023,0.813882839862678,2.59233686818291,2.75832785025249,1.92313497609153,1.67085623329127,2.35284182274913,-0.0636639111133899,-0.933044517684896,-0.862101553972526,-0.826246158297665,-0.780808985674402,-0.742710517598368,-0.661784134637353,-0.5539765491119,-0.503824417914855,-0.41897226391852,-0.394965692101139,-0.293641860428176,-0.257222769751105
183.5,0,0.139174428496311,0.322903726472259,0,0.146620008687839,0.109183973938528,-0.10643415722145,2.12160002620763,0.497483617946333,0.0830187177602657,-9.03616546992353,0.0129489598414836,-0.209452074985017,0.471008835800666,0.166944850809084,0.220281379677225,-0.0230118355349068,0.0588412484940724,0.275339260528951,0.268173952922333,0.130413445728163,-0.000486726139300907,-0.138699055476785,-0.0223763468961875,0.0654674506513689,0.0592501128470125,-0.208601085167939,0.0132552643276275,0.155429274796814,0.0277368384458659,-0.0875026473436224,0.0255872234447697,0.058104862308034,-0.0942133606229524,-0.0180476990385588,0,0,0,0,0.0102119256722174,0.0197259694090635,-0.0220218660222306,-0.0868079180010345,-0.122478746372774,-0.00396623247641482,0.181048502709948,0.441365785630028,0.571716305584207,1.0416590980125,-2.03361826634371,2.99388057112824,1.55018762168132,1.73260863314636,-2.43144518804056,0.688400379628499,2.57676186062335,2.83119676858113,1.83731535051546,1.6643489322054,2.31248528593852,-0.0938357727924815,-1.00447595541166,-0.904194275740305,-0.863708446230214,-0.811451804114965,-0.756681293641751,-0.670647396846563,-0.560979006251681,-0.504837257045172,-0.425642412160478,-0.395211157428806,-0.283418427384099,-0.243641034879825
149.5,0,0.135247107762729,0.313791804737592,0,0.142482583398588,0.109383267379378,-0.146120204038764,2.12044137887074,0.490292539264342,0.0899393340399195,-9.63273821454607,0.648091457317698,-0.020105281490603,0.407376907518512,0.110937446949885,0.11072181830536,-0.0300426018650506,0.0428761245343276,0.103454654077388,0.283090319895752,0.172538294548972,0.0726272850029411,-0.102532139866709,-0.040424180420186,0.00199529136624299,-0.102789222395071,-0.0413087700805216,-0.01389028165239,0.142708634655951,0.0522622511528144,-0.150605550747874,0.0421393944595278,0.0567327323483911,-0.0750169561811082,0.0275802228263991,0,0,0,0,0.00884511740550319,0.0183242932209008,-0.0184496976655688,-0.0773057257963093,-0.105152322508891,0.0170461531206628,0.168434053647003,0.340764990364732,0.493637501133595,0.53114858517574,-1.86423229153461,2.90607272004136,1.48388016945917,1.66045550039005,-2.32624671282473,0.600097003080205,2.58560895399589,2.86047399370147,1.77823083669366,1.66238427237141,2.26700838157582,-0.114579054910466,-1.04546306516612,-0.925580424491722,-0.881290140851503,-0.825049436612078,-0.759650972346864,-0.681770010281333,-0.571658579418984,-0.507268745837926,-0.434659971584234,-0.403291707626189,-0.281231619384892,-0.234549220806734
116,0,0.131319787029147,0.304679883002925,0,0.138345158109337,0.109582560820228,-0.155159299306612,2.49534235911422,0.512757446093423,0.0963483538059799,-10.0676706180474,0.758618608000918,0.179427195509742,0.376263967284629,0.0190501518686692,0.0697228282706676,0.0856877980567105,0.128222672448046,0.19660761524369,0.174219276844684,0.1035617984881,0.102641179995552,-0.0965859212577028,-0.105792158324042,0.0221073913733904,-0.0225194989225499,-0.100947760958358,-0.00268709720738971,0.16966545868017,0.0661012647378715,-0.154898647358581,-0.0478875540892902,0.0611842580060516,0.0284603684440524,-0.0257502233131177,0,0,0,0,0.00747912728397286,0.0169264463330975,-0.0149052201759044,-0.068001927179608,-0.0890740807476516,0.0343855045981819,0.155027787653177,0.254507187157575,0.423944990487545,0.162633682288123,-1.71648523661535,2.58287398370722,1.4285010872356,1.5982985826944,-2.24072377209087,0.520013293745921,2.61076101691996,2.85334367768107,1.72391722269465,1.65874516116931,2.20940407270311,-0.120314236142385,-1.05376158607775,-0.928501729135765,-0.883384991964104,-0.820793752809644,-0.751985937609025,-0.691129776553431,-0.58289154173761,-0.513108673290746,-0.436732987896256,-0.416368639099559,-0.292406684185299,-0.234065530810274
116,0,0.127392466295565,0.295567961268258,0,0.134207732820086,0.109781854261079,-0.141027181784906,1.61501873905325,0.374903143886047,0.097049409126705,-10.4712668479941,0.866660301985037,0.145862143682505,0.352677407367834,0.0557470377421396,0.167740349842203,0.0871027389812288,0.264595500400436,0.310957890806292,0.0816478337485125,0.0339957744603333,0.093259508339289,-0.124151368593552,-0.0576477381935753,0.0693943972880039,0.0464914335174862,-0.114002993683882,0.0663677600679663,0.206101542425211,0.0459101707902997,-0.0825405350905685,-0.0272113112309818,-0.0498675119050803,-0.0457168864709364,-0.0193373539447384,0,0,0,0,0.00647059395698207,0.0162710597872209,-0.0106091723440985,-0.0582689779551561,-0.0738764154965106,0.0470408557341553,0.132625544711382,0.157710565216909,0.35035186930158,0.047379970450157,-1.60471785112813,2.14279747992719,1.38045901351468,1.5387173768571,-2.16209202005902,0.417130912048913,2.63471434327969,2.82782239920213,1.65007271693831,1.64059078976108,2.15251417412538,-0.114214919438919,-1.03632137635353,-0.914532449591174,-0.868459198317712,-0.802226149315573,-0.731145080026855,-0.689261573201568,-0.58862762934065,-0.520543074490269,-0.441856038074717,-0.433561088039213,-0.31403029979481,-0.244641804117738
114,0,0.123465145561983,0.286456039533591,0,0.130070307530834,0.109981147701929,-0.147315932463468,0.907652429792905,0.338636613846168,0.112142663885822,-9.83648511828254,1.27394828178162,-0.533397111256932,0.239829520720619,0.227862781525004,0.0237556516645647,-0.0984974339343634,0.140794938062369,0.225640430091757,0.0135076151648101,-0.0557760207558509,0.171459926083088,-0.0375094970432755,0.0415755851830725,0.0771511864146609,0.091139062490135,-0.118045122091149,0.00907907905252475,0.10992451548662,-0.0345754410261274,-0.084811220152683,-0.0284434827690597,-0.0254801326899562,-0.0138540300183339,-0.0076725471295375,0,0,0,0,0.00582822717523724,0.0163749022287158,-0.00556361063654032,-0.0481144846390864,-0.0592232807674701,0.0564895390067471,0.106083048875963,0.0617414349129446,0.280461884860731,0.00263030358898497,-1.50936844156403,1.76491061581873,1.33630464304239,1.44819446320559,-2.0865922996551,0.309101297191973,2.73670543771912,2.79355343805657,1.53751461397138,1.59093663414647,2.10400290251664,-0.104047447528991,-1.00592152503506,-0.88775827273448,-0.840188430488712,-0.781470424812217,-0.701525049709322,-0.678104000213,-0.584154646622946,-0.519562011487485,-0.446140685021503,-0.446993244101282,-0.332127406039232,-0.251241914985594
123,0,0.119537824828401,0.277344117798924,0,0.125932882241583,0.110180441142779,-0.211645955435968,0.934430002942884,0.264252861737328,0.195970468146292,-8.71888716096406,0.960974722521545,-0.72320911193877,0.228109593756962,0.0613528151651601,-0.236544953982315,-0.256747796617872,0.00646199608417589,0.111083686802779,-0.073880418991652,-0.0705243039194031,0.164387759713976,0.0418773314613666,0.0652658673884605,0.104593924235444,0.0574045691874758,-0.110060456360382,0.0207939920030373,0.0784541549085203,0.0104413559423578,-0.169270915143775,-0.0388105260338818,0.0569310338985387,-0.0422707120320429,0.0261931419789997,0,0,0,0,0.00533455306186094,0.0168232081812495,-3.26869592287506e-05,-0.0377435272216785,-0.0463638835796914,0.0618894807398267,0.0757465246662088,-0.0244928462281657,0.221788991618766,-0.034733910266679,-1.43068455182644,1.33214399895558,1.29429800028921,1.33554151574935,-2.02125286715725,0.207869379188559,2.82184271922163,2.76338546523402,1.23537123796411,1.51721483854936,2.05527006754384,-0.0944997759663488,-0.975216097886745,-0.865592985074683,-0.814041414196886,-0.768528044073901,-0.679134534893127,-0.670045326515426,-0.575754041941442,-0.514896723959169,-0.449313071096002,-0.457293912579678,-0.347167808226728,-0.250397190851857
134,0,0.11561050409482,0.268232196064257,0,0.121795456952332,0.110379734583629,-0.295943520026077,1.60077184494097,0.263442258684458,0.34731487863399,-8.26271809076364,0.448814276028602,-0.348579747851951,0.589197678579983,-0.0323014110233161,-0.344929972344639,-0.174971096677919,0.0662148943286163,0.0595212857245477,0.00820921110613203,-0.0221726852431814,0.181623170065113,0.0140838236339942,0.189729127444899,0.0899926560981733,-0.0101656568743731,-0.0860129074522539,0.048560869125361,0.051266954536367,-0.0173188229160339,-0.104221517608273,0.0473053539228042,0.0817038611810177,-0.115458791760269,-0.030014427174931,0,0,0,0,0.00532114084999629,0.0182838602380847,0.00684970171556698,-0.0264063979567808,-0.0355695125419596,0.0636835652161015,0.0453516655651009,-0.0970062967448519,0.175901906136076,-0.0601673219193311,-1.38280152673012,1.05884492169254,1.25563671013476,1.23631690154283,-1.96143759145514,0.138389482257174,2.86934801624878,2.74728520773979,0.734901547789356,1.41967148005307,2.00748742341925,-0.0381485997359354,-0.851737948037422,-0.760236858056352,-0.709650593100552,-0.681755912046533,-0.594600922753116,-0.604912839231368,-0.512572616827574,-0.465621676895163,-0.422029394560926,-0.44518019329696,-0.351417237901175,-0.250748512786006
129.5,0,0.111683183361238,0.25912027432959,0,0.117658031663081,0.110579028024479,-0.366580531325266,2.45547653918885,0.40205053700895,0.452659976758884,-8.11834183889747,0.425554291733714,-0.0763618354443349,0.554870593260706,-0.222813149748094,-0.420846333034952,-0.196898416457871,0.0832722821001749,0.00942231672602974,0.0816009892498053,-0.0502037023549483,0.0960012116815515,-0.00461744438726371,0.172942842072264,0.00395172863274219,-0.0254249080495361,-0.110634776379287,0.0372332598161188,0.0648912434650194,-0.0379711232265616,-0.0882250464379448,0.0716117093602077,0.13999454860243,-0.115583398732768,-0.107301698450152,0,0,0,0,0.00564393499450673,0.0204211394301664,0.0145698742959855,-0.0144607796988256,-0.0253580322031131,0.0656528463562092,0.0220731284994962,-0.157210283485019,0.132337620962922,-0.0959502084388513,-1.36532415196066,0.966570957376507,1.21453036563652,1.1297959998785,-1.90686983122034,0.0603279284118772,2.97418086181729,2.69427349117586,0.251759739559063,1.27603121545727,1.95721696410614,0.0265975968441237,-0.710462127597481,-0.637820799703385,-0.594969611869255,-0.58187805413703,-0.503552797448249,-0.537037449373074,-0.44760666636525,-0.414577456971094,-0.391588346958921,-0.431817506033635,-0.3507278407154,-0.251583644411539
129,0,0.107755862627656,0.250008352594923,0,0.11352060637383,0.110778321465329,-0.422837835242936,2.02019974462937,0.420939858967211,0.472908875246342,-8.48464566944532,0.686199158768994,0.129824240189118,0.741514396616153,-0.15400038221395,-0.286250574913788,-0.110326738049276,0.103142864471277,0.162788922971041,0.195242237855155,-0.0841160577711632,-0.0299889044559555,0.00705329918658073,0.159365610606142,-0.0396815010125941,-0.0981950842537146,-0.204961082601259,-0.0357767427559716,0.0846245861158324,-0.0110550150444984,-0.016134819919097,0.0729406942811823,0.0549708490373092,-0.0342066731263762,-5.99316990257601e-05,0,0,0,0,0.00557657906663426,0.0216050267338178,0.0210586491641094,-0.00371572132450327,-0.0164408360146857,0.0681304736906727,0.00267969319052232,-0.207605252224315,0.0892309946764875,-0.145152410537144,-1.36730595260701,0.909259014206452,1.16959908273495,1.00587907206746,-1.86883059918796,-0.0307515129145388,3.07633215332032,2.64667856077204,-0.0905021796152887,1.10323023340238,1.89938072394693,0.0430701376995614,-0.666182485157206,-0.61190612436736,-0.571686006543907,-0.565122009033412,-0.493561042200631,-0.538075276988607,-0.445799702203866,-0.414264895883134,-0.392667217182986,-0.440455852249274,-0.356686303220298,-0.249729410763882
133,0,0.103828541894074,0.240896430860257,0,0.109383181084578,0.11097761490618,-0.465226549363102,1.6859640210925,0.418818217522593,0.451537671858734,-8.738220637225,1.61543646902222,0.386108730032683,0.930042590375197,0.0186384029803292,-0.201266411066528,-0.130876412202765,0.0379835956554314,0.103834346901194,0.147239779321227,-0.173708577152387,-0.0461778251490241,0.0513615980682521,0.103223219805989,-0.0152337428545127,-0.0534878639725081,-0.219388103361541,-0.000949806559032776,0.17749424319169,-0.0407600414338038,-0.0137184075992325,0.0494305908443548,-0.0508992154254531,-0.0388331171879361,0.126020163823451,0,0,0,0,0.00510907248867719,0.0216764741908825,0.0257103765088155,0.00494914880712329,-0.00961520962925327,0.0705716357483181,-0.0147697113730485,-0.247816902678887,0.0567673641566877,-0.175233322144744,-1.3675247150608,0.878253974130136,1.10407717609518,0.890216235159526,-1.83943661145693,-0.107926490218838,-3.09700746534816,2.64070756243705,-0.309313434797048,0.95576981332241,1.84838026900211,0.0596316935079394,-0.630934240538509,-0.596770353161887,-0.552095863320975,-0.553556517024733,-0.490340716112653,-0.53909362756041,-0.450874916082463,-0.417557326104997,-0.385033194396269,-0.44688777111871,-0.363134662537853,-0.249086660654596
116.5,0,0.0999012211604916,0.23178450912559,0,0.105245755795327,0.11117690834703,-0.474450624094172,1.43370783104098,0.45256337036058,0.422108381354281,-8.85182965257161,2.28394731896661,0.478780951759471,0.929922791866161,0.0117919912715168,-0.50582357407469,-0.317333190552585,-0.135431455605305,-0.0988717685132072,0.146043718619851,-0.0401491029553279,0.00119295055448953,0.0670700019164937,0.0582361343226999,-0.0334377297138701,-0.080854783951347,-0.10916342755572,0.0573753723932401,0.196921703427173,-0.0417979579560115,-0.107769560044144,0.0336927389164356,-0.035192212969004,-0.0319560546334161,0.13914691163056,0,0,0,0,0.00464133717493551,0.0214954689179949,0.0292670120172018,0.011684749377398,-0.00523928650644179,0.0695307399436264,-0.0398039985338014,-0.293129352360638,0.0285937099274456,-0.190496640446852,-1.36154908579472,0.849181289582091,1.00037844310881,0.795000879766107,-1.81540323325149,-0.250237262435849,-2.96066705803888,2.64382896160606,-0.482151457415917,0.835655130762195,1.79796614645278,0.0740257415093647,-0.60342423811503,-0.582529383401204,-0.534930150682162,-0.54282074342289,-0.486182124476854,-0.536026150299797,-0.455879208498202,-0.420554269692997,-0.374085091075731,-0.447672788916514,-0.371879117134018,-0.254909287933609
99,0,0.0959739004269096,0.222672587390923,0,0.101108330506076,0.11137620178788,-0.453014525794372,1.14113682869467,0.493741595017176,0.415855837139792,-9.25793323451984,2.19054004811248,0.501388735879699,0.892383569473661,0.14502730135811,-0.465143874889683,-0.352969362210476,-0.0568410408250764,-0.024694764729941,0.215489047415696,0.0354992783059827,0.0404022859177219,0.0553709445349179,0.158844864929453,0.00584439350650752,-0.150202847927241,-0.101340906659397,-0.0394040374782843,0.141670545508307,-0.0638488191583135,-0.0185466779091464,0.0367302239921148,-0.0840739586995396,0.0077678599598208,0.114044510726009,0,0,0,0,0.00417337316230774,0.0211932465286303,0.0319706350808714,0.0167050385150896,-0.00325372143174537,0.0659583087963858,-0.0678887986873685,-0.348875366743457,-0.00639414065815203,-0.205118754464001,-1.37078850378503,0.839209086493154,0.873577352133093,0.705580488227408,-1.80191248679661,-0.376293660251808,-2.81507829027928,2.6665393707972,-0.601739783976001,0.732348684442638,1.68459012784102,0.0825925306723802,-0.586110939669478,-0.565396444392427,-0.523596605778122,-0.537053650686099,-0.480408288593326,-0.527666925036172,-0.454205925887533,-0.421517656473605,-0.369449431603498,-0.440150049263605,-0.377864598500228,-0.266148293097747
113.5,0,0.0920465796933276,0.213560665656256,0,0.0969709052168249,0.11157549522873,-0.397804929135104,1.5362642304203,0.513077168421943,0.414022014991046,-9.47211095914059,2.20064730559825,0.604599068548618,0.845327148069752,0.260290001205784,-0.235329476488549,-0.251868116476131,-0.13190302482789,0.0404032438961949,0.221265937711017,-0.0835872613899039,-0.0839262349592073,0.0157218101307858,0.186717215500362,-0.0645166922937616,-0.144865211965633,-0.11607830158409,0.0191326949448069,0.186738260370542,-0.075260368128931,-0.00415460207663335,0.00497602106388518,-0.0856984479959853,0.0158610295227277,0.112175431519286,0,0,0,0,0.00370518048812903,0.0208842442211634,0.0339837544196357,0.0211760344496166,-0.000766409295004621,0.0650505589738519,-0.085852765513179,-0.398164878627661,-0.0458957370688182,-0.225038196892644,-1.37958288663363,0.846409624512514,0.728692588583838,0.609858995788398,-1.80009798020353,-0.39246001017847,-2.67309712457314,2.71139895811369,-0.657753965752601,0.636795326082686,1.4035908075164,0.0892496568261544,-0.573805180400181,-0.549067235893287,-0.516547091245629,-0.536469316894884,-0.47710414193449,-0.51887277856853,-0.451774676914166,-0.422532596101268,-0.368433790494432,-0.4302095422295,-0.380455408793227,-0.276495205308184
128.5,0,0.0881192589597456,0.204448743921589,0,0.0928334799275737,0.11177478866958,-0.316087110911195,1.29427231427807,0.524656611779902,0.406251291791724,-9.47732300284832,1.94534264547714,0.576253835060361,0.880276587572436,0.258232618789422,-0.0493431771277835,-0.204688527903862,-0.138545075406686,0.105469357309747,0.133571589849123,-0.112878459586556,-0.152143917236689,0.0660512535124373,0.195712823459865,-0.110487567346086,-0.182729441068821,-0.171943782498082,0.0671183803220461,0.118355894850591,-0.0314199712279099,-0.0372430098472171,-0.00957747650196734,0.0474252950991385,0.0160761951443092,0.0630645839411873,0,0,0,0,0.00323675919017226,0.0205711854912094,0.0354026577636346,0.0248666338781907,0.00107210792721909,0.0643343834437035,-0.100346719519637,-0.446063064521156,-0.091473454763257,-0.258043729817128,-1.37076980910127,0.872382714717481,0.585667471489779,0.549159238913688,-1.81164297228978,-0.372916964210606,-2.53343325799319,2.79657086301462,-0.699462232274723,0.551208920641189,0.969486283347076,0.0970992280382776,-0.559963832228123,-0.536126700007984,-0.514709369489106,-0.534365650376755,-0.480507982853852,-0.510366664372863,-0.44955906099179,-0.421333801800077,-0.368010881243451,-0.42235679099132,-0.384456121145978,-0.284331528689574
92.5,0,0.0841919382261637,0.195336822186922,0,0.0886960546383225,0.11197408211043,-0.241708335679302,1.62675630493739,0.514504620124331,0.318659325422385,-9.34364888714132,1.3393581675792,0.33701485705477,0.692219840958663,0.172507580331884,0.143470402050789,-0.102201120347836,-0.000404963462379129,0.195744682481475,0.0540436182044169,-0.152314552642791,-0.0256521982050621,0.0730063619458937,0.187250394045536,-0.0727520230199446,-0.0905206691343178,-0.218091808833396,-0.0125693300398098,0.097189956609236,0.0365715203940837,-0.0766536337467515,-0.0263094760404326,0.0512276437101094,0.0225233367640489,0.0496912665384354,0,0,0,0,0.00276810930664828,0.0202569785711944,0.0363796921809473,0.027133064416247,0.000324212422666733,0.063020287411471,-0.109117923285313,-0.491420128257783,-0.14398574736223,-0.289129449662059,-1.34927243830205,0.91311117029601,0.439476212736484,0.488527477621819,-1.82434089433352,-0.346351158212695,-2.40348229478229,2.92186947103233,-0.733957097679873,0.484015758152951,0.586244307942819,0.104120888910727,-0.548471878328479,-0.522983713228356,-0.515191803163276,-0.5311468846224,-0.489161676144059,-0.498839325450289,-0.445742691911528,-0.41720874531784,-0.367837810482466,-0.418674517857327,-0.385454973509261,-0.290858572011479
91,0,0.0802646174925817,0.186224900452255,0,0.0845586293490713,0.112173375551281,-0.194671985244612,1.41106236199327,0.561433262436163,0.16105679042236,-9.14903937271104,0.898078158603356,0.133679125021549,0.421793865184618,0.0221458927941831,0.162982670723277,-0.13382503857337,-0.0908373863050673,0.120226191766226,0.127031715998627,-0.198714146796466,-0.0237024923615042,0.0768779255849366,0.29607391684202,-0.056697595924989,-0.0787332444103312,-0.165302317062901,-0.0498532330276383,0.109598734163849,0.0750659804974693,-0.028909725549657,-0.0629964831438799,0.0358575501090417,0.0262835216673857,-0.0173226915418883,0,0,0,0,0.00197996609023259,0.0187967850064405,0.0351319202455068,0.0261318224508012,-0.00484477201075716,0.0589237676893743,-0.1098479473297,-0.512380295886925,-0.185644178102965,-0.295527316169589,-1.32147922696594,0.943214627721593,0.29845163546169,0.403237661641315,-1.83040751950158,-0.293093645764168,-2.4549166490725,3.03933374743436,-0.73990670230409,0.418291817590509,0.336383192099286,0.109317366695961,-0.544381827080727,-0.515291444922953,-0.518052816243508,-0.533063947443508,-0.49898566389798,-0.488717614172594,-0.446751871465676,-0.417148751915296,-0.366038395872188,-0.414257550544576,-0.381273964298564,-0.296022968078876
125,0,0.0763372967589997,0.177112978717588,0,0.0804212040598201,0.112372668992131,-0.151305441508539,1.35619948163249,0.445928218408878,0.0900628359796301,-9.2595614703589,0.649692140897121,0.055790649207868,0.357892102142473,-0.0105157034223311,0.095306493223123,-0.155585897417342,-0.134250170695342,0.118512801173896,0.195455245605185,-0.11955068641731,-0.000315606044312852,0.0693565961093868,0.319017657502621,-0.0307185064725058,-0.0998093087595534,-0.198531942308776,-0.0211978407120802,0.127994374077491,0.165637949564006,0.0433455251600445,-0.0877472910452308,0.0344185690212472,-0.0307831209491087,-0.0656517689108247,0,0,0,0,0.000864163267209105,0.0161597636254185,0.0318718290026188,0.0225486183411852,-0.0136978540963287,0.0497081428162587,-0.115765855962919,-0.529590472998305,-0.219633193639588,-0.292710277093594,-1.28739154172432,0.961930479259148,0.176694296447203,0.328656119150494,-1.835219786609,-0.213923150800841,-2.62112770118644,3.09538188922381,-0.695675769844364,0.352942538799434,0.164908161936487,0.115034612807857,-0.546592516545593,-0.514917931548956,-0.523889007296831,-0.540331463387893,-0.50788981477442,-0.48087471174967,-0.450279864429914,-0.41853612345059,-0.365152400068418,-0.406243840839869,-0.374575896069381,-0.301188032200994
98.5,0,0.0724099760254177,0.168001056982921,0,0.0762837787705689,0.112571962432981,-0.125919438491143,1.55040194452745,0.32263850010528,0.0872002132734477,-9.16271810946681,0.471858509108824,-0.119603855458922,0.359399554745762,0.127449585952325,0.120392473001143,-0.0826150185394119,-0.0229220596126408,0.197573190089648,0.203902418450141,-0.0556021254669636,0.0159820152461364,0.0095454727749558,0.228126752252028,-0.0637987133096823,-0.0105899356738486,-0.235069485302132,0.00551384552200444,0.103527878904837,0.201400432387709,0.00849952742928699,-0.0804648032300549,0.0633756546985828,-0.136692563467064,-0.0246468435907806,0,0,0,0,-0.000252036213545774,0.0135178392710801,0.0286653967811117,0.0192017509548416,-0.0223124598126801,0.0406602405693961,-0.123157126645925,-0.553810218257977,-0.251766735728147,-0.257668842889196,-1.26149161745116,0.96437129369922,0.0700670346007399,0.260795986419355,-1.84562785628644,-0.1354838690594,-2.77020712949358,3.0947078563112,-0.633532093519229,0.287447224151615,0.0414682628728649,0.121471331072751,-0.548319789342971,-0.514686377028597,-0.52974595655397,-0.547211398930763,-0.514137787761302,-0.474797387737869,-0.452992593269836,-0.421907376915366,-0.371486397853601,-0.397389414323483,-0.366719329866694,-0.307822995883365
73,0,0.0684826552918357,0.158889135248254,0,0.0721463534813177,0.112771255873831,-0.12771337298469,1.06091101491584,0.425014193891062,0.0795392659231338,-9.08899519609114,0.31208023982078,-0.285866657573694,0.379245557476437,0.147033122227292,0.20296820286827,-0.04145252864873,0.0575010931875438,0.254706939780021,0.26665635464598,0.0467129136886209,-0.0204179482288564,0.0213723524073254,0.305887873257997,0.0208995886121946,0.0613131235460794,-0.26311063329678,-0.0369649505537417,0.077351841304894,0.174008995383465,-0.0920490412075042,-0.120317687598093,0.145509953455124,-0.132107198658892,0.00409561984600419,0,0,0,0,-0.00181586242534776,0.00974694981442539,0.0235635697016018,0.0131842686817872,-0.0332217022179771,0.0302226114961083,-0.131193907354813,-0.58455895026595,-0.282417493837769,-0.27376336003216,-1.25439559262728,0.964142351186176,-0.0354692896451745,0.18436615871285,-1.85699182766348,-0.0510313740613242,-2.89349338858908,3.09502783285213,-0.601733427998287,0.216109681652485,-0.0573425848031679,0.126047202416278,-0.549809902546043,-0.514426561938811,-0.537703285840274,-0.553149928636177,-0.519056116348542,-0.475576271552138,-0.453085855896632,-0.428980596504411,-0.386470106277079,-0.386002742471292,-0.358231325435645,-0.314758116779654
74.5,0,0.0645553345582538,0.149777213513587,0,0.0680089281920665,0.112970549314681,-0.149679219601768,1.95052687574054,0.462987827567024,0.0797175206245555,-9.25770740109589,0.256536941936813,-0.326760989822156,0.353671117883198,0.0693887056151214,0.239248271872911,0.0414814288505592,0.124442482863017,0.280573674523555,0.308468088649658,0.113978485967753,0.0877228325477966,0.106709790332175,0.333104539519442,0.112997440673465,0.00172212977688382,-0.261012007599679,-0.111489681567555,0.0114644949845397,0.117238217343285,-0.0777146377003397,-0.119754410204152,0.107662151745683,-0.0844365023068786,0.0636184721305251,0,0,0,0,-0.00383934312445866,0.0050376820790093,0.0175591609333517,0.00598355725578326,-0.0447530102595197,0.0162895238543531,-0.146092195063076,-0.616966307426086,-0.311192546116388,-0.493288733960009,-1.24636296921138,0.972569781757424,-0.147944263146,0.120672376098636,-1.86314854515222,0.054609513194448,2.98790738509793,3.12465516458855,-0.582554611906225,0.145381768408482,-0.129326786116292,0.128861713505865,-0.554258446525975,-0.520530886018563,-0.549329963708487,-0.560806913154186,-0.527168347344489,-0.48136030679076,-0.449978210579522,-0.435984648856551,-0.403955048553259,-0.376147920579433,-0.346437848216876,-0.316962776996255
100.5,0,0.0606280138246718,0.14066529177892,0,0.0638715029028153,0.113169842755532,-0.189554408017466,1.86985399248214,0.45455666061077,0.0773627549716798,-9.35737552167134,0.32432098450257,-0.270497253275767,0.271673379874591,0.0066172335746521,0.230714282718894,0.056069025617594,0.150805482372019,0.290730400588972,0.325847878734264,0.0408869851034094,0.102365973543781,0.101248215208279,0.243076487564279,0.154933375365963,-0.0103678951895735,-0.180670673056437,-0.122641596196143,0.0207182089793901,0.0975375126347297,-0.0329769825519758,-0.0900289829621616,0.0184601705484931,-0.056955010667634,0.10657063672178,0,0,0,0,-0.00586464094155736,0.000550375214578274,0.012652576434602,0.000459736406737672,-0.0542471136534549,0.00235397486913612,-0.162341924097722,-0.641496798004758,-0.331519914325092,-1.13890452535237,-1.23083706179675,0.973998307780798,-0.253932018024718,0.0795549630825469,-1.86609428394667,0.161990563621685,2.32206930068243,-3.09096764547888,-0.567422062904775,0.0907736558964309,-0.199512490237596,0.129270381056469,-0.558972902631741,-0.532827001424167,-0.56033902794608,-0.569144397663396,-0.540926816994711,-0.49065893541318,-0.451733658804525,-0.441861599164807,-0.419085835390184,-0.374161211958434,-0.331557214737145,-0.311495615293772
108.5,0,0.0567006930910898,0.131553370044254,0,0.0597340776135641,0.113369136196382,-0.279341700568253,1.15306705703248,0.444402078209566,0.07358263627817,-9.41850984892583,0.405398209315667,-0.177716152912272,0.247545431945341,-0.051616044542628,0.143376292108511,-0.0943522184396804,0.0333767538373685,0.220411037637512,0.331254265138164,-0.0202662925663057,-0.00507297170942281,0.0188259925544774,0.220924463626765,0.177829124764637,0.0554821466713013,-0.138416621489755,-0.114859282828869,0.0435929035143539,0.0836741160072634,-0.0263521540857365,-0.0292341583685326,0.029319778073124,-0.0110050214202282,0.0224604898332201,0,0,0,0,-0.00789174168835328,-0.00394488102544969,0.00777455812572336,-0.00496453619932059,-0.0638601745519372,-0.0134937458957119,-0.181260676315353,-0.666083974627351,-0.356335879696424,-1.94718900502881,-1.22968537509835,0.984211583923872,-0.347440144790984,0.0225798012682503,-1.86420592815507,0.262349760520373,1.80971281407103,-2.99533635174889,-0.544859131782346,0.0328413994873582,-0.275341514635683,0.124779669569734,-0.566963386874276,-0.548686207429998,-0.570651920004813,-0.574985744614524,-0.55557643002201,-0.501184819149388,-0.458358586225784,-0.444775387478238,-0.429340446303781,-0.375500456768491,-0.31709377246062,-0.306453205078531
91,0,0.0527733723575078,0.122441448309587,0,0.0555966523243129,0.113568429637232,-0.366241343597172,0.949902164136965,0.46124651097397,0.0761312233023333,-9.38535231088406,0.551760240287897,-0.0803761979648836,0.270529409196723,-0.0871266859940336,0.143675872593202,-0.122271395041933,-0.0332038232955971,0.101480345138868,0.243006473637373,-0.00915318890483686,-0.00525345287163088,0.0588943931365825,0.19884192646945,0.105740852723247,0.126239138668185,-0.0597619312860781,-0.156973541983624,-0.00299052715806848,0.0403238209946907,0.00508759492484035,0.0299899202323911,0.0131661204086571,-0.00794002421510945,-0.0319839989525428,0,0,0,0,-0.00992063109201815,-0.00845725999461929,0.00274077988511943,-0.0112802926850938,-0.0755506969181435,-0.0346871246813588,-0.202432686583996,-0.690861122821366,-0.391098411718211,-2.43307382953768,-1.24419962389627,1.0000683013525,-0.452472954915025,-0.0268856733360483,-1.85938834983954,0.354231590098133,1.40573906843291,-2.89032340455201,-0.514989429023867,-0.0480693490110031,-0.339668978928431,0.11245175050718,-0.586781949741981,-0.572782529022315,-0.581234224986157,-0.582993353807464,-0.568121532094122,-0.51414267305723,-0.468409696536463,-0.446883529531896,-0.43404662394966,-0.374650598067717,-0.301881161838935,-0.305358207432275
121.5,0,0.0488460516239259,0.11332952657492,0,0.0514592270350617,0.113767723078082,-0.414246415655195,1.66713575838411,0.612583864146481,0.116731297566205,-9.50749835001393,0.859409439349675,-0.0407158083942449,0.305000110902985,0.0194411135560837,0.179150788133805,-0.0514910517686753,-0.00916300279265297,0.0309707168693928,0.175910874789057,0.0278974505270158,-0.0213757596054131,0.0341341964060687,0.114381986420025,0.101110418666121,0.142109136886629,0.00423926731592211,-0.216873708535885,-0.0488648046683262,0.00983182775160147,-0.0307416589271898,0.0751638220499728,0.0505882699620347,-0.0394437385393464,-0.0580055895969041,0,0,0,0,-0.0119512947956232,-0.0129881000463327,-0.00243466739407437,-0.0183536734043922,-0.0885651993702759,-0.0579162762362218,-0.220337513449507,-0.716021440061653,-0.434393130928214,-2.66985957261766,-1.24314767258567,1.01408139258596,-0.582912614492404,-0.0331631140907902,-1.85058771170372,0.422869486066296,1.16912842771483,-2.770621763967,-0.49804434680641,-0.145529862615627,-0.392123339201579,0.0836979922892044,-0.639584812766446,-0.62842493083057,-0.615541556949542,-0.615666845128002,-0.598652364471012,-0.550725855985259,-0.494611066850942,-0.46720482118848,-0.450565503446449,-0.380446583464433,-0.296536481981991,-0.311288915524436
136.5,0,0.0449187308903439,0.104217604840253,0,0.0473218017458105,0.113967016518932,-0.459558064025788,2.08186414695327,0.534001143179083,0.231561065003715,-9.79549561092682,1.40180601740995,0.152172828530791,0.219002946213726,0.0888195575439377,0.0357754175954095,-0.092431804135443,0.00326528690150592,0.0234890477691354,0.106040758666389,0.0562433812536254,-0.058478125949136,-0.0890939216185356,0.0891652456964506,0.0678957666183867,0.0312733832948343,-0.0275926470064223,-0.151729055491594,0.00767349144951071,-0.0122738429682978,-0.109481548977808,0.0639391219737511,0.111888270083816,0.00428669635483209,-0.0814556330792222,0,0,0,0,-0.0139837183585872,-0.0175373275423933,-0.00762019074435641,-0.025155362063711,-0.100348211449737,-0.0798789104009265,-0.238981493521411,-0.743203906884281,-0.495048805915225,-2.78546714051702,-1.24819123332239,1.06610862713907,-0.777961576544127,-0.0464290323626457,-1.84293176895747,0.466224574731673,1.09978554514785,-2.62333927215928,-0.480056806363198,-0.234307707889554,-0.431525228245834,0.0771448582462794,-0.646041294303726,-0.635797550001045,-0.604101253502865,-0.595740961293806,-0.583477685037797,-0.547338104830003,-0.479523638759416,-0.459179450978623,-0.442584051476494,-0.365557565036924,-0.281603101958127,-0.307615648389665
141.5,0,0.0409914101567619,0.0951056831055859,0,0.0431843764565593,0.114166309959782,-0.476825822805206,1.40996233931905,0.452219435956929,0.416544390827037,-9.59784984567252,2.14761392050877,0.498392018635249,0.0379729562899412,-0.202878732275817,-0.153339022910708,-0.0565920394659812,-0.0484173895076711,-0.0784571015194565,-0.00942993401591833,0.0883978003674906,0.0829732127850827,-0.0494340115438873,0.0354888596016443,-0.0441763933544839,-0.114079413515909,0.0133147800138962,0.0280917917409652,0.0444932781074014,-0.0442096173652366,-0.0619489852114799,0.0522823302511667,0.0211025341334236,0.00932341174765193,0.0258115401537035,0,0,0,0,-0.0160178872571334,-0.0221048652016112,-0.0128392117343469,-0.0318493400664387,-0.110708746828722,-0.0981298294774251,-0.253917148820329,-0.760212562465701,-0.548679668251427,-2.86715074712034,-1.2807341375187,1.18123720257219,-0.93785115247822,-0.0886459872322156,-1.83492230571272,0.509865288833032,1.04205207019341,-2.41138806906873,-0.450257673640426,-0.333205842162144,-0.456434565118306,0.0875760325069758,-0.612660295049196,-0.605352612449386,-0.555224070739816,-0.531959402317231,-0.534185658153943,-0.508677893605427,-0.431553782663443,-0.42325945658308,-0.408982602460665,-0.337539043189977,-0.259728477897891,-0.297272211964322
162,0,0.0370640894231799,0.085993761370919,0,0.0390469511673081,0.114365603400633,-0.418988930907309,1.16579331466294,0.479177872534815,0.448591060726497,-9.56334267924901,2.50623822847062,0.734658180767836,0.0689690836906677,-0.343015020614809,-0.199377961707739,0.150089080412631,-0.0807219148993191,-0.174086864007066,-0.00330781211485779,0.20352440277166,0.192482296210847,0.00243495241954193,-0.110568215035473,-0.0934619059296711,-0.2114654109201,0.0534677408279458,0.0943674619314177,0.0644402533263892,-0.0808706250098287,-0.0325701553939252,0.125194476968882,0.000517788276592039,-0.0460125988808986,0.0621512949524241,0,0,0,0,-0.0180537868847562,-0.0266906320637078,-0.0180917689198666,-0.0385580963301202,-0.120386793679188,-0.113887908992652,-0.264800564372456,-0.759788886463209,-0.568191909586989,-2.94074568541013,-1.32549192530212,1.46115837352464,-1.00072599388499,-0.137481616318398,-1.81357579980521,0.54530456885839,0.923022410147576,-2.23585787359324,-0.414138033322551,-0.426004039909573,-0.476902575573319,0.0761528177668596,-0.618146918693826,-0.618249829860528,-0.546379419945334,-0.504622175675032,-0.519223611802796,-0.501471701686559,-0.407872573220306,-0.404293350536119,-0.384681320542561,-0.327452945566614,-0.255766861425895,-0.296555509916276
162,0,0.0331367686895979,0.0768818396362521,0,0.034909525878057,0.114564896841483,-0.359354871935211,1.83792272474954,0.424018936422141,0.405668616721976,-9.59179874925473,2.652728209446,0.747772089950961,0.138982629681651,-0.160780397164475,-0.16588372861557,0.22044981833819,-0.109507130607881,-0.188455019427928,0.0152528687768687,0.2893959444064,0.0701063800521802,-0.0634072558933769,-0.12868743647395,-0.00493207719674341,-0.126626371277374,-0.0204851013375828,0.0138156053842331,0.145308882329415,-0.0666151116708565,-0.114797983275892,0.153807734345719,0.0337397773519567,-0.0528359319989617,0.00703743884114974,0,0,0,0,-0.020091402552696,-0.0312945434543294,-0.0235366695682657,-0.0457376604766225,-0.130905503098886,-0.131184279103398,-0.27570734967415,-0.750757162086459,-0.555427963945348,-2.98742621537916,-1.37312680163913,1.76133528394739,-1.04477183668027,-0.161272015773239,-1.76333849149651,0.569045897074677,0.783978172249308,-2.14497744113183,-0.387019845427393,-0.493091894508854,-0.493467980237106,0.0615644911243681,-0.623011407822491,-0.632762051179478,-0.54171039700262,-0.483084703326303,-0.505819330216746,-0.496733665030457,-0.391545344117593,-0.382829680785264,-0.356467261299944,-0.322602406935728,-0.257099165414183,-0.294831113464022
156.5,0,0.029209447956016,0.0677699179015852,0,0.0307721005888058,0.114764190282333,-0.359102701637407,1.79486447541405,0.428853233594785,0.525295879366161,-9.40608908692162,2.81567162524567,0.528298489407305,0.10928632074886,-0.188243143266435,-0.259923657960123,0.0616473724528688,-0.108730036051009,-0.171827889160613,0.0515801879971426,0.30864187689027,0.0168692833258196,-0.147983205975643,-0.114851721638428,0.0398226577830335,-0.0271127642256261,-0.0448925844247448,0.0516011519800291,0.073288258887644,-0.0113313524855379,-0.0700480132780615,0.0709462516489731,0.00225724792953199,-0.0882752235069862,0.0464651348871311,0,0,0,0,-0.0221307194904238,-0.0359165109512274,-0.0292252245178625,-0.0535374281333373,-0.142185944827487,-0.149302806759925,-0.287443481026619,-0.7436027565526,-0.526411103246858,-3.01446469997532,-1.42504184061348,1.92778639674109,-1.06154571805567,-0.0653176645136675,-1.65627821949446,0.614022465700561,0.787889187123736,-2.06015558414937,-0.371252242783569,-0.555966611250071,-0.512179589266714,0.0489166027322853,-0.622068561925919,-0.637126762963921,-0.533915802041339,-0.463081720956575,-0.492329228462613,-0.488971130553551,-0.384209076421357,-0.36380684251291,-0.335135825186059,-0.325391109503249,-0.265513850620425,-0.29873933790447
135,0,0.025282127222434,0.0586579961669183,0,0.0266346752995546,0.114963483723183,-0.358850531339603,1.4024070884513,0.405775619799352,0.621079686806392,-9.04461922379567,2.50813492932432,-0.00215977188999031,0.0683165860429693,-0.188777156225649,-0.294573473794684,0.0132256020416122,-0.101997105299476,-0.112424741195935,0.123716447825895,0.247518545717284,-0.0301631468161968,-0.184168252884992,-0.0379806987986744,0.0174364269861498,0.00168816646000937,-0.0961938894919609,0.110371025749681,0.0140405798207818,-0.0152534110306839,0.037135770247283,-0.0352559475311913,0.0303675900740072,-0.0939406758898144,0.0551704296055259,0,0,0,0,-0.0241717228461337,-0.0405564423516552,-0.0350569597006487,-0.0616494430009848,-0.153628290072397,-0.167935331091224,-0.304554091982595,-0.74727775422491,-0.489630421484968,-3.0358622208397,-1.49592928456231,2.06808396771703,-1.08108962472936,0.0227920546486011,-1.439199385351,0.650785947675485,0.876781313157885,-1.97570062418098,-0.36091180031881,-0.607252219112649,-0.535712078027085,0.0408884967486071,-0.616331530109652,-0.632239105674207,-0.526725641442542,-0.448860967227397,-0.476501896220064,-0.480658435360881,-0.379345412475473,-0.349136456063139,-0.319683534041498,-0.328649073742393,-0.280489161871304,-0.313271580042221
119,0,0.021354806488852,0.0495460744322513,0,0.0224972500103034,0.115162777164033,-0.358850531339603,1.47308197008985,0.343902500445805,0.59034497319268,-8.63459169805317,2.35312063497842,-0.18932041684577,-0.0320405080578796,0.0527151354317788,-0.219055645737271,0.0761873721520694,-0.128621571660104,-0.0314151603286934,0.174676054343934,0.179787809774042,-0.212337552278638,-0.293481321714892,0.143606042731924,0.145656893613238,0.0661253257409125,-0.217830727302837,-0.0120675680162566,0.119006763934043,0.0320534218399841,-0.010830714138253,-0.0679069918011294,0.0278862608637369,-0.0285734992485933,0.0105686219943703,0,0,0,0,-0.026214397687248,-0.0452142416410437,-0.0411422742391886,-0.0703851255549963,-0.165817807524655,-0.187621549446946,-0.32386501296096,-0.757197053661973,-0.446460451328097,-3.07030888597606,-1.59373382338767,2.19122281571552,-1.09381285770056,0.0256195767821819,-1.02888813862768,0.682948855185644,0.892357223180014,-1.90625948182228,-0.348654671640315,-0.651593226605192,-0.562898734069198,0.0382771400118843,-0.604966016385207,-0.624889752761877,-0.521618988886187,-0.442323613582099,-0.460793542322309,-0.475447152306901,-0.376708810302664,-0.339932678511595,-0.308263536797071,-0.33193692530001,-0.297420498794196,-0.329526803662177
140,0,0.01742748575527,0.0404341526975844,0,0.0183598247210522,0.115362070604884,-0.358850531339603,0.770384009482445,0.327147957881461,0.495326929365893,-8.58487529296553,2.43147175068002,-0.0927493630454982,0.105500729522401,0.137940335035053,-0.211161015827492,0.0324895148428386,-0.126034496000056,0.0769763875206862,0.223363522069091,0.0509009667979557,-0.33650993620727,-0.291600184437909,0.137040716465557,0.169943388664199,0.0811602292534314,-0.270591211133756,0.0531392019618748,0.176560477458001,0.044276852105533,-0.0319781686247038,-0.0645631138747632,0.0302140968205245,-0.0422661260807366,-0.0276007268136476,0,0,0,0,-0.028258729000927,-0.0498898089629967,-0.0474252280771288,-0.0795986844397101,-0.177882742928897,-0.206088399090454,-0.341768579707874,-0.770395793134172,-0.412372629610715,-3.09689304688347,-1.70883011937783,2.28991896383389,-1.10924675465135,0.0469625463407475,-0.459706192979738,0.721645293706603,0.912121520614952,-1.87376063671406,-0.33368034546989,-0.700197735734037,-0.591033528971813,0.0417608596907099,-0.589531628753454,-0.614839202013856,-0.516066580571762,-0.436766425741847,-0.448363414504222,-0.470244964756206,-0.375118917463458,-0.339807629194239,-0.306502658470582,-0.337677972761158,-0.315379393294468,-0.341087432317559
107,0,0.013500165021688,0.0313222309629175,0,0.014222399431801,0.115561364045734,-0.386638728387581,1.40044536172074,0.304718357425842,0.516552979622262,-8.56202232210226,2.45780289249598,-0.241571661463704,0.343898750919598,0.0592839198764621,-0.253907744774917,-0.0200603611151035,-0.25575842081002,0.150026033327178,0.2035971859549,-0.200063215761032,-0.41416071395332,-0.15130347733126,0.158986846995873,0.0888252094598266,0.0831860300654585,-0.349520290398877,0.255442582453456,0.179956589863754,-0.0635961763630158,0.0783695922435635,-0.0761419976237886,0.113866920064428,-0.0772029116332805,-0.124155651496331,0,0,0,0,-0.0303047016945909,-0.0545830405906708,-0.0537472633462899,-0.0888325260471258,-0.189317880620652,-0.223376269310866,-0.359215515297139,-0.786331789366155,-0.380620223206297,-3.12313715195111,-1.82915438193008,2.36171255860118,-1.13024794085797,-0.00131434817117082,0.0486929452770664,0.768827000132485,0.953046105309779,-1.85056800989487,-0.331013540306444,-0.761963379799621,-0.631084860242696,0.0464631967109467,-0.573211590391687,-0.600354859212484,-0.510613748517389,-0.430824208822371,-0.438926305408455,-0.463614618966565,-0.378462110195178,-0.346138555654531,-0.309917859065438,-0.344385671638349,-0.331787920956433,-0.343802011038253
77,0,0.00957284428810608,0.0222103092282506,0,0.0100849741425498,0.115760657486584,-0.414963510675692,2.17718871723182,0.263646446940017,0.587826516798033,-9.04205772883591,2.43652901384648,-0.118941168413355,0.383321250120525,0.0517846917885654,-0.332052427779625,-0.00130005251392809,-0.322198258740416,0.200105828613849,0.139398717855137,-0.194593860111403,-0.329138540618138,-0.149627228619844,0.315310347758721,0.000327644759138365,0.0784524847153024,-0.291184689240109,0.162952325060477,0.14793641177751,-0.100294516462591,0.196155952862547,-0.154378134799018,0.12656358563976,-0.0455507357281347,-0.166394559316607,0,0,0,0,-0.0315575681147637,-0.0575822292540778,-0.0585070029562067,-0.0970741782432929,-0.198597310281644,-0.238013535024351,-0.372361092906983,-0.799652142864219,-0.340080374850501,3.10723224593652,-1.95794650022815,2.4209572868353,-1.1405995069311,-0.107798931300668,0.400194905420923,0.822617512162664,1.01019122282327,-1.82194557338871,-0.328657082609087,-0.834483343911311,-0.682442103608588,0.0501769828791363,-0.562479307040117,-0.587651312854137,-0.50769144655768,-0.436057288726691,-0.435440295452876,-0.459836391131059,-0.392143564848162,-0.354396534272432,-0.312999739781472,-0.351913910070632,-0.343833859700943,-0.337409248997283
98,0,0.00564552355452409,0.0130983874935837,0,0.00594754885329859,0.115959950927434,-0.444380909476726,1.4007253208801,0.425958983800792,0.608767786148501,-9.51075714640816,2.26752996967662,-0.00761219056413957,0.493022466118413,0.118242420155154,-0.380065613403729,-0.0307302354254251,-0.338255809439136,0.219999076977434,0.0412274348559221,-0.119412561301243,-0.266801216316781,-0.140138541196966,0.345966561128384,-0.211448531744395,0.0659286548088361,-0.172913939890901,0.0421870640082686,0.15187678295942,-0.108610731798896,0.321321644162871,-0.201402302672962,0.123118660508881,-0.00240190107184932,-0.226815410044167,0,0,0,0,-0.0319964116412556,-0.0588345466707089,-0.0616366743693203,-0.104164755097975,-0.205342043725505,-0.248206657309337,-0.378397187499843,-0.813281718576305,-0.296472876266598,3.03316707986794,-2.12998962137229,2.46826110695724,-1.15274056289738,-0.175414705382506,0.642458753246014,0.862576419422227,1.0909110156544,-1.80442887415611,-0.310916748032646,-0.909530420372825,-0.738728240578751,0.0573342442384412,-0.554668209592539,-0.574281939898601,-0.50681795060417,-0.448241754137003,-0.435023951504737,-0.460621981561716,-0.413399279434071,-0.367838198840378,-0.317533030952092,-0.354899218668616,-0.349971129613996,-0.32871340399658
95,1,0.00171820282094212,0.00398646575891678,0,0.0018101235640474,0.116159244368284,-0.474698540538045,1.02232286504175,0.545397904217442,0.647253300407403,-9.67147764359836,2.46918299609706,0.248505727089884,0.556513379588635,0.191660409652744,-0.532246801720719,-0.104288064569523,-0.366363349270054,0.197591918431179,0.0668519265580926,-0.088188867324604,-0.313447684980021,-0.181505225181646,0.313799231015543,-0.34334065458022,0.0361007187942985,-0.183280632572896,0.0304894267548606,0.212433427058268,-0.0519670269365801,0.276008672671842,-0.141501770323737,0.0986583436706189,0.0672756557798047,-0.330436722638863,0,0,0,0,-0.0324352753956076,-0.060085243565783,-0.0647502336299756,-0.110556867430465,-0.210159244353685,-0.253656266724846,-0.37697140035448,-0.826254552917636,-0.261110319038242,2.95218791606691,-2.30731027399045,2.50503475934422,-1.16564777879195,-0.216902177734346,0.81149316150826,0.897487742629113,1.20444144074105,-1.7982888897204,-0.284230823886929,-0.978778540994073,-0.812337728218442,0.0687049703923885,-0.544509605820705,-0.557270502592906,-0.504169915054517,-0.457224344095771,-0.433009152038773,-0.459019932459813,-0.438195642571047,-0.387653040045061,-0.326279266903714,-0.353366848758123,-0.350222981142185,-0.322754529887916
95.5,1,0,0,0,0,0.11734005815488,-0.4991396862932,1.79968655855368,0.49260186291649,0.602036522643322,-9.70986417774862,2.61240472047845,0.570818879595271,0.524133274648036,0.213557184168835,-0.585369866423304,-0.0698601039859021,-0.335019036258058,0.0374835051997582,0.132209298861973,-0.064271923864156,-0.307491316607644,-0.160890962946994,0.367233748066762,-0.35783670481337,0.0513899429093699,-0.0554974478447049,-0.0521332816016449,0.172154419872118,-0.0309753751785955,0.127746109312658,-0.0607277890936999,-0.00135319783197646,0.0931689274033913,-0.266882633293015,0,0,0,0,-0.0328741592101551,-0.0613343191775491,-0.0678477449375573,-0.115880371859162,-0.212485571657295,-0.254967207487966,-0.37117155760119,-0.834453796796887,-0.22523941378763,2.87718330377585,-2.42723027447158,2.54488215026389,-1.16801665510089,-0.229597335914919,0.925947145526921,0.941151993266585,1.34635067959405,-1.79134286380185,-0.250064901643473,-1.04580378744168,-0.917593225725176,0.0793690641503742,-0.5384662673504,-0.54315294743268,-0.500852282827803,-0.467210907320586,-0.430307515824246,-0.449947023146587,-0.458302479073987,-0.406913141098535,-0.338118886879784,-0.349854670039847,-0.347404778370043,-0.322058613045293
96.5,0,0,0,0,0,0.119265101654185,-0.502433660497219,1.69467181185466,0.456702905025493,0.471800054913188,-9.84494040926026,2.64145040581469,0.790611813024872,0.687029026279238,0.22473619988227,-0.477866323823735,-0.13081327336725,-0.393905563049111,-0.146034041360062,0.0893553119378728,-0.0739687169126947,-0.344104073859055,-0.108567035228656,0.3935867450636,-0.33502848231429,-0.0400907476428566,0.0334502034527418,-0.0631023954274191,0.192956032357388,-0.0256737716784745,0.110127318972281,0.0569260758176255,-0.0241294180004349,0.0231148155865341,-0.232167153062539,0,0,0,0,-0.0333130629171873,-0.0625817727664659,-0.0709292730631886,-0.121318962605456,-0.21558157111221,-0.258245502726747,-0.369735291670548,-0.848335955943985,-0.177929790830337,2.80687441054249,-2.53613111338054,2.58601647823894,-1.15706080402156,-0.221172715351621,0.974593580078501,0.986253730263144,1.52120993694603,-1.80529876101365,-0.20564383483897,-1.11054150019519,-1.08848047313153,0.0891653540733724,-0.538141262915413,-0.533470090767665,-0.498926335324048,-0.478716160167695,-0.428036938774041,-0.444717836535002,-0.471354606715131,-0.419782236328119,-0.349392142857984,-0.34243719016573,-0.337775577631602,-0.316652386151472
91,0,0,0,0,0,0.12119014515349,-0.314747734206012,1.69467181185466,0.443542932210478,0.403923016796616,-10.1058475613475,2.40737058845077,0.823020838782145,0.791804304726936,0.143202400130674,-0.453596849400416,-0.259228319665996,-0.368525193382275,-0.281116262715832,0.00149879389161854,-0.01636384775393,-0.248229466261123,-0.0377392880937625,0.304907491550803,-0.252990532452902,-0.0353067345766915,0.0497335280758636,-0.0753638191787109,0.222706116179645,0.032377428794098,0.0941827800971689,0.0641548610914637,0.004608989317521,-0.0619701645451937,-0.167644932359248,0,0,0,0,-0.0337519863489475,-0.0638276036151035,-0.0739948833255037,-0.126639275463193,-0.218431656472904,-0.261451730363994,-0.36534086763508,-0.852940483032856,-0.108884291837679,2.72512084934692,-2.64970116890614,2.61813360946869,-1.13850280637797,-0.207158330759516,0.97710868400585,1.03917876178203,1.67044733737165,-1.81768042895906,-0.144911262795457,-1.18068306744941,-1.28644983788275,0.0955639307451566,-0.543712663663954,-0.530562398881782,-0.495895762939158,-0.485772994366019,-0.428589181774426,-0.442794397964052,-0.481840536379103,-0.428678531741989,-0.359396263711465,-0.331615464710779,-0.322945336423031,-0.302340192090739
85,0,0,0,0,0,0.123115188652794,-0.102876603209476,2.30219634778996,0.539609813929565,0.394744269653314,-10.3414955224547,2.10009900710389,0.695095536401286,0.632260648663054,0.0812062918147908,-0.341216179445765,-0.195682812013275,-0.207126466219124,-0.197614771737555,0.0337765641739902,0.0276456218410882,-0.246920403620729,-0.0890776220454203,0.284818271455022,-0.13938149158123,0.158147304425503,0.0234899093478784,-0.0762277666577872,0.17403765952447,0.169750453049019,0.0853720128208585,-0.0653216093881824,0.0635583595992007,-0.0730308519555446,-0.153002252627287,0,0,0,0,-0.0341909293376336,-0.0652146480692067,-0.0774908125870799,-0.131941895815467,-0.220552968167276,-0.264405705622998,-0.362448774880697,-0.858376485404383,-0.0289948226977756,2.64638566339711,-2.75943000649413,2.64495324228894,-1.12522373109731,-0.185820580366652,0.970589908861594,1.10931733362315,1.76966628370059,-1.80825799773831,-0.0825158811440438,-1.25531658578809,-1.47161163886871,0.0982655250806441,-0.553073896744883,-0.53261771187302,-0.492872334989358,-0.487801326566255,-0.432206892184929,-0.438630148426099,-0.49111647535085,-0.434691570918791,-0.369890925727224,-0.318880412625723,-0.305461143867819,-0.286779905565541
85,0,0,0,0,0,0.125040232152099,-0.0218758185030567,1.71096232843912,0.572034498763557,0.357224669241134,-10.4795337296369,1.84798301817587,0.70995647515107,0.452402243771073,0.106724747720609,-0.0452313550795623,-0.107056155144046,-0.00622799531368029,-0.0778111134337729,0.024784516140972,0.0834114631220681,-0.127734927518264,-0.0587911833867061,0.238349096910996,-0.0609723720060885,0.191498507061869,0.06135637285414,-0.0499131585231362,0.11149071280607,0.224930421499015,0.0350221878232612,-0.184770567680978,0.0528274922289422,-0.0488164763003617,-0.0939802558282774,0,0,0,0,-0.0344698462049685,-0.0661803270238748,-0.0803814887510933,-0.136917989492823,-0.222727739876192,-0.268103572216889,-0.370697923901309,-0.903872960348843,0.0332431462579237,2.58353960422321,-2.86279854942162,2.67408807374541,-1.11521497344703,-0.175408394795989,0.966638662478012,1.17905765181765,1.86486022268682,-1.79577853262214,-0.037628816310562,-1.32226508938749,-1.6362592127151,0.100279476748429,-0.557948498909789,-0.534082088434623,-0.489623580274263,-0.488134674223002,-0.439473382501997,-0.441515027554623,-0.505824698948794,-0.436187808692319,-0.377647998067765,-0.307169021489411,-0.286867476571624,-0.274757460335383
106.5,0,0,0,0,0,0.126965275651404,0.0201311365564763,1.9043542722849,0.50081829405036,0.303400752009765,-10.0560375587888,1.12364261122912,0.547652577012281,0.155683175994962,-0.0480336033592677,0.0860196958213856,-0.206763827216296,0.0414613471572009,0.0108341943028164,0.0392569539639042,0.0172455746607684,-4.20712816292246e-05,0.0483574920648712,0.153204921556221,-0.0122120373167505,0.128285846128067,0.0364682890271907,0.0204696246948824,0.138541214960467,0.107346320462776,0.0214607895007582,-0.0774001194167458,0.0241835908630035,-0.0297289488204008,-0.0811099527163689,0,0,0,0,-0.0345846830673492,-0.0665646223492881,-0.0821007619233212,-0.140746802339692,-0.223545618523223,-0.269422994451815,-0.383260432279351,-0.973931724628404,0.0865090871072844,2.51916144541202,-2.96185805250826,2.70121060394416,-1.1081892720731,-0.180895012459205,0.964661658026035,1.25023261646614,1.97198530830919,-1.78133694874282,0.00281772663496227,-1.38453666796659,-1.77576517375942,0.104370760796612,-0.558079473221995,-0.537522073936697,-0.485188684768671,-0.488860646398703,-0.450826499029747,-0.450124666262794,-0.520546711727185,-0.434139288360755,-0.382134714419482,-0.296928063074473,-0.270356423495926,-0.271824365664751
89,0,0,0,0,0,0.128890319150708,0.0403668966792349,1.9953729597897,0.377521760995025,0.26044644832131,-9.0298892632357,0.268665665421719,0.37902197663325,-0.330268550579043,-0.170431365290992,0.0868640002210768,-0.269128609227657,0.00122622576356995,0.0916716927955401,-0.000648631670773132,0.0344369102775708,0.161147747720521,0.150329453129072,0.163460164986053,0.146613217664088,0.0986045901060069,-0.0737241220990942,0.0226653753809638,0.119009726668991,-0.0952090191217114,-0.016021508973585,-0.0543394587742855,0.035979578619675,-0.068539421629474,-0.085912643647363,0,0,0,0,-0.0346995351557585,-0.0669488514889724,-0.0837594224579433,-0.14486488976767,-0.225316386373475,-0.273892836715385,-0.401703419882411,-1.05690538725187,0.137604024364222,2.45991210165213,-3.07982611638223,2.72334101815048,-1.10695045997336,-0.179069000077781,0.96717380474392,1.34008063383871,2.07930379035997,-1.77713171454763,0.0512530340120385,-1.46354254179559,-1.93874824447858,0.111875769333966,-0.554352151047876,-0.539768963881031,-0.481515891420885,-0.488193884715272,-0.464802517056707,-0.458839739052678,-0.524881032105124,-0.43200831384869,-0.386968921188555,-0.285424654894102,-0.252428996069965,-0.273725258476678
75.5,0,0,0,0,0,0.130815362650013,0.0734985378081652,1.44142054394494,0.288455906419477,0.25761088439961,-8.80685057849452,-0.529308280767311,0.848289750079641,-0.304783510761913,-0.0949380584820628,0.208480411340937,-0.309897012492503,-0.0330721322406564,0.00480607819755118,-0.0357135173168167,-0.0296742582439737,0.0908579586760956,0.154621683082973,0.161665263535842,0.102086069757578,0.08093600546496,-0.0335608414196027,0.0218215040421449,0.152659506879872,-0.097124595713602,0.0479426684906864,-0.075071175127972,0.0312746033856479,-0.105135651511257,-0.0306114811532301,0,0,0,0,-0.033906090349349,-0.0654632113861781,-0.083186288063845,-0.14687840888198,-0.22724594556955,-0.282833979913775,-0.42198550353961,-1.16270586037629,0.200988144827672,2.39517139193356,3.06178578732436,2.74012354013877,-1.10827391714794,-0.160822545885358,0.966362714882763,1.45231901572331,2.16166676394848,-1.7931901431361,0.119334496318707,-1.54354119426206,-2.10448139977795,0.115945612230326,-0.552590161723546,-0.543457260415719,-0.479345037770291,-0.487610140707401,-0.480635542033498,-0.466112074949369,-0.521730728466229,-0.428132536027323,-0.394092970929154,-0.280744389052566,-0.237918373232176,-0.276162525359873
132.5,0,0,0,0,0,0.132740406149318,0.103084338535708,1.94163587579098,0.377286396900301,0.263649192549229,-9.04783934593576,-1.10009952697088,1.13422153291336,-0.0902043359640925,0.03315243098458,0.315755258563348,-0.298793235723619,-0.0934678819983101,-0.0940420863710001,-0.0713761192309353,-0.172081989255992,0.0303949572607334,0.055205275076799,0.141006656023306,-0.0230019971441439,0.0384648707515032,0.0304677880245816,0.0696622431418854,0.0776689590155283,-0.0222357387835904,0.149093891496147,-0.017600012782456,0.0339917122099681,-0.0703700707729829,-0.0171400370339172,0,0,0,0,-0.0321820874381863,-0.0621841683948326,-0.0808901267033254,-0.147325981385455,-0.229014447938803,-0.29193237693858,-0.436232192635465,-1.31974481795411,0.340898163775307,2.32942858021968,2.91164649346866,2.75216313728979,-1.10416627397759,-0.133717966596423,0.968219805306278,1.57854703923631,2.21629295462007,-1.83206238893055,0.199819431201874,-1.59329843947366,-2.22670616189783,0.113308170694694,-0.558974758777905,-0.552414602365781,-0.481915800569913,-0.489494525627202,-0.497293284294479,-0.474848565225834,-0.515605527096126,-0.41862192787217,-0.401553424448976,-0.282507579138904,-0.228527073910621,-0.276329773602686
164,0,0,0,0,0,0.134665449648622,0.111966302080875,1.60419760223865,0.502085375955456,0.25633237484877,-9.07945174961446,-1.04513419692301,1.04716824493008,-0.0373336272097769,-0.0165716419786186,0.254319159680947,-0.25323339809122,0.032673457569735,0.0574990249671974,-0.048347527326353,-0.104427173737375,0.14119628347714,0.0657236881241717,0.193483299021101,0.0665101220262386,0.0590072135831623,0.0517243328782247,0.143100215819876,0.0458380250491795,0.0675353875262699,0.106883268751272,0.101472548536182,0.0748445272683383,-0.0830204147124734,-0.07337851845042,0,0,0,0,-0.0304595904819622,-0.0590436347548161,-0.0792911750759072,-0.149099143765241,-0.232348086662528,-0.301712654971517,-0.451517451335252,-1.56744389281311,0.639659666768445,2.28358114150088,2.77707352185585,2.75673177499549,-1.09478463296552,-0.106111330549224,0.984401395194263,1.72733552563493,2.25807737024902,-1.9154862293993,0.294916665998652,-1.62980060902385,-2.32009956878036,0.111047271357026,-0.566435951415706,-0.561065003111321,-0.487385013915676,-0.492763534271366,-0.513705868441679,-0.489846854013599,-0.508090528874927,-0.40710392436019,-0.406237599485419,-0.286233237643908,-0.220799958622891,-0.269862770973189
164,0,0,0,0,0,0.136590493147927,0.103929674432168,1.11543315017838,0.54540138359363,0.247759426001827,-8.62221505871692,-1.12507976009468,0.899281781671747,0.0126223458299136,-0.09781304914462,0.24322879241408,-0.268578908971403,0.155007669443869,0.0987638495874655,0.0279511097243541,-0.150290921354131,0.0637631408309493,0.0195029801214977,0.156997107800999,-0.00502470267282868,0.030983604979749,-0.0451603171806332,0.125712330787733,0.000612505847512508,0.0833081948458531,0.0784326701577001,0.0966316344962087,0.0209699491695486,-0.0994461208755964,-0.0738217668685983,0,0,0,0,-0.0287386077161399,-0.055922496504262,-0.0778537441939507,-0.151600273315037,-0.237171620784258,-0.313759082689607,-0.471476198069918,-1.90032356752271,1.08142823880718,2.24935046593101,2.67015009523169,2.75475126292831,-1.09198347549291,-0.0745193109500022,1.02085369888604,1.86578061451155,2.28831767805309,-2.08026611680292,0.410407602187821,-1.66158918952576,-2.40188179838895,0.108744573496365,-0.569765253625749,-0.570924735290366,-0.493161505987799,-0.496401771216318,-0.524249556888387,-0.50169847747965,-0.500756224339342,-0.404437774122263,-0.408453120115088,-0.29290421672382,-0.222148901608919,-0.267441884363694
163.5,0,0,0,0,0,0.138515536647232,0.0389160264083049,1.15243837961995,0.454023342368689,0.324859668427368,-8.36428082095533,-1.27581934555098,0.72076832786345,0.129314909873549,-0.313349919563598,0.164231286212604,-0.337893717074296,0.123077442706297,0.0842244649713759,0.104820018815973,-0.123503567503987,-0.039574261570917,0.0957237219517802,0.129066006833884,-0.170220932861465,0.0481332680963557,-0.127675576655364,0.0497189993269624,-0.0177638803129144,0.00842472621434834,0.0597010704937679,-0.0120284758130354,0.0509756752106985,-0.0983477680442799,0.000249190597058664,0,0,0,0,-0.0270191473258316,-0.0528165153695916,-0.0765111542940727,-0.154429278253361,-0.242819711545641,-0.327954097974914,-0.503494297856256,-2.26684994068745,1.45520465088547,2.22851751301739,2.59078866262776,2.74970865043919,-1.12186032666604,-0.0263265965623596,1.0743281942853,1.98264044071549,2.31347321639644,-2.30801062274658,0.578455723329274,-1.68816351200847,-2.47320312051976,0.107206181679902,-0.570822520512169,-0.576784195266468,-0.498916017816482,-0.499294088592337,-0.530501932999879,-0.509535100642935,-0.495614930077738,-0.410675192438041,-0.41342686450233,-0.30448430357129,-0.229758768972226,-0.271187246116279
134,0,0,0,0,0,0.140440580146536,-0.13719341629152,0.761674323515716,0.500556882731343,0.480052560267905,-8.3320211143655,-1.1386788407512,0.656584829592289,0.304038586206267,-0.402055624351086,0.372553294670596,-0.254593797920841,0.0326958512209538,0.19682683208041,-0.0452866721770783,-0.0663618013346402,-0.0843496528822294,0.235095004110433,0.166985872503908,-0.234113643129495,-0.0297128906654779,-0.0288784213729114,0.0460789351592934,-0.0379880238878044,-0.0066971521082844,0.0565879962509639,0.0428414691323874,0.00480128221240256,-0.110905407024813,0.0040334514052204,0,0,0,0,-0.0253012174456682,-0.0497256407008065,-0.0753010918486866,-0.157713133903871,-0.24973436975192,-0.346162880634114,-0.557350107057732,-2.60560585615391,1.67645949852162,2.23008149650388,2.5438623876925,2.74560988489227,-1.26596602403084,0.0381006456641142,1.14004021551564,2.09936269947496,2.32971502954059,-2.53943857566018,0.79036561033309,-1.71509831095732,-2.5430956690737,0.105841591318459,-0.574517700694614,-0.575360475844818,-0.504694897561823,-0.506588664165439,-0.538904641283867,-0.515740965806121,-0.492510730121208,-0.417100101936755,-0.42052524746794,-0.320240476565646,-0.24111613053442,-0.276695790096093
131,0,0,0,0,0,0.142365623645841,-0.28627476478507,0.980528327097015,0.559941001302268,0.588669255335788,-8.39150837927239,-0.802435756398919,0.501363369993127,0.24670662816585,-0.282661782087302,0.322289451527515,-0.231005818421377,0.0839210872607049,0.379129353799192,0.033918896542619,-0.108090276348636,-0.154796277181314,0.136174981464784,0.166676577646376,-0.16323127474788,0.0412973350057754,-0.0248304506909542,-0.0414948444446343,-0.0723538346991042,0.0779024864487926,0.00898472605244522,0.0867741748214888,-0.0614637629460524,-0.0484424323368429,-0.0175642156782322,0,0,0,0,-0.0235848261596704,-0.0466498211848149,-0.0743158511424573,-0.162124661992521,-0.259805413012491,-0.369298942499756,-0.625485258707296,-2.8616225827529,1.85434628181317,2.23887196205155,2.51556913033033,2.74094935855212,-1.88472362013194,0.126941524170109,1.20669481526257,2.17970628744087,2.34512593315241,-2.81890025819478,1.0377111997277,-1.74495411711574,-2.62568858381233,0.100173403377846,-0.587010614780002,-0.576320884178483,-0.516486243262344,-0.519446347507971,-0.548257434661638,-0.517516859278727,-0.484368565435277,-0.423027151237387,-0.426579374225753,-0.335674725974506,-0.252532266508864,-0.280553584482066
156.5,0,0,0,0,0,0.144290667145145,-0.354888636188797,1.8552187901677,0.554313829056595,0.626034978645906,-8.90717680334217,-0.597465089129201,0.303001095766198,0.215289949549881,-0.302414309999447,0.170611516634258,-0.266812047913229,0.0856627677303584,0.353291608630121,-0.0908695343322827,-0.180071882324986,-0.172436843360191,0.123673085515903,0.186546417712856,-0.0379880219397431,-0.0407824146358755,-0.0135643070251493,-0.0190382805192242,0.00506929204085119,0.0279513299397608,-0.122301671564148,0.0435546017523315,0.0387735997621465,0.0145752980034328,-0.0529785110887774,0,0,0,0,-0.021869981501124,-0.0435890048677015,-0.0735407126321462,-0.167578094662779,-0.273136107379938,-0.398845111335688,-0.726679372002686,-3.04567669105317,2.0203365529831,2.25249098194771,2.49502280946933,2.73796891376889,-2.58351864840339,0.23859648510912,1.28426831995073,2.2206398380488,2.37239394977084,-3.11216866058015,1.30316377356451,-1.7759157078197,-2.70659846008872,0.0885910293881598,-0.609398447006814,-0.583155050292445,-0.538392329896939,-0.535775637217829,-0.559219733588556,-0.525677652667605,-0.477562436922929,-0.428576441217331,-0.432332556697712,-0.351572152610447,-0.263257988472754,-0.278442583024932
120.5,0,0,0,0,0,0.14621571064445,-0.401581193302384,1.80699311217678,0.596172864700716,0.562619550855005,-9.31179321985326,0.18603684415982,0.689380585302095,0.334613853803564,-0.13993328982308,0.147292699466017,-0.460028986466491,0.00969344540159501,0.342722020962698,-0.0313049901939616,-0.160175641988349,-0.213602810442175,0.152757303235597,0.230154514296202,-0.0364011587307124,-0.0245013099532951,-0.00161036251869065,-0.041870209104126,-0.0258831950936831,0.0462408389294316,-0.137362665854636,0.0388306733710465,-0.0694572988384673,0.0410255841616934,0.0343359618660437,0,0,0,0,-0.0201566914524591,-0.0405431391766548,-0.072995072893972,-0.173863577808438,-0.288629365353454,-0.434946905568893,-0.878425875055883,3.11719305385953,2.17166224071526,2.28191462838901,2.49071827444352,2.73640157252578,-2.88308416618736,0.364791013331812,1.40280923358499,2.25698948140393,2.41760090267321,2.9266041450955,1.53260340555454,-1.80789505110493,-2.78443525607178,0.0370281094700864,-0.703701401621947,-0.665236749538095,-0.628537822227676,-0.618283371672262,-0.630232284211259,-0.595375890563676,-0.525234907709494,-0.471322515732972,-0.471184473726449,-0.394012189343293,-0.297944295969392,-0.287537973008376
85,0,0,0,0,0,0.148140754143755,-0.411639755222251,1.38661952774464,0.454249573017405,0.375396320822153,-8.986061621193,1.06686579894809,1.21858319449018,0.580898407991387,-0.0899560386479934,-0.0417882974966588,-0.306821834115595,-0.0297456667771525,0.0329298067218077,0.0551767421982331,-0.078774670344451,-0.178040548226896,0.176498775171128,0.1893726036962,-0.117670405779839,-0.0487570893045188,-0.0680407034962213,0.052364142876785,-0.00794068719287851,0.0703408498269276,-0.141764424890485,0.0993625655625363,0.00608239100572815,-0.0221427992401563,-0.0528050466472924,0,0,0,0,-0.0184449639451331,-0.0375121709415551,-0.0724483639648882,-0.180223509070858,-0.304423862513173,-0.473105482686256,-1.05219368930221,3.07045391109083,2.30353371270327,2.31554309679356,2.49616211752562,2.73436412202115,-3.0898720187348,0.52209353307668,1.58096698074353,2.29765818067041,2.47924255386407,2.74427511435696,1.75613484466349,-1.84185451375424,-2.86275250284075,-0.0106811309046733,-0.789195642902561,-0.743387595531171,-0.709482762309029,-0.695068753641675,-0.694440164757195,-0.660075641372671,-0.569907252445933,-0.507980709653604,-0.505033135825558,-0.43098752196579,-0.330714717424197,-0.297377778484125
84,0,0,0,0,0,0.150065797643059,-0.378347158961938,1.44162356552688,0.319512005361904,0.170349077451094,-8.66455390218078,1.57760927810189,1.09780846662695,0.756501575249612,-0.109869858915347,-0.235167227681878,-0.403351251016824,-0.291774717363214,-0.143547396128883,0.258667759984305,0.118475212544828,-0.208594034219573,0.0642118396402717,0.111444388355567,-0.113601743732612,-0.0689977756988873,-0.0173125378552356,0.114580405752399,0.0189269514502523,-0.0088490639314186,-0.123140912075129,0.0529412316737071,0.0159489904528954,0.070124426707868,-0.101137109779538,0,0,0,0,-0.0167348068595171,-0.0344960464162204,-0.0719314182228024,-0.186565071660388,-0.320137433779686,-0.511644518139378,-1.22048409420939,3.04642879542432,2.41066837540268,2.34701373842467,2.50610107979087,2.73590053404404,3.0121201866818,0.723401931340028,1.77280617522181,2.33951455875354,2.54768277859076,2.61457801786566,1.9721381867373,-1.87873774850264,-2.93080956447559,-0.0133806784557565,-0.792289976144894,-0.744151955062685,-0.712741288288658,-0.69457555063613,-0.689317074306551,-0.659923501597737,-0.561820603753524,-0.500658353172963,-0.500507958277719,-0.439231320758635,-0.341420846467352,-0.297311717134053
84,0,0,0,0,0,0.151990841142364,-0.359757697659047,1.86683519505284,0.328964688188219,0.0921344551359515,-9.63283975238304,1.31619783741817,1.17467272342361,0.635417151904871,-0.0753412281577611,-0.179009634565706,-0.396889831437819,-0.28799368543624,-0.134098658709229,0.140357053927891,-0.0184161598311,-0.163895482045614,0.0979084292875243,0.154604636064397,-0.045187834442296,-0.135625032184856,-0.0171982885683318,-0.0502796294932797,0.0852673879810419,0.0199401497696074,-0.0692470426736664,0.0624531480473954,-0.00526507768387436,0.073180093195575,-0.0327572033566108,0,0,0,0,-0.0150262280247873,-0.0314982754159976,-0.0719167453967347,-0.193799100359506,-0.337178592828767,-0.552155626003905,-1.38258547962127,3.01997115273246,2.4996080176029,2.38155655537597,2.51568277917178,2.73511491753146,2.87052618497451,1.01851424895982,1.93724471275902,2.38214510584843,2.60865827364662,2.5000090697783,2.12414369345671,-1.91205521548755,-2.98285453948126,-0.0130224413065849,-0.79416838150139,-0.749728465714953,-0.711655404604936,-0.688250368192338,-0.682661642646895,-0.65689518092855,-0.561481114831124,-0.497874861701042,-0.498208830485636,-0.448031626669156,-0.352836012475615,-0.3020747543212
98.5,0,0,0,0,0,0.153915884641669,-0.354672955502994,1.5867497541291,0.514668762699918,0.153399997667549,-10.1853261500666,1.17916271154619,1.27881693646319,0.67145916712253,0.11628138170615,0.00361027749269045,-0.267523949082079,-0.192996456222481,-0.143176253167092,-0.0561310155813625,-0.105006406689841,-0.0424620212053032,0.0489998401008543,0.0609615154664953,-0.155376384495617,-0.180247156468854,-0.0111202573866962,-0.0391954116597012,0.156751722706391,0.144249107809729,0.0127687654380433,0.0722934265067202,-0.127330868119904,0.0496961828184215,0.0719826572830768,0,0,0,0,-0.0133192352188172,-0.028318414030931,-0.0713374172592716,-0.200078992250903,-0.35344341156126,-0.592458371134084,-1.54854819283174,2.9930197561657,2.57293864986189,2.41385114585569,2.52357822771443,2.73205463302949,2.78792424245955,1.38296268436975,2.08037028567711,2.42472664026062,2.65535445529212,2.43592348963858,2.2013066741299,-1.93663245383773,-3.01053089392387,-0.00237184469847638,-0.778696454170591,-0.734160108345319,-0.685183705851464,-0.663141346372602,-0.663577701286503,-0.639854994243578,-0.554150411664453,-0.483185255642639,-0.488172229600573,-0.44884084002027,-0.3572215868367,-0.304064401485293
112,0,0,0,0,0,0.155840928140973,-0.395160024637883,0.688452283145588,0.499457472946135,0.21263111873569,-10.4434361697336,1.13433198517249,1.23903980444356,0.511481849042824,0.000815672504797119,-0.0580092081720892,-0.26842731835149,-0.0806225404541901,-0.150697878034252,-0.100254497599779,-0.0780880491982931,-0.0779737820779886,-0.0148340782201799,-0.0285175140204723,-0.0862167881348095,-0.175299804502102,-0.0628210779181855,-0.0282066810488925,0.0263417962020311,0.169037760564671,0.124773227763152,0.076658328274763,-0.0515121111223298,-0.0474594151800232,0.0318737557884208,0,0,0,0,-0.0116138361680765,-0.0251543247260024,-0.0705047324122727,-0.205814315288397,-0.370120363657118,-0.636352448806376,-1.7089188861379,2.97114434821615,2.62972837347667,2.43784946259053,2.53489726099866,2.73079953662361,2.73948766953291,1.68668640511295,2.19643231061718,2.46172668121159,2.68612577295186,2.40926907706504,2.2511053829444,-1.9562910447112,-3.02494237277424,0.00541660534300256,-0.760407487077691,-0.712308898163399,-0.656906367120555,-0.639471114155275,-0.642764837705093,-0.619217285020622,-0.543719258245732,-0.463715425389347,-0.472579515869088,-0.447282753991609,-0.35981142891712,-0.301521833424771
126.5,0,0,0,0,0,0.157765971640278,-0.445582710907575,0.69065774603198,0.346000737374075,0.231611390096562,-10.4778561314314,1.03613154089621,1.12479164063656,0.378705750335211,0.0646060759143409,0.0641877141176908,-0.225982338891864,-0.00915682201999447,0.0827742380032813,0.038082345934339,-0.0970159652735257,-0.109467051607594,0.116123899533464,0.0140770741194302,-0.10022021696226,-0.181900009314922,-0.159155604536156,0.00282309240189163,-0.0128325307356062,0.189537952028066,0.0705325490906306,-0.0358295909783952,0.0557444223375799,-0.00759609060918446,0.0555659895132672,0,0,0,0,-0.00991003854753237,-0.0222163894030329,-0.0703667846190434,-0.212557181265892,-0.389010533598545,-0.686352875123266,-1.84855876550013,2.9591963131713,2.67399902693621,2.45601297135038,2.54566553743689,2.72662334857233,2.69718846473208,1.90441399781238,2.28451397790633,2.48995286757932,2.70219498046439,2.40487426955146,2.28367262324752,-1.97793354699022,-3.03835072014127,-0.00670583491771965,-0.763515870240312,-0.709810886465667,-0.647486171105925,-0.630069962747148,-0.631637844192021,-0.610015915323064,-0.54314055309526,-0.458460117719446,-0.461065265238929,-0.447590157546428,-0.365595535400771,-0.299346587226064
141,0,0,0,0,0,0.159691015139583,-0.444474448952567,0.997672601439502,0.541125158948906,0.250603644210657,-10.1841915698121,1.124977126983,0.712012451117787,0.298596501137957,0.0538054118599412,-0.00119584883356361,-0.257204961168296,-0.113708636279621,-0.0189254184927777,0.0429813977244232,-0.135991844484443,-0.230457840721031,0.0146775580152617,0.108896774942446,0.092664385540176,0.028889528953006,-0.184879257297462,-0.0140362422831137,0.0298888790991662,0.0971095381546716,-0.0537809441839445,-0.145290796556538,-0.00648088327372753,0.0196111854224453,0.117046851378868,0,0,0,0,-0.00860005980562517,-0.0200865676283673,-0.0709700966524928,-0.219935066446495,-0.41010019806346,-0.743790728755416,-1.96876293739068,2.9567483077491,2.71509492868818,2.47406220919136,2.55495617130087,2.71762048692897,2.66175811714507,2.07686637097649,2.35675116503293,2.51497621354574,2.71283827970951,2.41582917256608,2.30830391865336,-1.99534084158541,-3.04996472895596,-0.0265809625892605,-0.770636870106305,-0.708197509122277,-0.632990405760643,-0.617117255829886,-0.621783341137356,-0.602811490405708,-0.5439236262387,-0.457854746470383,-0.452662133829212,-0.445042292094912,-0.374300977506189,-0.298890870817454
141,0,0,0,0,0,0.161616058638887,-0.410882747218468,1.82212685259272,0.698131659543482,0.250225906997326,-10.1591305694696,1.39031908347051,0.526580309090252,0.0813020813095666,0.123151732151066,0.112654391296581,-0.208984352867078,-0.11054664539285,-0.1416592863039,0.234356748813244,0.00234388354210364,-0.172197108651846,-0.0781655988978992,0.0848466241608693,0.112435596868613,0.13713406215007,-0.223170910640045,-0.0579048916341357,0.0176107997818495,0.110137786187175,-0.0547811385811672,-0.0347581896057804,-0.028626663992431,0.0023159729727679,0.0427321974265837,0,0,0,0,-0.00769328034738774,-0.0187795373554789,-0.0723318972672677,-0.228022635098233,-0.43354432970831,-0.808828080329919,-2.0611015900764,2.96358480000283,2.75927749526342,2.49689367957295,2.56896197810491,2.71379895694467,2.63669273809738,2.22536103587439,2.42725760978908,2.54066683555798,2.72558016147764,2.43226574746367,2.34038586323187,-1.99962941041287,-3.0572337321662,-0.0492835452509198,-0.777661037124495,-0.705413302109891,-0.615077805285844,-0.604653369450501,-0.614102554679164,-0.596029546475057,-0.54736086132574,-0.4593845842056,-0.448188507398843,-0.440398555441864,-0.383978448366154,-0.29825016417459
130,0,0,0,0,0,0.163541102138192,-0.36942232448662,1.51109649665659,0.642149320378457,0.331617320220384,-9.9164930687354,1.71432027869778,0.521771491311813,0.193319796438623,0.283734383171633,0.182810278496734,0.109686913405525,-0.032316190273546,-0.203866199480508,0.325296972436953,0.183383487653512,-0.00242622670085597,-0.134453927695475,0.0185920153578202,-0.0546176882137563,-0.0282091540417473,-0.170193478532535,-0.0716631921450192,0.0281393742934436,0.159908631206069,-0.0578416090006476,-0.00326044434019591,-0.010436592913991,-0.0239722166289469,-0.00324478467520874,0,0,0,0,-0.00678699472276034,-0.0174753981236468,-0.0736915546488152,-0.236427746053211,-0.458300396671739,-0.87566970040394,-2.12848682790231,2.97276261234884,2.79920726076706,2.52552005683865,2.58538154042077,2.71373483847116,2.62544366358439,2.35030371175245,2.49146646285737,2.5678764219087,2.73885413919734,2.45005837364607,2.37758032217346,-2.00630952399876,-3.0598336033359,-0.0756166463793966,-0.791416146605461,-0.69934016288137,-0.601623040683535,-0.589460910671952,-0.602694897128072,-0.589174356398877,-0.547212569584777,-0.464807998233041,-0.448146932646562,-0.437604737182809,-0.387900666167349,-0.296585896559142
118.5,0,0,0,0,0,0.165466145637497,-0.371883871526337,1.59418803493899,0.538312516796404,0.483259983270746,-8.87030755410933,2.6985289819648,0.475948390540373,0.144266441281111,-0.370919230494993,-0.228936224375206,0.192172931130385,-0.0837167673107636,-0.153730235963722,0.120286955598087,0.0501587022824418,0.140250911534805,-0.373187930135438,0.0668248579484873,0.107699592314567,-0.0114075782520006,-0.184021661094587,0.100258247821463,0.047992287676736,0.163376948414829,-0.174652524874683,-0.0428752096222355,0.17158915056548,-0.129906288579636,-0.0462021891650663,0,0,0,0,-0.00588120401598266,-0.0161741447727841,-0.0750490688375092,-0.245387088077997,-0.484725128094085,-0.943631814412671,-2.18690970473366,2.97948032004569,2.83149729666193,2.5560604108192,2.60142241860638,2.7107072185708,2.6237231214982,2.44025251222266,2.54995117828826,2.59441428952673,2.74954561994277,2.46805956558921,2.41161618476259,-2.01744125920496,-3.05753142205103,-0.106863597675068,-0.808759531330227,-0.685648184550694,-0.594611412143811,-0.570171987939498,-0.587538618695277,-0.581065213129896,-0.543029165688904,-0.46983929856261,-0.451925078047783,-0.438136629993818,-0.389308640269252,-0.298626455554278
118,0,0,0,0,0,0.167391189136801,-0.374345418566054,2.23033370437631,0.619950049247385,0.521027258841034,-9.09883532440934,2.39810442460895,0.506633173011996,0.133098883723281,-0.437438738033384,0.0424100654745834,0.0506936493879908,-0.0545319956711671,0.0298287975650382,0.154074155419091,0.0662597546928841,0.189549519108981,-0.494886787439525,-0.0212654855020099,0.102750738644728,0.0306311121399867,-0.0760017056020484,0.00164059803514584,0.023950923995694,0.17800514673868,-0.0198299773981774,-0.0978983684312184,0.0207076464592144,-0.100432228221175,0.0637620519924228,0,0,0,0,-0.00497590930686184,-0.0148757721265231,-0.0764044399051932,-0.254518195804046,-0.511794178877863,-1.01219990239409,-2.23854638789573,2.98852180041782,2.86139435951134,2.58485924282676,2.61750094990764,2.71025611115469,2.62672300343193,2.50313354212089,2.60258282144823,2.61707613473827,2.75910154688145,2.48748894675159,2.44330152349369,-2.01891279749568,-3.05428544821455,-0.148333411929716,-0.826832569839119,-0.662841941420105,-0.587590987715662,-0.551302678015109,-0.572609137984853,-0.572471724641884,-0.5386528181869,-0.472825014923396,-0.454491083806368,-0.43473625794918,-0.387942701936158,-0.300571296227136
93.5,0,0,0,0,0,0.169316232636106,-0.376248430422031,1.26822472524741,0.555720610868466,0.476636603638502,-8.42593242192171,2.66340594280211,0.0600658517326594,-0.0204719074351956,-0.332891064184315,0.105302338301159,-0.0500584501165217,-0.413358143930175,0.175172566199741,0.182643294982405,-0.128233695179325,0.315414392429587,-0.531113447957952,-0.0235365358904545,0.179656586061623,-0.104223173731336,-0.129597153251353,0.0512221795520963,0.185690079240404,-0.0418899984364424,0.0167442484499041,-0.014226462364732,-0.00972140109758919,-0.0220457876351509,-0.0371403558640666,0,0,0,0,-0.00407111167077124,-0.0135802749925398,-0.0777576679549791,-0.263874788146822,-0.54006649626475,-1.08299874225673,-2.28331480271365,3.0068230904296,2.89532611478045,2.61603428836373,2.63497882374435,2.71736853927329,2.63439621356854,2.5571001834652,2.64875297952396,2.63801867068694,2.77104736727772,2.50852485363814,2.47668850169978,-2.01116119768648,-3.04851799249493,-0.204799228485979,-0.851976722426344,-0.630460682532091,-0.582956614769591,-0.535532550148008,-0.558017655471044,-0.564969760493114,-0.524902329706805,-0.47238807606004,-0.453794821270891,-0.425417080575891,-0.382135561374152,-0.298877305555177
80.5,0,0,0,0,0,0.171241276135411,-0.371297754101438,0.637627192957995,0.534613567215256,0.519447281733691,-8.9347199648469,2.47576643688547,0.169290956350074,0.0416541994564505,-0.334744746327295,0.116634850905892,0.0827576304075181,-0.317061537342347,0.213843636407673,0.375891862852067,-0.132864582810917,0.290083013315915,-0.60785593661049,-0.150641144202239,0.267295844979728,-0.127322143070053,-0.162314686244454,0.0309794685439206,0.263819907702509,0.135098863313668,-0.08906317604096,-0.00102206105824768,-0.0944685186897866,-0.0609343105265027,0.0853545373838744,0,0,0,0,-0.00316681217864773,-0.0120151077086273,-0.0783460323560023,-0.272294741336899,-0.567481325505528,-1.15212569637878,-2.32344898910482,3.02663758144902,2.92675364549093,2.64579547048449,2.65255416555381,2.72379808620875,2.64046298961371,2.60428003105734,2.68507509548256,2.65708073190018,2.78119637969225,2.52495118166134,2.50290991153111,-1.99332946426263,-3.03972510508184,-0.27604345794287,-0.886504618430838,-0.59320158143561,-0.584756610950809,-0.518581283736691,-0.540475699202289,-0.559480294482319,-0.502097813855003,-0.46731626505403,-0.454955676761009,-0.413570769482905,-0.37747133918649,-0.296119172364053
92,1,0,0,0,0,0.173166319634715,-0.357616589680161,0.923728406653402,0.680434238571608,0.579911395528228,-8.97374349003281,2.46988477490094,0.372201362646226,0.110693612663149,-0.149462460032068,0.17457164143646,0.132417701466938,-0.187586025056144,-0.0474977148417693,0.335114986766309,-0.308588020472807,0.293732971843048,-0.396303112305524,-0.0538566697883117,0.143861037334953,-0.139248006994708,-0.0749721594667909,-0.153999374922118,0.243373891508568,0.121255821712689,-0.050539520581838,0.0290397348611318,0.0142357795402849,-0.122810135456961,0.0478126844416253,0,0,0,0,-0.00226301189699055,-0.0101740460776798,-0.0782076018932199,-0.278979218789108,-0.591513733891166,-1.21183669548205,-2.3538504456147,3.04231617320118,2.95181835751024,2.67162696745644,2.66886708978939,2.72634936926686,2.64173288676436,2.64014336189753,2.71052076395553,2.67293761423704,2.78423145574554,2.53605318497441,2.52269559478088,-1.98328906098188,-3.03231395099015,-0.357451628509457,-0.929241745491002,-0.557021345611313,-0.585029460035565,-0.497250431240908,-0.520776535567309,-0.556631457573849,-0.478104550548758,-0.459019975263886,-0.460053628436338,-0.400662477135265,-0.375452462503586,-0.295023930390109
92,1,0.00585843643606373,0.0237812128418549,-0.0824479878199159,0.00924361910789551,0.169929568732687,-0.354648110975919,0.99975153983881,0.66602796600878,0.572187843236585,-8.79985099704834,2.6358983656251,0.0857166524784796,0.0426146409568215,-0.404883672955732,-0.0760354317472131,0.0563786839916227,-0.484072928584628,-0.0985841969077961,0.54610453799456,-0.553263388419238,0.338907414906815,-0.495911398763579,-0.102044607819931,0.167110436823285,-0.223117141301847,0.0716510835633543,-0.200168108003717,0.189883146903291,0.280105618725998,-0.226547888738832,-0.0141052808181794,0.150972111310078,-0.178144730835643,0.0609250637706018,0,0,0,0,-0.00135971188785949,-0.00840449137269847,-0.0783232360699772,-0.285146492179357,-0.613744868307963,-1.26234495851997,-2.37245215988464,3.0598538582099,2.97656313492046,2.69776416119352,2.6881612814175,2.73250571134924,2.6397816159661,2.66904265487972,2.73151012341258,2.68816738685545,2.78344773693616,2.54629602786644,2.55380524827191,-1.99527310612594,-3.02142417258478,-0.441135826703946,-0.973004769393045,-0.522015156251396,-0.586085075141348,-0.476773989451712,-0.502887677194191,-0.556201371948988,-0.453078288988464,-0.44464530217772,-0.464365279244844,-0.388580907020765,-0.370013871100479,-0.294984605561439
92,1,0.0995934194130834,0.404280618311534,-1.40161579293857,0.157141524834224,0.0967739663944173,-0.356491083436599,0.779862686037931,0.678810595351717,0.475933343809936,-8.62602989691499,2.76546978977708,-0.00585695839492722,-0.0762432398082446,-0.234600015257699,-0.0476562805368301,0.183118265952439,-0.349194030400451,-0.0376966736788068,0.689823842641813,-0.531289111645174,0.395695082798906,-0.473021271373575,-0.0223634193045524,0.106384339784544,-0.186743670645296,0.107151087147068,-0.261479360835548,0.139721325414079,0.300849959870591,-0.236424714933712,-0.0162603962487816,0.103048126674775,-0.0855569425916533,0.107477443438887,0,0,0,0,-0.00045691320887347,-0.00694313346823814,-0.079186860411616,-0.291569269607553,-0.63524424870836,-1.30641609795262,-2.38448223209933,3.08001979090549,3.00122653614629,2.72292648641863,2.71293957002769,2.74292017799045,2.63794609386573,2.69828266454363,2.75222664673878,2.70407454855523,2.78337300283645,2.55847645903697,2.58645969724217,-2.01520247063439,-3.00868364416672,-0.527028129899363,-1.01752476304777,-0.486842505318456,-0.592152009297418,-0.45848391220006,-0.483260589278322,-0.55874951961091,-0.426514314938411,-0.42714468730923,-0.467264225800717,-0.376699121288612,-0.359209443774853,-0.294652312201872
92,1,0.104369804146278,0.433523445889512,-2.06847169735538,0.140127813826345,0.0974754007079505,-0.348482714160433,0.711855595854625,0.656226112090625,0.429960567824965,-8.38921487600817,2.81359029443099,-0.13368061568908,-0.0368511800325404,-0.200448930963086,-0.00979811096078887,0.21931595896425,-0.210308745777128,-0.0712764333318316,0.807347700706059,-0.548726902081667,0.408994899801604,-0.589178864012176,-0.0320117942784003,0.162660056299104,-0.290373878581925,0.216417778497823,-0.258390558896923,0.0677653213420561,0.319113923874617,-0.275710949060106,-0.0334971446569805,0.076831873243451,-0.0191680075409047,0.0825866420781895,0,0,0,0,0,-0.00679354019507554,-0.0820373408757934,-0.29992937040992,-0.657323788498522,-1.34585395024794,-2.39097784432458,3.10242218683882,3.02580625488671,2.7479019542638,2.74156397623571,2.75508972159593,2.63904527707092,2.72571506845424,2.77185692438881,2.72054615654401,2.78572233314352,2.57166327064334,2.61132078869901,-2.03487151204065,-2.99255301857598,-0.620876990846652,-1.07021297778888,-0.450813732829804,-0.600220390934682,-0.440767636080619,-0.456373184810633,-0.560471276388827,-0.390220963126014,-0.40835367951598,-0.47577129765872,-0.365189477810261,-0.348142389820377,-0.296395279498321
91.5,1,0.094656390365911,0.428127709481248,-2.24022944600673,0.126945960656773,0.0850909178691483,-0.33342008896863,0.763770558192536,0.648447323133977,0.476194119621023,-8.21482837245044,2.73450601319721,-0.0888135576627755,0.0101074379608934,-0.330662548642483,0.0214651774079123,0.13714750952111,-0.12625450508763,-0.201544471551982,0.815056115210713,-0.507476600362833,0.321541509441237,-0.662971766125313,0.000661061253373779,0.283358930650609,-0.36088259290082,0.240798323749839,-0.288911155578438,0.0969369496340914,0.247574722014108,-0.220766103471319,-0.0371626945708377,0.0836965483254844,-0.0410584476742762,0.148776499699137,0,0,0,0,0,-0.0080730170303543,-0.087063556983336,-0.310603720218678,-0.680832480344508,-1.38269666322033,-2.39168887475167,3.12828799395688,3.05069697076557,2.77392033531751,2.77049946399752,2.76729224937841,2.64180771064109,2.74884406108548,2.78883788086941,2.73761393493994,2.78827196069778,2.58456279818069,2.63363857212267,-2.08432035745062,-2.97692342289331,-0.726183427208278,-1.12517094089417,-0.411510501377678,-0.608425367720635,-0.426891630229151,-0.432768390763957,-0.563039386601937,-0.347954453795509,-0.383231755882838,-0.484555210196603,-0.347199466906942,-0.336660591327162,-0.296285403390617
90.5,1,0.0869089023645698,0.452402806461258,-1.94414857592973,0.132366308217555,0.077429867441758,-0.319958611949108,0.705813002823076,0.653117539544862,0.507681313448723,-8.21847742873224,2.77990052525978,-0.0790969926851463,0.0998176338206352,-0.438010412329435,0.00991786045075466,0.104802798518685,0.00615100053562837,-0.34262634742082,0.778285256002607,-0.398242958892059,0.270782082128966,-0.740934016156082,0.016795639334997,0.396057717927059,-0.388286045043197,0.233361628375167,-0.264321199942828,0.167271124699881,0.155507434320064,-0.170648062563733,-0.0719066450420346,0.100623391964796,-0.102133326739611,0.246009571934344,0,0,0,0,0,-0.00935413993366552,-0.0920535775709994,-0.320966337347239,-0.704668115969958,-1.41772311040849,-2.38862758784574,-3.12785839895833,3.07394894649974,2.7995842678331,2.79922226859498,2.7800826325937,2.64385097200111,2.76884343540415,2.80453621574645,2.75437968626871,2.79197405155359,2.59778146666363,2.65494899730743,-2.15061888750204,-2.96842581373339,-0.84164519316488,-1.17790559697713,-0.363935251764973,-0.611341542150793,-0.409291513474393,-0.412614629423013,-0.572031543987329,-0.304307847274503,-0.353570811588893,-0.486733583146324,-0.317654967650407,-0.3209215536237,-0.293301961064
90,1,0.0770784949345918,0.458305128772394,-1.74919916678907,0.153100295518768,0.075754643984146,-0.316157783588536,0.592202207467716,0.65545984759823,0.536682324262121,-8.01560907773312,2.78155911156315,-0.275265113785694,0.0540436805649736,-0.379804787448629,-0.00738107190925025,0.0852767701417646,0.14871943280528,-0.371047292899837,0.680880214237456,-0.44487984896446,0.250324893342919,-0.636750274023982,-0.0527551003109425,0.443947815454133,-0.443792710237356,0.272411959183335,-0.291639649283457,0.188536441042129,0.154023805759466,-0.125435715559487,-0.0289932806146507,0.0579533984323281,-0.188565580411482,0.327958274193042,0,0,0,0,0,-0.010580423495329,-0.0968808326988266,-0.330794172277632,-0.728338912081093,-1.44978782837552,-2.38097053873376,-3.09998027784658,3.09534817546029,2.8253097954772,2.82894445225801,2.79333828434073,2.64335321498953,2.78673869008538,2.81887340234393,2.77181366786791,2.79781886367517,2.61226842553056,2.67507480443734,-2.2023532035022,-2.95732390700951,-0.938775494879023,-1.20351166682322,-0.303220099779424,-0.612455701593245,-0.376473967684142,-0.372136927871021,-0.570544685638628,-0.242328041177431,-0.307678724065197,-0.483023046459417,-0.287022494395483,-0.307545369037604,-0.306588770726259
89.5,1,0.0729591576887959,0.464266334705864,-1.46664473591614,0.157082207954397,0.0703437709470459,-0.316534332248412,0.579783421297656,0.665590361265686,0.525775896628209,-7.86851708439452,2.75845763686872,-0.388652967711837,-0.120328895033701,-0.258938489007167,0.0342404350262375,0.126113095458022,0.0501335714131917,-0.240542921349823,0.597155170240839,-0.495889938136263,0.122100630458697,-0.482665671981068,-0.0551379222737376,0.498074044302245,-0.366080952901592,0.121598779834802,-0.217706891018533,0.0641224025893268,0.184763310384397,-0.0882012488800218,0.0105408275349731,0.0922941611695396,-0.144957931288517,0.236500130294628,0,0,0,0,0,-0.0123456866752929,-0.10286060900655,-0.341550977335395,-0.752495790587086,-1.4787458697426,-2.3690373071155,-3.07163014550177,3.1147330057909,2.8506890222217,2.86008658602666,2.80689176453844,2.640973253453,2.80735831561293,2.83247637445277,2.78892851646538,2.8057452351654,2.62758970266336,2.69344041561563,-2.25489336044523,-2.94192728315027,-0.986840658773909,-1.19453416669603,-0.258764978225035,-0.612930318279879,-0.333788918726968,-0.31405094092828,-0.550509567613086,-0.189790060100219,-0.261210672366486,-0.471351957851116,-0.263911375611071,-0.299930753808384,-0.328985113587583
89,1,0.072630520371111,0.475889830508475,-1.178648211646,0.152402734609654,0.0661234567901235,-0.316540551891971,0.698800145573694,0.680186693418465,0.503371173733602,-7.77466912367443,2.77658545756343,-0.491137849322792,-0.192437405034815,-0.192325690374536,0.00999442875481645,0.15384157524804,0.0610233748929689,-0.13445580638624,0.491706618579688,-0.448007171191588,0.06518294552957,-0.43621520596806,-0.0624168814609416,0.538714169611849,-0.232408094342062,-0.0407512128969883,-0.101953221399069,-0.0352212861455077,0.174543440616797,-0.0643680516466287,0.0185751887118225,0.129632013109774,-0.16626940258834,0.208553212575333,0,0,0,0,0,-0.014356071655453,-0.109266604265341,-0.352279039510165,-0.77595212067675,-1.50336313402228,-2.35274764163494,-3.04262645399917,3.13146960088967,2.87407508861351,2.89056492166445,2.82078866072274,2.63806666145143,2.8322171393382,2.84591176800457,2.80448875273217,2.81573551955171,2.64402125321259,2.71159384465139,-2.3083847730932,-2.92589551278425,-0.953503026616818,-1.13871627659268,-0.250545441626252,-0.61480716504282,-0.322133100900796,-0.280639450378876,-0.538768944674264,-0.193838560160846,-0.247738146918845,-0.46149743608511,-0.27263441559013,-0.308913506017399,-0.350067312629683
89,1,0.0719716311917644,0.482344861267971,-1.1605465447743,0.14757109061389,0.0658346136496987,-0.315974580048787,0.821016223270834,0.674288359956018,0.537460624183689,-7.70129732886463,2.8589087446455,-0.553169305677134,-0.284097934201211,-0.155546793085833,-0.0257889736580473,0.191159240069476,0.116561161113008,-0.134059972394042,0.439387204298649,-0.486811968945647,0.0845956560850807,-0.497423902595547,0.0324164045609952,0.489975627638513,-0.150056502532427,-0.0975901564918292,-0.0717921749878943,-0.0443920280281715,0.102042877194675,0.0309345046026146,-0.093867642376264,0.187403795314168,-0.0865755981550602,0.0842968090126783,0,0,0,0,0,-0.016369416755261,-0.115403957864676,-0.361905971143598,-0.797092861742377,-1.52417997556109,-2.33332853583319,-3.01255790762975,-3.13686473957666,2.89689944304904,2.91824888401868,2.83442548406977,2.63483977701171,2.85877190318637,2.85927933397112,2.8201199310112,2.8263865718023,2.66208410935643,2.72882243827934,-2.36453180488925,-2.90987603835294,-0.857657421557852,-1.04496533744606,-0.25702934270157,-0.61689106869429,-0.350855587641488,-0.290016269826249,-0.546299960943938,-0.230585297832927,-0.256090380040593,-0.453985097864462,-0.300215852704447,-0.323796512864177,-0.369212291509456
88.5,1,0.0710619391520697,0.4848753090565,-1.46654363856254,0.147276119828907,0.0651506364274595,-0.313805854232757,0.808985710911445,0.661137170492106,0.604162209987856,-7.72722615156698,2.94218140891918,-0.625659224070621,-0.389280840761458,-0.109822674298678,-0.0685023661049306,0.265030863918327,0.0533374695128581,-0.116779249537466,0.50175334441779,-0.616416426585846,0.083947307810453,-0.43963840769178,-0.0203379074187212,0.529493084797385,-0.191562291899883,-0.121734437870851,0.00665260535504375,-0.124992049810405,0.169932776752147,-0.0788603356015466,-0.0319400487588868,0.131414957449453,-0.028773911201453,0.0260996748298781,0,0,0,0,0,-0.018385712158925,-0.121524306773454,-0.370799805991997,-0.816556102442502,-1.54240440406877,-2.31199418888691,-2.98133934177659,-3.12323784193375,2.91928230860701,2.94276290218443,2.84596364829229,2.63071702936967,2.88522827590296,2.87176787720526,2.83587582145046,2.83805515467888,2.68072829061185,2.74600582761456,-2.42815642802815,-2.89351045638972,-0.750381980829489,-0.969919326080609,-0.282323688333421,-0.60740394219858,-0.387754810196629,-0.32077247987601,-0.545680878422843,-0.26044034576105,-0.278684798091018,-0.444064619058463,-0.316892191758506,-0.331413090101301,-0.369894917986432
87,1,0.0722746397055512,0.502253851043126,-1.83491451267995,0.163817807252437,0.0623459231214893,-0.312391162955839,0.701446721738929,0.669213481018495,0.61938698989265,-7.73088721162783,3.02041704088152,-0.724412356309962,-0.34811370450672,-0.0638651668647855,-0.0802947522767973,0.325993448530783,0.0539685251852297,-0.0912021112358519,0.509243184949791,-0.59169994558298,0.0465221644304779,-0.45533374233298,0.08573456324921,0.556912005348742,-0.271882676915961,-0.0179182652385834,-0.0847944190049272,-0.0648427357579677,0.160538593783912,-0.182033035380895,0.0885863837151917,0.0607700325723353,0.0562244762985565,-0.0157188916544777,0,0,0,0,0,-0.0204049479259116,-0.127989111466647,-0.379633291430587,-0.835510450947018,-1.55762602050928,-2.28807670775466,-2.94881062803046,-3.11168064723361,2.94008754370997,2.96195782270354,2.85597291526705,2.62485114375101,2.91091756365759,2.88252549718402,2.85042518966645,2.84976678038182,2.69806387903361,2.76190227662359,-2.49123638400636,-2.87547963277764,-0.640508991940459,-0.912552970703336,-0.327861299482118,-0.598430361308739,-0.426914284335669,-0.354799569953504,-0.527881666026381,-0.27352268145598,-0.30228478794654,-0.440290265908801,-0.336090089117833,-0.339935800783311,-0.360486797859608
85,1,0.0782234100885445,0.534358055730182,-2.08096149776,0.169649532857325,0.0652226620926601,-0.312359187004554,0.672518928170514,0.622300179408728,0.605993345271157,-7.7067525965832,2.96782283473493,-0.838771759993168,-0.201337715549592,-0.120686562434034,-0.0969396744235342,0.321899115469502,-0.0399218344787416,0.0205072010666124,0.422459126264319,-0.624759895749334,0.0383500944883246,-0.42783070004894,0.114520242706132,0.600322433466463,-0.411320452889334,0.106433109004698,-0.175176829666322,-0.0193493418196777,0.123692781302854,-0.210635312379824,0.1648185088042,-0.0089060598822456,0.0973442735145807,0.0279011563524693,0,0,0,0,0,-0.0224271139907652,-0.134950329391807,-0.3889242106583,-0.855084084279028,-1.57115859937709,-2.26181689757695,-2.91714963381787,-3.10243850438556,2.96015472226293,2.97521723997946,2.86562214515304,2.61651097074325,2.93739142758392,2.89101441428314,2.86281782566968,2.86075088366614,2.71345638910004,2.77593317092201,-2.56196150610325,-2.85766024622965,-0.535019312073918,-0.858777827628818,-0.379806814909701,-0.598425158024126,-0.461930590436141,-0.388705280300596,-0.514446097608465,-0.282300429893103,-0.314113921183262,-0.438209619217633,-0.354156494254531,-0.342666296604863,-0.35015261009158
81,1,0.0625651800299876,0.482255206843306,-11.0467870805688,0.474198271531142,0.0507706421513611,-0.315335771469324,0.787916513122732,0.621030501628599,0.596534840609247,-7.65528958801418,2.89742142433148,-0.905781571232355,0.00874049529995614,-0.275908460952928,-0.159983337213326,0.326579652755447,-0.145442885544544,0.133711723496737,0.350721083374249,-0.550444611323537,-0.0475900279453322,-0.393854029947961,0.152388608385955,0.456606494644528,-0.38234076926032,0.170832242341054,-0.23946210509255,0.127962033663659,0.0198834175740724,-0.263467224601236,0.201432697069789,-0.0123755524251763,0.137446948032722,-0.07775690309198,0,0,0,0,0,-0.0244522001629376,-0.142264397345314,-0.398521205347414,-0.875031990101309,-1.58257878721969,-2.23205805479785,-2.88364228061972,-3.09272849816075,2.97932721962137,2.98201860764399,2.87261863747229,2.60558030060553,2.96603190365544,2.89761969639888,2.87222853285981,2.86976859337067,2.72779032816679,2.79118830627364,-2.64679656971965,-2.84525835543838,-0.435514003673468,-0.814969458627538,-0.435148707845391,-0.599826286884499,-0.483986053112633,-0.415355931093447,-0.507824161291756,-0.298087022449884,-0.324516947453309,-0.431472187388834,-0.366284648383635,-0.341958222287861,-0.341518001791508
75,1,0.0466334436367277,0.429086445885874,-20.1229896076527,0.782528238218489,0.0362096363049522,-0.338401629268846,0.883331219817127,0.645379122612777,0.577143588628647,-7.71107081528081,2.88006810127685,-0.897525710462555,0.138598731669953,-0.22595022899636,-0.271059678705998,0.358689369300191,-0.277076070821314,0.255263600495076,0.387219067318428,-0.472598977959342,-0.0458135321811943,-0.420589846673874,0.246800582050612,0.223917240886018,-0.271803987905773,0.116750118640442,-0.126526682898639,0.193144605515386,-0.0128968195379411,-0.268238051610707,0.181017987218024,0.0115927129937992,0.194646690118825,-0.258339023973368,0,0,0,0,0,-0.0264731424708767,-0.149150390137004,-0.407060300059806,-0.892983195435573,-1.58974741231572,-2.19940684333982,-2.84765075588652,-3.08190237351557,2.99782955092796,2.98510426073979,2.87622634750296,2.59427789925281,2.99758595469557,2.90354556456067,2.88005333810611,2.8753126485701,2.74190925397975,2.80700052863368,-2.73251774391257,-2.83508675086284,-0.344937224135024,-0.78444646246426,-0.48878583679297,-0.600567593311679,-0.496127538492878,-0.433642477834061,-0.502666140973525,-0.316632415633929,-0.334412952133211,-0.420165636695245,-0.375605068404245,-0.34257737754491,-0.340782854702447
72,1,0.0344057446600934,0.381486981041517,-25.9293465109121,0.977320351569494,0.0284388544812743,-0.364088224800917,0.851041878795513,0.585774570931541,0.552369011418631,-7.94839797473114,2.87089961410804,-0.92178669488838,0.253285599727682,-0.0969204143111711,-0.449090265002427,0.340424613040743,-0.420561918804738,0.349632809574387,0.391749036744779,-0.369394194175793,-0.0504360476792641,-0.443021167626362,0.326058073163426,0.0422405634506795,-0.197592224364911,0.0484879530722986,0.0222402437525451,0.157900981219191,-0.00927126254949586,-0.224995659533682,0.0276335441463228,0.0998971777022971,0.171656703175544,-0.235520729810802,0,0,0,0,0,-0.0288874777435328,-0.157281184274414,-0.417090284396487,-0.9098469576127,-1.59290173866608,-2.16394257248049,-2.80896702431491,-3.06965687616037,3.0180357803142,2.98499035989134,2.87665288985185,2.58202401224374,3.03952917585239,2.90820087269535,2.88730673988725,2.88017377811886,2.75775839524152,2.8225731892092,-2.82728846571254,-2.82057070296117,-0.263999061458132,-0.764986726344392,-0.54109520762169,-0.602434870129759,-0.508690602658531,-0.45556542398893,-0.496009314514005,-0.330649707945935,-0.341634259044327,-0.408700701889829,-0.385431085291062,-0.343239349924682,-0.340037345929914
91,1,0.0313576166724883,0.347689684825214,-23.6321729551281,0.890736045782606,0.0369935048824604,-0.37352314649541,0.993827258592894,0.5110306759713,0.53871479355907,-8.19800473348349,2.82278161673292,-0.813185990688865,0.260585879812357,-0.0404097459626904,-0.604846881460615,0.285897711866535,-0.355919597623542,0.495117435368055,0.327587703148276,-0.264589104811318,-0.106289086714051,-0.424201128836985,0.399663477698427,-0.0859745765097297,-0.19230608906934,0.0672999138193838,0.0302399593192258,0.217075987135125,-0.0384771738157686,-0.173415837429322,-0.0302126542545342,0.0963394878718223,0.128564201408423,-0.262628150994598,0,0,0,0,0,-0.0313024624244247,-0.166016647784823,-0.427729679680928,-0.924179523940046,-1.59275806760166,-2.12888800485571,-2.76913049364843,-3.05717743502242,3.04051250521508,2.97779455715729,2.87745157236639,2.56778047217294,3.09070365729577,2.91005975536147,2.89498847001951,2.88757860999395,2.77559125128315,2.83879492995456,-2.9254880871798,-2.79647279894722,-0.191826952717353,-0.752623631298975,-0.591512799166938,-0.605621803263448,-0.526520443277332,-0.482645426689724,-0.493373321056331,-0.344429898186337,-0.348839439338653,-0.398897059788721,-0.395155881114939,-0.344938488848211,-0.336207546831005
110,0,0.0283094886848831,0.313892388608911,-21.334999399344,0.804151739995719,0.0455481552836464,-0.43697034432902,1.20954177145584,0.481744942941391,0.565603645196603,-8.54181031398772,2.65121919111638,-0.597378217597126,0.45624069162192,-0.166617659311524,-0.604715071139564,0.0294349343334714,-0.486581035969976,0.309712036741713,0.366408383248691,-0.163546494020189,-0.156918636607259,-0.286799149738361,0.257186172562068,-0.0120462966872544,-0.259790309893705,-0.0804242365708135,0.0314485768794737,0.274701771030898,-0.0510231811986957,-0.210224827444119,-0.0344718217610735,0.22199742099951,0.158470393530155,-0.273226987742863,0,0,0,0,0,-0.0332994662162158,-0.173867360919487,-0.437294536783922,-0.937263915111831,-1.59328678359463,-2.09871411728345,-2.73274476967883,-3.04623399499744,3.06322127146502,2.96679105838333,2.88786344267208,2.55763927359739,-3.13542386191593,2.91002255940821,2.90627133560849,2.89954623037332,2.79288046408461,2.85643339845975,-3.01515185711661,-2.76381077148225,-0.131716010974993,-0.745650963716232,-0.636463623406089,-0.608465118379683,-0.546499560488115,-0.510605086534718,-0.497671357202761,-0.35998629472887,-0.35630460339022,-0.389909655899011,-0.394835156206194,-0.343794042117099,-0.327260737693625
146.5,0,0.0252613606972779,0.280095092392609,-19.03782584356,0.717567434208831,0.0541028056848325,-0.500437364513838,1.29940359973093,0.364658387382573,0.612063749426843,-8.87315731142769,2.67459985008167,-0.304467352370871,0.575375064199017,-0.158445766843587,-0.426553463350308,-0.12152229035049,-0.463553237228555,0.149585410696931,0.283038657739734,-0.115796903598648,-0.23722936797902,-0.202877782122655,0.197711102498134,0.0217491065936203,-0.201948817150478,-0.163615396120507,0.0861694054241107,0.194823618311132,0.0992351610433087,-0.0740961433099452,0.0325446662023373,0.297590501229425,0.0533478411855776,-0.259804524483184,0,0,0,0,0,-0.0352984366888924,-0.182341200797746,-0.448524985137999,-0.953017289628062,-1.59652467103489,-2.07172799568244,-2.70030196497205,-3.03967367739385,3.08319487701527,2.95463489090364,2.91001359822617,2.55463197206417,-3.0685115329909,2.90655520768789,2.92079579006331,2.91336054750648,2.81028855989174,2.87574535064992,-3.08689575449478,-2.72645211665158,-0.0884812675201723,-0.747562743944983,-0.676840303174693,-0.61408223689451,-0.563450735060007,-0.531390416921035,-0.497152191190251,-0.373035553188913,-0.362820957923247,-0.384519192921642,-0.383902599737667,-0.3386665091125,-0.312780277016491
146.5,0,0.0222132327096727,0.246297796176306,-16.740652287776,0.630983128421943,0.0626574560860185,-0.507029120930936,1.47003346639157,0.348175721889373,0.623389860673597,-9.09276457405233,2.82150630665562,0.0911744538671697,0.313862939820505,-0.0204190956784645,-0.180475838465832,-0.300599884135341,-0.224718459885591,0.0902005939954312,0.107463209281669,-0.178111086188966,-0.416615595107035,-0.328741393064879,0.0683328973474225,-0.0100702044212123,0.0133558616957633,0.100258523796445,0.162659898936255,0.0644990611420195,0.118473407513664,-0.0800272083379557,0.0166844045842999,0.123144684604157,-0.124222651858736,-0.14142977178305,0,0,0,0,0,-0.037299360750342,-0.191150978047231,-0.460671679961881,-0.969822339773175,-1.60049042166364,-2.04782512290167,-2.67358461818349,-3.0420954803455,3.09525831368092,2.93701567479063,2.92837004103882,2.55549449177066,-2.99270134880505,2.89789143565474,2.9368967586838,2.92490920757549,2.83197308704839,2.89072261259082,-3.13811010817235,-2.69151413884883,-0.0603067804048324,-0.751473647175028,-0.710478666843781,-0.627189955042593,-0.577983564358941,-0.541152995177217,-0.491597590299067,-0.385372634289645,-0.369992095757711,-0.380970567171847,-0.369153310525742,-0.332664656816246,-0.300418300685214
124,0,0.0191651047220676,0.212500499960003,-14.443478731992,0.544398822635056,0.0712121064872046,-0.513997198802383,1.37962921964387,0.437768117682175,0.626711765711903,-9.11566146325352,2.63676350452807,0.43289972522308,0.534642169754023,0.111441776286181,0.0986042066196778,-0.150956989991289,-0.162794327736253,-0.0185436120028057,0.0107495494245818,-0.184609754891531,-0.48224410663879,-0.214379344437949,0.120901485419352,-0.0910950938315286,0.100725524960823,0.0918974827371161,0.153177559932096,0.0241984338120619,0.158730225741284,0.113658815278655,-0.0944567978758647,0.00573613916477891,-0.191631123992344,-0.0631586295614304,0,0,0,0,0,-0.0393022252202786,-0.200005372024786,-0.472966354895276,-0.987022042930457,-1.60519900432275,-2.02771517338898,-2.65093285874789,-3.04821877264717,3.10060735876584,2.91627872993778,2.94139065386405,2.55137530698989,-2.91113923861698,2.88708065766207,2.95092048750653,2.9341846387662,2.85465898018444,2.89922739613937,3.10137354919071,-2.67088102763464,-0.0477286535015338,-0.757740310994983,-0.733407343356288,-0.643471001733095,-0.588348765421304,-0.541112563461048,-0.486416083498449,-0.399753471431843,-0.380466545658015,-0.375392819831219,-0.352016827204134,-0.325429603773733,-0.289764297055362
139.5,0,0.0161169767344624,0.1787032037437,-12.146305176208,0.457814516848168,0.0797667568883906,-0.518371465449886,1.85403803820841,0.398142403976476,0.650721231175546,-9.03539286979334,2.90899140387816,0.586982952217838,0.52239228798878,-0.133493992944697,-0.239384088180409,-0.0826441025398453,-0.0223697106436453,0.157960687662067,0.111771752753543,-0.122213450464053,-0.235218390231202,-0.0480463674036564,0.245812890420813,-0.116897227379385,-0.0797530405372072,0.112786680093614,0.0239762638193293,-0.0170932584372174,0.0404277270321553,-0.0297424706163297,-0.0856017192892699,0.127259796903403,-0.0332221693940937,-0.096929771699906,0,0,0,0,0,-0.0413070168305703,-0.208903323810454,-0.485407945916879,-1.00477860081381,-1.61062638511208,-2.00979961686191,-2.63040767896197,-3.05313338261056,3.1042952470067,2.8956300115727,2.9486542303651,2.53950003068606,-2.82461330956981,2.87558068036733,2.96143910161662,2.94434847191123,2.87371419822834,2.90651877974926,3.06219312307225,-2.66480967856732,-0.0478276654844781,-0.764060475714712,-0.740223620550808,-0.653974072686746,-0.590233426874969,-0.530328989389701,-0.477349749427509,-0.413186242784761,-0.390280560134272,-0.366972421625853,-0.335005735856527,-0.32108476818406,-0.280843055413832
141.5,0,0.0130688487468572,0.144905907527398,-9.84913162042397,0.371230211061281,0.0883214072895767,-0.518511988794659,2.49591440409283,0.35796588238481,0.668563292695216,-9.60647122808817,2.83493480549635,0.767832124503634,0.546251275740399,-0.0667276323169664,-0.13455881892429,-0.0931890110787503,-0.220729640191541,-0.0741367912885316,0.0470842988970951,-0.235946203837192,-0.318796442911929,-0.193430303784133,0.146111730030141,0.0109763474179839,0.00582565309382302,0.104946020385232,0.0983819487967474,0.146676381136979,0.177073136591828,-0.0184228037595341,-0.0974904423658281,0.102192438083704,-0.152821815179109,-0.150236390010953,0,0,0,0,0,-0.0433137222255777,-0.217926098485167,-0.498189496279603,-1.02345094334856,-1.61681056022098,-1.99389671191663,-2.61539521839622,-3.06188038298193,3.10482935593032,2.87256791239621,2.92433697288762,2.52612458135047,-2.72873730177433,2.86497317072489,2.9715885185191,2.95521504975112,2.89042288873781,2.91616706261036,3.02948395453182,-2.66410437146991,-0.0552134814381294,-0.766949447058694,-0.733450927716789,-0.660782233367157,-0.591252552377116,-0.516373590270348,-0.466101412819113,-0.4187866909685,-0.397069693983714,-0.35901092551872,-0.31884417345984,-0.31738525735743,-0.273052696683869
142,0,0.010020720759252,0.111108611311095,-7.55195806463995,0.284645905274393,0.0968760576907627,-0.519495033750237,2.06097641716622,0.410975491961901,0.620558740571129,-9.49174416912948,2.81226210733316,0.902574938373767,0.539518720772883,-0.0943963420990946,-0.125135105070516,-0.110851620296485,-0.0830793183819235,-0.0232842821043438,0.207266121027769,0.00216725658483365,-0.394334734872769,-0.206488877210138,0.187368625459737,-0.0721222470239057,0.0386989285537604,0.0845777996077492,0.0168777484694636,0.0537382017157058,0.0922839093143585,-0.0950455076131113,-0.0574179991016273,0.127409012285415,-0.0184019371059188,-0.243662409525352,0,0,0,0,0,-0.045322327962498,-0.227282846697216,-0.511845127096476,-1.04398030469125,-1.62460494333428,-1.98013608391506,-2.6073249038509,-3.078384003736,3.10016475320142,2.84348648297665,2.8378453149213,2.51171261943406,-2.62822802525762,2.8549957151515,2.98093627368254,2.96351429423285,2.90932082568572,2.92678810183621,2.99439305235864,-2.65491863026666,-0.0698168727429576,-0.768472467310112,-0.724133903762602,-0.669152660574044,-0.598548761299578,-0.502592284417297,-0.456214684684598,-0.419973332734744,-0.40571117419756,-0.355379059278569,-0.300089584831973,-0.310526693277817,-0.262236438312997
136,0,0.00697259277164684,0.0773113150947924,-5.25478450885594,0.198061599487505,0.105430708091949,-0.515583782055097,2.06097641716622,0.532927250885058,0.527998690876187,-9.93671127381541,2.83617352711138,1.03986319311032,0.637665756801233,0.0758051425823824,-0.117862888598132,-0.0545821848605479,-0.0636853954895155,-0.140552317402971,0.0519047080826646,-0.10084079167431,-0.463616235223862,-0.25853991255897,0.166309173745079,-0.00980747658647976,0.174208461249442,0.136476808812232,0.043014489823497,-0.0125454101743287,-0.0458736670273488,-0.000476675390589093,0.026848921589342,0.115183218084278,-0.0780608173510802,-0.157257284868747,0,0,0,0,0,-0.0474706434099887,-0.23717115391792,-0.526552444074545,-1.06775886457168,-1.6368487488712,-1.97056207029973,-2.60516587528399,-3.09823617809171,3.09377314870051,2.80986894963427,2.73534333305217,2.49864921859021,-2.53413475601312,2.84647261514586,2.9903785901491,2.9730837285407,2.93229042568728,2.94072191003731,2.95544088927378,-2.64012191014531,-0.092292399932462,-0.761005084487755,-0.711957693993823,-0.672603114635517,-0.600872802848064,-0.481015943668097,-0.44636568370694,-0.423800194033606,-0.418925182683899,-0.356859038096499,-0.279633841272081,-0.304062639456336,-0.255165325920262
100,0,0.00392446478404167,0.0435140188784897,-2.95761095307192,0.111477293700618,0.113985358493135,-0.50804254831819,2.49650100645111,0.403890669851374,0.55554896644479,-9.91569730984342,2.67157224490235,0.930847415891893,0.448125448398224,-0.0573105285054675,0.169866329242256,0.016472218455951,-0.0825296882493562,-0.194841712075829,0.051843934151323,-0.101707369100451,-0.311418255946237,-0.135196196399627,0.18476738055011,0.0154638473326271,0.106323024574655,0.00738847919892631,-0.0358291911500989,-0.0864071110904595,0.114928549914838,0.0179245235090388,-0.0836959423021689,0.104437377139119,-0.0127946346343288,-0.0694983868124907,0,0,0,0,0,-0.0497622944711595,-0.247427001772076,-0.542264243962898,-1.09511426778807,-1.65454071118127,-1.96622163667636,-2.60639198732992,-3.11808050092763,3.08586598587542,2.7723519461479,2.62802580534476,2.4885054806511,-2.44594166390625,2.840921833723,3.00175022023371,2.98604504460239,2.9567379955748,2.95717647640357,2.92278079204485,-2.63434229016315,-0.125723559370746,-0.749763539383779,-0.692766776040156,-0.670758732099127,-0.591342479837206,-0.451139548530865,-0.429055972603917,-0.422308429973309,-0.432083486979331,-0.361803441078022,-0.264495964310239,-0.299913529925843,-0.251319075265765
69.5,1,0.000876336796436488,0.00971672266218702,-0.660437397287904,0.0248929879137302,0.122540008894321,-0.484897272624121,1.57114985523205,0.403780633729602,0.608069955631043,-10.157429577694,2.62657004032498,1.09877867596324,0.638815663416292,0.283904977524187,0.141383279716411,-0.0641410518335465,-0.0931315497576028,-0.0484271114375478,0.0359351640150575,-0.280825155961391,-0.488238851361577,-0.204002035070973,0.233985518313208,0.0698600720055609,0.0879769807297523,0.0709114074626276,0.0434770312494477,0.00392233979614729,0.0141669031738343,0.0261268398679224,-0.0448578915822966,0.0114059643776483,0.0395206767396353,-0.106981142890141,0,0,0,0,0,-0.0519198028703195,-0.257365448404153,-0.558177416951485,-1.1240823133939,-1.67529404439957,-1.9660614752943,-2.61037698288357,-3.14136516800111,3.07538665406117,2.73039256136219,2.49108872420665,2.48211673844292,-2.36274986917635,2.83616141177795,3.01280343127934,2.99879300736759,2.9817081211397,2.970441602344,2.89080060149977,-2.63366411346611,-0.169840540371869,-0.74278634124027,-0.667978084683288,-0.672230380896875,-0.577172855398866,-0.414012061798749,-0.398593277884433,-0.412520163205489,-0.445375422574822,-0.370109721388926,-0.258412092275929,-0.297299780472604,-0.249131269160666
68.5,1,0.0310303980723652,0.12719298245614,-2.53123232291268,0.162244494874278,0.101302494138419,-0.441023550454605,0.645734156198064,0.57455505887462,0.557508440600375,-10.3428309126603,2.32361845691273,0.930166568018686,0.669944198647276,0.390543377328445,0.101095224153495,-0.0642639084153766,0.0570026091524944,0.0345507683043922,0.0957246205883231,-0.0848280268121311,-0.367578645078847,-0.29312388976101,0.132535193670889,0.0818639357428973,0.0502658660040278,0.0348119717005902,0.0793189669186146,-0.117947221087105,0.197822691963504,0.100878490063645,-0.100701912106993,-0.0980014268186135,0.0133796580777496,-0.0842641383622171,0,0,0,0,0,-0.0534598186376148,-0.265571013598681,-0.571535917561473,-1.1491945395382,-1.69480526604814,-1.96783135320923,-2.61664957233528,3.11369260727227,3.06393380376164,2.68811388198228,2.37779171305307,2.47966960723925,-2.28008351145949,2.83090064786602,3.02362345145654,3.00906275770857,3.00357075885972,2.98068996480537,2.85826598706474,-2.63649731986574,-0.219429745042028,-0.738208098478136,-0.640867077916113,-0.672736610867223,-0.564925429635307,-0.372915083545616,-0.36548582357961,-0.401533483017117,-0.462235810683056,-0.380814706681063,-0.259936109746042,-0.295154011244849,-0.247379316718125
68,1,0.0608984892961373,0.251423540222461,-5.1722335374313,0.344701258075524,0.073548008197131,-0.417993711130494,0.631655970023623,0.56601316766468,0.555274449703038,-10.4376011599787,2.29080321385435,0.810984040873122,0.67354107487139,0.187947926880777,-0.0206261578962303,-0.160234092538918,-0.126874996252961,-0.0287267247574171,0.0183535274063925,-0.173687743529489,-0.290621105490032,-0.206472367919382,0.0959002168273111,0.0206681097506022,0.0296606639734327,-0.0356925212905143,0.0811591034596841,-0.04003694838198,-0.0314669082018438,0.0716127342951248,0.0800595021880821,0.066953729846932,0.0278011652960135,-0.00160020436895897,0,0,0,0,0,-0.0539121168624367,-0.270842121748273,-0.580153305686011,-1.16608945056968,-1.70983087242643,-1.96995257268042,-2.6248326722756,3.08377201600163,3.05153221854381,2.64804139129134,2.3019663490341,2.4727565292397,-2.18722743895681,2.82377444329899,3.03253943814044,3.01669321033098,3.02199828676077,2.99024179843822,2.82481917730501,-2.6467750920196,-0.271976555066443,-0.740588277592769,-0.614811127024315,-0.66486970345866,-0.553214870377478,-0.33339457441113,-0.33472890399961,-0.389353268089885,-0.479252973972443,-0.392211432612702,-0.264985410142059,-0.290856479855265,-0.241703981740791
68,1,0.0568556828662481,0.241119454344825,-5.5540383777998,0.415004800082369,0.058153396311291,-0.425328192635233,0.593959059658008,0.58661156944606,0.580199241133303,-10.1942815970834,2.36462017521974,0.74752482006598,0.804711237718607,0.0985608509666264,-0.179188981473031,-0.355097949593775,-0.267147036308787,0.103350693166565,0.0964725438398271,-0.259187462139199,-0.243623919079957,-0.190001697354328,0.145175887455618,0.0804938265396048,-0.0220841265932959,-0.013638782113516,0.0910871765703778,-0.0356984609852126,-0.0302537310348043,0.0813444345688523,0.0594479903692081,0.107681458837481,-0.0236256901726425,0.019553168897822,0,0,0,0,0,-0.0530715052397585,-0.27276537400476,-0.583507238788431,-1.17414769212257,-1.71986028898996,-1.97339454297427,-2.63649218875222,3.05492611727144,3.03865190198365,2.61281894518261,2.2415421656165,2.45987245592497,-2.08563614428988,2.81482519952895,3.03849230342271,3.02216511339596,3.03771404493023,3.00174054244728,2.78819612073059,-2.65852424110152,-0.324622262109563,-0.751185682480632,-0.591829741795355,-0.650765901513971,-0.539638287281945,-0.296922885000039,-0.304439734016475,-0.375421913456995,-0.493867481175563,-0.404182266086387,-0.271305754262438,-0.285261710414488,-0.23699314640288
68.5,1,0.0590965139177944,0.586650641025641,-4.36038850891026,0.420584189768725,0.0552476851851852,-0.432317129902446,0.713047707453464,0.609786985514116,0.598013334082118,-9.97288502153078,2.34219907651756,0.658520738623496,0.905015119142401,-0.0018182375200129,-0.244675644064207,-0.543554853435798,-0.363894115792276,0.154902386166168,0.0055835662756823,-0.367258074355912,-0.151093805571368,-0.141205675505319,0.257670800325538,0.045430981072055,-0.156619393003551,0.0507378580522951,0.03914871459402,-0.0490672080455234,0.0492724518174559,0.00763329544592332,-0.00822036211436347,0.134806700459493,0.014644059798821,-0.0454815868558326,0,0,0,0,0,-0.052215616629264,-0.274208846248572,-0.584732460307363,-1.17392249941485,-1.72402860965756,-1.97813361029223,-2.65059399978388,3.02814523602335,3.02583582953631,2.58142183293292,2.18300343726916,2.45083156564403,-1.98585342358606,2.80547561811628,3.04361198601331,3.02492564962509,3.0491263938955,3.01775753675621,2.75233530061884,-2.66762694851298,-0.377093619647234,-0.77095624944085,-0.575288000676247,-0.63681093366775,-0.527733419663985,-0.266440409368311,-0.276758219728159,-0.358216664251666,-0.506519371002631,-0.415153900546629,-0.277393720072859,-0.275533826136567,-0.231021577474155
69,1,0.0643216379500328,0.802660168111163,-3.6683473448135,0.393388943042125,0.0568491222425546,-0.452024944289585,0.939622395546956,0.597858908197634,0.612002781731999,-9.72961129151322,2.25138148268332,0.510174182589954,0.955693385330282,0.100423554798662,-0.372700325857999,-0.560389022924664,-0.384620455343519,0.0688434829905505,-0.066690252044981,-0.288077073898849,-0.10603455278986,-0.135222056779957,0.348090040185564,-0.0906204594095589,-0.181004642996845,0.153848682449243,-0.00825784091339919,0.0695242591421663,0.0181687622277079,-0.0275409025748698,0.02712421590892,0.0926290204024583,0.0692281305433491,-0.110791479415758,0,0,0,0,0.000109002999145746,-0.0512080470571307,-0.274996424803042,-0.583633400572706,-1.16524212908668,-1.72286454242678,-1.98459903485542,-2.66661666809876,3.0017719279643,3.0133817420395,2.55087180982362,2.14484078079271,2.44794232862438,-1.8967190834456,2.79707858869999,3.04839486271906,3.02498208846396,3.05787148851724,3.03584654963281,2.73682340358063,-2.6740619432653,-0.432768409467237,-0.802082674831279,-0.569483257914504,-0.622980027007828,-0.508389649673723,-0.238882023969941,-0.249272511066711,-0.340952277505297,-0.519815360429638,-0.426017098527173,-0.282255742781815,-0.262831334888379,-0.220606662144147
79.5,1,0.0729765931286707,0.592896582812175,-4.71219032062379,0.326638133948692,0.0624313780691347,-0.471340789920582,0.918316818873965,0.589420411526105,0.555312730712669,-9.62743576437571,2.27623040920177,0.457637744222662,0.948464611516634,0.283036970315097,-0.429485902012536,-0.587505822337204,-0.391515364184999,-0.0201895577189447,-0.0481459587154934,-0.164897465968322,-0.109198842715657,-0.155102190183956,0.398834038784458,-0.201910870118658,-0.0724395547842367,0.215528410246975,-0.023360875545341,0.097993769929644,-0.0780034029415589,-0.0145159328438892,0.0450079614361349,0.067332860988139,0.125460068778884,-0.184466406084238,0,0,0,0,0.000329771892694391,-0.0488477252677599,-0.272425131005426,-0.577383520919159,-1.14811441173329,-1.71675719194245,-1.9909162422018,-2.68284437961872,2.97382721367635,3.00120971801165,2.51997488359077,2.13693837486877,2.45064265860761,-1.81078514746497,2.78892398300593,3.05304109544181,3.02172108526189,3.06494660464323,3.05231932988008,2.72896404444142,-2.681902104044,-0.493168165289547,-0.847778515194364,-0.57198924947766,-0.606238415897631,-0.475082041900914,-0.210798631023837,-0.217854600641708,-0.321324217539255,-0.529767595599155,-0.434103793932281,-0.28538041603625,-0.251158668899567,-0.209642002131435
92.5,1,0.126495257206613,0.388278072393284,-4.03899950898834,0.183008879497494,0.0880217451695301,-0.471472152889089,0.845333103976796,0.611844027994099,0.485979750047875,-9.63146493548172,2.46497961749117,0.520442703612386,0.927085202839688,0.375872437912087,-0.414744040789861,-0.553828684157444,-0.418160083161359,0.0409093842499616,0.0301883761844572,-0.0803482395787765,-0.138744359341553,-0.170893145700837,0.41283129095073,-0.197624523740828,-0.00377057094943669,0.246799509828732,-0.0178205212299993,0.075694265907162,-0.11743497316082,-0.0461101047096014,0.114724303881039,0.0219901104031278,0.171907606532118,-0.213353248467471,0,0,0,0,0.000550547511279716,-0.0459976786761833,-0.268512865644833,-0.56885007569954,-1.12689631699642,-1.70745958925715,-1.99610248406143,-2.69864485389608,2.9478251597125,2.99125720831405,2.49099627128901,2.15014734696893,2.45522304689345,-1.70804555553632,2.78119763425686,3.05754217924542,3.01463309981972,3.06736624623894,3.06843638756387,2.70913763833364,-2.69531752399278,-0.56082286226215,-0.921321958963697,-0.584490903880156,-0.591995425190835,-0.437150134426946,-0.180229033992584,-0.175230635611864,-0.285409174019878,-0.524748375568566,-0.430618506976205,-0.280067824169713,-0.236824416430839,-0.203208922101188
87.5,1,0.118192248195029,0.663986198766223,-4.18519213580215,0.184246793132675,0.0957202527951636,-0.47286913335414,0.943882794766558,0.632130037383217,0.47564188868914,-9.70472810053235,2.43854024357652,0.655031796813585,0.762915712999263,0.342416135752015,-0.320596985905541,-0.617682434367417,-0.475772789462909,0.0762197266390981,0.00049729202691897,-0.0490673967763612,-0.17432390456923,-0.189489203159875,0.433228000223077,-0.21441856469497,-0.0109927776044622,0.204952386890307,0.0230197254926,0.104579472991803,-0.170448038909904,-0.0568841307231378,0.0664357973638524,0.0646984308627083,0.125727754990979,-0.131167648790572,0,0,0,0,0.000771329833685997,-0.0431509340267224,-0.2647148314871,-0.560239710716001,-1.10543579362574,-1.6974747417285,-2.00093951904078,-2.71412476090769,2.9266941409897,2.98316538800468,2.46515552550772,2.17773956635018,2.46069821637053,-1.58467353250925,2.77450645087669,3.06149702201033,3.00602094829238,3.06656945083083,3.08591753577504,2.69012403109003,-2.70779950121761,-0.618128540435903,-0.995021339252713,-0.595440560803102,-0.574902868212167,-0.401689651989301,-0.158334996402875,-0.144511880781497,-0.25903904854457,-0.525117443517065,-0.428598015757483,-0.27489930321826,-0.227987624236346,-0.20185039180455
79.5,1,0.107381109229931,0.644826431124668,-5.35536253709032,0.304186270526554,0.0894410379391201,-0.480395920865682,1.02169221570992,0.604484390044455,0.480125908581449,-9.51782076489752,2.39002706512418,0.849248705859619,0.702620535376841,0.253031837296641,-0.0647641027841598,-0.644471375737874,-0.386491585487768,0.140027479036312,-0.00617733328876658,-0.0652720252665761,-0.209682964545336,-0.226623336121491,0.414330683428667,-0.143129189150344,-0.0970510806685159,0.0952933318307885,0.0752554064288732,0.0557206384836359,-0.14520068163832,-0.0400175379345741,0.0477869428461088,0.079038455509057,0.0808608335716794,-0.132603094295776,0,0,0,0,0.000992118838693587,-0.0403075316432174,-0.260500080628582,-0.550711705073934,-1.08214838168237,-1.68457755152897,-2.00402678158737,-2.72910494127241,2.90873214599491,2.97562753406144,2.44411533660741,2.20557016810841,2.47094451879837,-1.4534430093705,2.76779999175444,3.06658219319664,2.99844811827613,3.07142377328669,3.10305496757054,2.68394072025572,-2.71662120805405,-0.610796397330932,-1.0007099770007,-0.586280285871386,-0.551351085025515,-0.386897608202018,-0.184261892740862,-0.177617521591284,-0.286887376547916,-0.545682094196403,-0.440767185898159,-0.296612559249922,-0.246537163736821,-0.210766235425331
79,1,0.0960178648214705,0.444866815437995,-6.12634402283492,0.484663523378428,0.0837617202716536,-0.488800794959915,1.0200859277194,0.640604641419622,0.475908870390757,-9.33892159764017,2.36758377654716,0.860229283980148,0.722564572137054,0.208126373301069,-0.0131007894220304,-0.721930765267088,-0.346408298070996,0.0743405002413104,0.00415259033075915,0.0297541859362138,-0.233478176242718,-0.22988537416363,0.416172171145999,-0.147587114242268,-0.209427747529236,0.102657000821991,0.0889196890053521,0.0188106509215127,-0.0700350439584246,-0.0579574419299835,0.0161440539522392,0.124522930208231,0.0554377154734686,-0.125693300951329,0,0,0,0,0.00121291450507899,-0.0374675115387113,-0.255053507701642,-0.538804219665675,-1.0541095632764,-1.6664797059724,-2.00578137267541,-2.74589507020211,2.89186200877695,2.96955103287373,2.42807776246541,2.22202596092931,2.48082620228131,-1.28667382990295,2.75997764762374,3.07376311203871,2.9914791788154,3.08335671890536,3.11670852700201,2.6865347263056,-2.72510654863494,-0.548288027874382,-0.958421435829623,-0.57181667545005,-0.538550235391346,-0.40017565639346,-0.257820772565644,-0.257376980761042,-0.33831789817957,-0.555460263509711,-0.438975079495741,-0.320665904245472,-0.276580174166703,-0.225492374321773
79,1,0.0827019173165818,0.316292455111085,-5.91515059704007,0.621490230636,0.0847350608988336,-0.488499281948321,1.01738043121198,0.740199571423261,0.481024982617253,-9.437075120818,2.51044965444845,0.862839446530136,0.722752781097203,0.206923212058909,-0.250887434646939,-0.788459947174245,-0.298740609858398,0.0774239286946442,-0.0136592845466151,0.081926937283566,-0.401370675871922,-0.174517459070403,0.518104718786098,-0.107835907807216,-0.237939364753907,0.0131994021210401,0.0180022458259132,0.0989866669443527,0.0146334129573207,-0.0796053311573541,-0.00962462896830425,0.235435219086803,-0.00741604782784612,-0.182449931254466,0,0,0,0,0.00143371681161482,-0.0346309134128772,-0.248167186200572,-0.524132597746495,-1.02071958564601,-1.64271544697193,-2.00651730179267,-2.76291840287001,2.87647317453661,2.96495188404416,2.41513255993438,2.22723974091244,2.48872293175194,-1.0771634474442,2.75154538960388,3.08013151576235,2.98440673479728,3.09975633148201,3.13148147335311,2.68300012344618,-2.73218159182257,-0.483203769577797,-0.929581871524201,-0.575569013740174,-0.541883363328412,-0.424229038439695,-0.333133465033178,-0.331964272407954,-0.378482356806982,-0.549023964444317,-0.417567192449499,-0.324332997354718,-0.29382294565352,-0.237985655220846
79.5,1,0.0913779524822122,0.513679162844146,-4.94139506225364,0.450485530159596,0.0937762190515383,-0.489471246574024,0.99961217339259,0.748084795575728,0.47534110382957,-9.54347177573323,2.64598192914483,0.861174531479352,0.614774392670224,0.215036421418148,-0.437655024782572,-0.723505200249443,-0.195947120731262,-0.0217088894258271,-0.0303208580442769,0.0956999203986032,-0.426429058876278,-0.220686320011077,0.625535078660235,-0.0817081047665343,-0.273455027495469,0.0148453488180492,-0.087486452670744,0.106440033357658,0.160073551767224,-0.0473912991130909,-0.0178193711733266,0.200410587172972,0.0139165924196676,-0.272036501134918,0,0,0,0,0.00165452573706985,-0.0317977766495126,-0.239866179406318,-0.506897885724845,-0.982703492387528,-1.61262793065899,-2.00458581200087,-2.77816570174449,2.86397405387924,2.96392538538317,2.40778794855538,2.23023431654112,2.50204579795507,-0.871130401435314,2.74492182379092,3.08846157507675,2.98036762812947,3.12560671551143,-3.13580486672647,2.67836012025562,-2.73983716925325,-0.428381639366869,-0.92191315982357,-0.601488184126818,-0.558455078054107,-0.455015480278402,-0.400634803330229,-0.397474869186766,-0.415023523818114,-0.544486829154521,-0.401834026818525,-0.324068710759099,-0.301322969166544,-0.247152837952318
80.5,1,0.0768988068608355,0.347149480970828,-5.09369346478549,0.466645814190257,0.0858180907354645,-0.487958055023844,0.962943581507759,0.664312684456876,0.470153933434667,-9.64360109709509,2.74551589103622,0.835592745706122,0.549213625523952,0.118264075269481,-0.397780893374412,-0.635713780650735,-0.190668952401223,-0.0413945865867956,-0.0468263302656834,0.0834090967203317,-0.439254827007567,-0.31317913221177,0.624559536850568,0.0328937293227012,-0.359802946802775,0.0884184102079025,-0.189319604031353,0.115713173516211,0.189722120173863,-0.0271221630482857,-0.0581382464632116,0.170480522868756,0.146793008596477,-0.303159337591327,0,0,0,0,0.00187534126020886,-0.0289716697765851,-0.230681383012311,-0.487982334377385,-0.941448961576681,-1.57634517042653,-1.99897554570528,-2.79342682202145,2.85410714746103,2.96769584741836,2.40393776378272,2.23405839709939,2.51659050369366,-0.683814360220912,2.74123325453676,3.09929191788885,2.98021089453803,-3.11871450812302,-3.12153813409794,2.68291004844256,-2.75165401170074,-0.378604384942008,-0.915312486271578,-0.63209478647236,-0.57820798653554,-0.485586545874769,-0.462761387700647,-0.452821702177411,-0.441572851182182,-0.540361013456038,-0.395755257195567,-0.325004251791045,-0.308126162971326,-0.255283615172337
81.5,1,0.0801827480527464,0.392258631173569,-5.82046236905943,0.402080276445972,0.0755154381460712,-0.486279425735144,0.960203279494409,0.541856952336966,0.476200142709441,-9.64243551979093,2.658440404747,0.910688212765849,0.501794217557607,0.0447751097017746,-0.272039173182046,-0.392497300635464,-0.25363709006768,-0.097541871347449,0.0329754897425372,0.0864925473967567,-0.339472703226162,-0.355151979240172,0.519884970905898,0.0713829538404733,-0.336162713128798,0.122114941397175,-0.2025987781951,0.221822355488681,0.12064303636561,-0.00414754026129061,-0.043167488994084,0.113036720660347,0.233150461460609,-0.316731129937132,0,0,0,0,0.00209616335979296,-0.0259537833583991,-0.220114236126165,-0.466759018822368,-0.897476264578887,-1.53453193096162,-1.98956368825595,-2.80896330849707,2.84595624056885,2.97551742084917,2.40201344084854,2.23242509555032,2.52459891827152,-0.455147436207667,2.7398083568916,3.1095460013407,2.9806523104837,-3.08372348531145,-3.107419406992,2.69894339545429,-2.7681713335287,-0.325828352663261,-0.900568930755463,-0.654718403915599,-0.598528941427474,-0.514951700614011,-0.513464351875372,-0.497112255387424,-0.461402633633059,-0.536233668702911,-0.398008208949665,-0.333317329548237,-0.318881888040923,-0.271171279922352
82,1,0.0892968495390576,0.518402330829086,-6.46184492270251,0.350966485991358,0.0679978692469314,-0.489711638621852,1.29470551376407,0.485925976197673,0.484723972815038,-9.63963784223025,2.66940026259157,0.881295082011805,0.54146912380288,-0.027906303918485,-0.274252769112027,-0.212620368937347,-0.295584023738827,-0.149080602464589,0.0293377197762948,0.0692522456292169,-0.311025979894303,-0.311308207438406,0.41203590636814,0.0330793135222033,-0.261542647326646,0.0981043684117083,-0.184804728231097,0.270317601450486,0.129420911424266,-0.0319249168885427,-0.0103112543060442,0.0445459886011848,0.208064549608675,-0.273082165118098,0,0,0,0,0.00231699201457933,-0.0229401254323112,-0.208546804417043,-0.443586096655969,-0.851063156136015,-1.48750229622122,-1.97551048639774,-2.82428021131389,2.83709552873829,2.98690083859717,2.40624245351398,2.22264865651218,2.53239635061517,-0.18174511347903,2.73903415419213,3.11912984096067,2.98066706215504,-3.07082301029584,-3.09128653659346,2.72863498634626,-2.78657348458567,-0.271002173362412,-0.885504518821063,-0.678994635089037,-0.624434305927525,-0.546311930525768,-0.555490608531213,-0.538526819597187,-0.482492229402197,-0.535562859690098,-0.406095945959214,-0.345829121430964,-0.329719188181759,-0.287949230493918
82,1,0.0911012936334432,0.524110440169519,-6.16810505206747,0.408541037585711,0.0688372455670704,-0.496655780853403,1.30044433529031,0.518973458912407,0.528640290948728,-9.68731672821478,2.7998879231572,0.851515092004814,0.610494870057489,-0.151525360008787,-0.265466423092753,-0.182937845454183,-0.324444644751958,-0.126444462553531,-0.0667352412753941,-0.0333957656548753,-0.232691456653484,-0.239205602774793,0.44413322594623,-0.0585841709459397,-0.243077785391641,0.108796238309831,-0.202737502370275,0.220976335867229,0.174135391253909,-0.0500128726901106,0.00281275869342563,-0.00706672405117387,0.124826582464196,-0.168293223123283,0,0,0,0,0.00253782720332137,-0.0201395900843783,-0.196669681995361,-0.419109062275496,-0.801005603805649,-1.43158997074524,-1.95382144685803,-2.83875421842201,2.82738936546771,2.99947797362221,2.41416505542707,2.20768061843798,2.53447927613112,0.0939956898104564,2.73750947648294,3.12684647678047,2.9810114143595,-3.07155036737088,-3.06844409715765,2.77600139965005,-2.80503559344526,-0.214227034158713,-0.868204737782391,-0.707117553461115,-0.652434298707803,-0.575835069239529,-0.588338763384138,-0.572347648486629,-0.500956263147786,-0.535018972619158,-0.416079435152519,-0.359380144853247,-0.340850820443287,-0.299872001777395
123.5,1,0.104978344146262,0.527848689550004,-4.29052566043525,0.450741876338161,0.0850762008758985,-0.505044489552454,1.12118617412431,0.491556415308952,0.590134644390677,-9.67713029698602,2.83442743482914,0.830801268006747,0.71133155876983,-0.256370994450345,-0.298556579442476,-0.0606500328923335,-0.398377259712478,-0.160676966435935,-0.0947041697719218,-0.0831337820085087,-0.163227607994501,-0.246823871988568,0.506102586285966,-0.0845894538883477,-0.2513587846716,0.0629082547987541,-0.200551222896387,0.205497740573204,0.167940436087007,-0.0354846415165662,0.0235651557997988,-0.0312855312980009,0.125397363632025,-0.148184784846741,0,0,0,0,0.00275866890476865,-0.0173421046444413,-0.183759398589784,-0.392128444205464,-0.745829924371303,-1.36429170917646,-1.92361931063948,-2.85062722886025,2.81945456087886,3.01375751166754,2.4230116151547,2.18608978159572,2.51767203975548,0.340696675623195,2.73977392975006,3.13637265998034,2.98476428588063,-3.07367255746645,-3.03606515775089,2.84323492719521,-2.82956366742737,-0.154260955482158,-0.846540759890118,-0.735182529834377,-0.681191653368041,-0.604718757975441,-0.6145323131748,-0.600369750119159,-0.515459612158746,-0.535370190764252,-0.427935806577989,-0.374042697443061,-0.348950721404507,-0.306846035018117
165,1,0.117974085853242,0.39170855389845,1.73391233014982,0.25053384826279,0.107279255450753,-0.509607637794219,1.88005399920927,0.439239924586722,0.615237828183124,-9.62917782631814,2.79334033218469,0.766175087241817,0.761451929528158,-0.248774181478711,-0.354511298889704,-0.0301817788740791,-0.42605760170458,-0.213115459904771,-0.103626554709937,-0.0506431411504052,-0.0964479605966853,-0.267225797840718,0.467621997539508,-0.157290500300812,-0.261357190768339,0.0822716121747224,-0.185552831791289,0.193450197420723,0.146755043536956,0.0333181627005566,0.0240038995983619,-0.0499920842617149,0.0853728713607184,-0.129257663857513,0,0,0,0,0.00297951709766698,-0.0145477078464865,-0.170368308745126,-0.364097935317963,-0.689322278073596,-1.2915136201689,-1.8882919194932,-2.85814191715916,2.82032075881814,3.03728237982435,2.43206777674979,2.16294801887954,2.47531165522685,0.49086079989406,2.74809584085932,-3.13469293965255,2.99440501985496,-3.09145154137427,-2.99890316582908,2.91505081234628,-2.85523971400538,-0.101784951453685,-0.826033093011312,-0.76187509774063,-0.704856503646507,-0.63173823632016,-0.630384558809221,-0.623943411101147,-0.525776733849835,-0.533878316398077,-0.435931125832294,-0.38283173404004,-0.351637618321338,-0.309357698299418
148.5,1,0.164260499281332,0.325831404730867,0.859167244631779,0.11424757224436,0.110529669105424,-0.48905098675293,2.49589622975778,0.397310186606244,0.582779395297618,-9.64109268623021,2.78346357075986,0.83268848084458,0.761946462782399,-0.203206215546069,-0.343521278083366,0.0493788313745437,-0.41808097338721,-0.196339994313353,-0.0797559606606724,-0.00703118149327781,-0.145618090851604,-0.257994885859461,0.468645490660155,-0.138423987371781,-0.21879929095405,0.0615379546880418,-0.136799854976473,0.145614949829816,0.156928799261442,0.0237243330215317,0.0332089887028536,-0.0321373523015645,0.0856576030364852,-0.138894859819139,0,0,0,0,0.00320037176075837,-0.01175643814608,-0.157068876241521,-0.336535117941311,-0.635146334365302,-1.21908041821558,-1.85101990301297,-2.86484593384718,2.82845138465493,3.06840559624959,2.44030316197197,2.14569524366897,2.42612790861382,0.608586919392549,2.75744214385258,-3.1143055627042,3.00955566849977,-3.12877456998686,-2.95868031027412,2.96749404705496,-2.87430483572473,-0.0618322612235646,-0.800619669623518,-0.778281573380495,-0.717405599011306,-0.643785358726012,-0.626782639170504,-0.632854670099329,-0.526878579760462,-0.527192718757982,-0.438645708437161,-0.385138314893303,-0.348541914592947,-0.312566921082091
106,0,0.154069851788112,0.305616970936009,0.805864895216857,0.107159704249363,0.11115372938271,-0.412874943227868,1.86271359786166,0.318981605214938,0.454364486002579,-9.53591436029201,2.92722883170318,1.01618923259854,0.709600242320765,-0.0934506315438192,-0.209352188210281,0.0623289086906947,-0.227059262101144,-0.171336815798541,0.0259055901411622,0.0234107935422326,-0.215935265384992,-0.205807631655777,0.457347885837438,-0.0819322115231849,-0.150990708147817,0.0818347391824334,-0.181201494756458,-0.00250553743870124,0.263556803609858,-0.0456663016265947,-0.0765186613303467,0.026877683836596,0.0522688355981777,-0.118236568798462,0,0,0,0,0.00342123287278106,-0.00896833371786666,-0.14386481800098,-0.309478584762247,-0.584199184643643,-1.14925312618256,-1.81372819761666,-2.87583113811247,2.83549161234851,3.09950620845954,2.44121926845117,2.13620113719778,2.38782380022034,0.698322768927312,2.76642463546783,-3.08208003269512,3.02261044210285,3.1072300753637,-2.92271687395695,2.99089835165052,-2.89216184378345,-0.0314901278583476,-0.773275478126905,-0.785717320229142,-0.72497401141571,-0.646617821823535,-0.621604271844516,-0.636023537472675,-0.522595576696275,-0.519692237465482,-0.442960776737108,-0.391160524803457,-0.346912836385937,-0.317672285267649
80.5,0,0.143879204294893,0.285402537141151,0.752562545801934,0.100071836254366,0.111777789659997,-0.298996661157747,1.12724379473231,0.394661187231507,0.343194639729177,-9.55895318184611,2.86150454862766,1.19927764756672,0.749550882207621,0.0286931632083091,-0.231948086208601,0.0531026739222482,-0.0736215845369715,-0.226694021037381,-0.00907004012021482,0.0062473353278912,-0.347053283421931,-0.0494488560221236,0.449445064100847,-0.131787219980945,-0.00115829779758631,0.114828799675755,-0.119368428657366,-0.121406154388464,0.214571532985946,-0.0202014156424091,-0.0752779989689394,0.000605847869736482,0.043662980245794,-0.0952946543583242,0,0,0,0,0.00364210041246955,-0.00618343245312614,-0.130601998895964,-0.282581509032973,-0.535102213280913,-1.08053995915419,-1.77666017286344,-2.88946175288908,2.84473353523875,3.13269249297346,2.43753872170712,2.13655516248549,2.35019683037715,0.734566529352744,2.77941624322998,-3.04405330098451,3.03299116190254,3.04329379270457,-2.8976743601299,2.99708971761285,-2.91230973721563,0.0130432151070725,-0.708969203904844,-0.743805858733831,-0.691825996427108,-0.617146768822388,-0.588379270007589,-0.60873739503093,-0.489277425151905,-0.487695166877574,-0.426552187444013,-0.385855476038473,-0.339274854428268,-0.312805901429471
84.5,0,0.133688556801673,0.265188103346293,0.699260196387012,0.0929839682593685,0.112401849937283,-0.166758977134172,0.989833461037899,0.51390215840422,0.350388599994518,-9.78945705261323,2.81250123341612,1.31852350449684,0.722113814552803,-0.101198067022797,-0.426396393750757,-0.031747920760188,-0.108693818306089,-0.32669177033669,-0.109631592021554,0.148918103386496,-0.329318694963353,0.0166545701935211,0.391505222553895,-0.175487684901024,0.0393190742223957,0.146007541022593,-0.10680022646745,-0.10837787408049,0.193632661467558,0.00624169846938191,-0.0492910283045595,0.0211029782491658,0.0126029462693138,-0.186955392305278,0,0,0,0,0.0038629743585545,-0.0034017719573927,-0.116887274458835,-0.254899065257436,-0.485151245727598,-1.00785913410392,-1.73392119719398,-2.89891210877122,2.86162166772161,-3.11436096645976,2.44532515996304,2.14668544803836,2.32222776640708,0.776331393946253,2.80366133831132,-2.99565332340097,3.04327434874338,2.94827890161594,-2.83939901113143,3.0134386788732,-2.93416614590834,0.0587259989863135,-0.639333920892342,-0.686975766426683,-0.653010293944777,-0.585086326221528,-0.54860237326748,-0.574221344379931,-0.454122940712643,-0.453154997955117,-0.406751597488571,-0.378182388247451,-0.326907740489363,-0.300612977872203
108.5,0,0.123497909308454,0.244973669551435,0.64595784697209,0.0858961002643714,0.113025910214569,-0.0665357414081802,1.72530326416725,0.535522795496784,0.345142382541407,-9.83557852700698,2.00882161659286,1.2587992166278,0.533372105067153,-0.102495251286747,-0.28629540704644,-0.278057503528889,-0.0175728637494492,-0.336979228802101,-0.070645116239821,-0.0652148641147086,-0.207300498600824,0.176920018307055,0.375708084135847,-0.19865431110103,-0.0405065035211832,0.145213792040389,-0.0448228591552345,-0.0400064326896569,0.204475957125257,0.07489744146733,-0.0787593608681762,0.0591218774859146,-0.126049897264372,-0.167339895907251,0,0,0,0,0.00408385468976295,-0.000623389548128966,-0.103131509794969,-0.227726456392968,-0.436842380770684,-0.930614856950022,-1.67752895823675,-2.8991234249695,2.88832602250723,-3.07426349531864,2.47077911132958,2.15719397048854,2.30873268294238,0.806689209676679,2.8352864627521,-2.94359394463696,3.0542530175911,2.82525103364316,-2.47004092388724,3.02682452461507,-2.9629870443851,0.0765536174441314,-0.620611312755343,-0.673045613544516,-0.654196176580681,-0.589499063068002,-0.544805611290428,-0.57319190579578,-0.451198660514531,-0.44372755952942,-0.409735034089499,-0.386350467605434,-0.321264067341451,-0.283957235248282
129,0,0.113307261815234,0.224759235756577,0.592655497557167,0.0788082322693742,0.113649970491856,-0.0311230631908485,2.49650100645111,0.402707403177464,0.290783719414095,-9.36407087541313,1.00512321645438,1.16765693164072,-0.021196403547781,-0.285137626679811,-0.184633993524925,-0.409185501238025,-0.0241001793856809,-0.251563698242122,0.0089631470054453,-0.31458594022089,-0.276634585942838,0.171984629383552,0.365304721844196,-0.13194554233126,-0.105461162927443,0.143659531863895,0.0696865939810107,0.0976003005774523,0.200071476193964,0.0273366825849453,-0.0726486783748534,0.0783352436784899,-0.109897273999794,-0.041751466191371,0,0,0,0,0.00430474138481818,0.00215167774753508,-0.0897506482007578,-0.202109505829548,-0.39247286311781,-0.852899142999657,-1.61011392987301,-2.90052505315259,2.92243605766112,-3.02767825236422,2.52316368076875,2.16875849954205,2.32799717875664,0.833186051686494,2.8706910304152,-2.89652115250265,3.07610360943258,2.68964550665984,-1.74481577888303,3.01394321426551,-2.99474623763392,0.0839378814607116,-0.612386110254212,-0.661493470718589,-0.659796078871413,-0.597661092117433,-0.545962130265256,-0.571412403987018,-0.446769561950958,-0.435818814130418,-0.414348059391637,-0.394079311912506,-0.312940692882299,-0.263115813444411
129.5,0,0.103116614322015,0.204544801961719,0.539353148142245,0.0717203642743771,0.114274030769142,-0.00681615522071919,1.40067663551021,0.376410192517301,0.258941811089524,-8.88392228390235,0.459382729718455,1.30997811714803,-0.30347310608641,-0.431529486749799,-0.108820020060176,-0.390783087240427,-0.10266656142105,-0.151530885501216,-0.00084309134272076,-0.411970527069588,-0.275487756422737,0.133959526907645,0.343936073796015,0.0537617007514674,-0.100273802708467,0.0896565681261298,0.183494065972268,0.116879188437588,0.13706880641666,0.033500745348246,0.0167901768470768,0.0505459849039559,-0.108439795796125,-0.0499428885688895,0,0,0,0,0.00452563442243974,0.00485613106489119,-0.0766906348100264,-0.177503639843977,-0.351330819217854,-0.777403902433665,-1.53501791008229,-2.91343243366622,2.9635005057267,-2.97682540233105,2.59250633341798,2.18537968233122,2.39414897723786,0.863502346546921,2.90684400646268,-2.84963283866286,3.11420511953768,2.51472941946553,-1.08119014138229,2.98352547395731,-3.02039405419282,0.0848787388392424,-0.608285735279212,-0.648616559087534,-0.665126715216924,-0.60907618425879,-0.549963880826328,-0.567447888093385,-0.440650661898295,-0.431613540729237,-0.418671675824323,-0.395821495992569,-0.300744663581414,-0.248677770894589
130,0,0.0929259668287952,0.184330368166861,0.486050798727323,0.06463249627938,0.114898091046429,0.0297201968632256,0.729240484406681,0.466825487490067,0.254677981031496,-8.58433066141246,-0.0313988991656669,1.49338670933937,-0.0421474879449776,-0.250702141289949,0.115765103806521,-0.373859328210762,-0.172454262897905,-0.11424802330584,-0.0257598195545083,-0.312933700261077,-0.225065658546318,-0.120175461234202,0.294871763270717,0.200120909995518,-0.00692219006003444,-0.0380338355843721,0.0967414740715276,0.162023558769907,0.0555060041630492,0.01189997101041,-0.0221873478952106,0.0631145828140713,-0.0450654522281282,-0.0141720164718268,0,0,0,0,0.00474653378134348,0.00725346011849939,-0.0645619317457044,-0.154929680584396,-0.315258581315007,-0.70946127555942,-1.45838730483301,-2.93567492619878,3.01995073059175,-2.91806340071163,2.7786819798777,2.19812916921365,2.40989603223715,0.88711745734193,2.94481862234988,-2.80672699584614,-3.10364215424017,2.311467390786,-0.742632694973148,2.95034630551456,-3.04682153962464,0.0810980469392806,-0.609780226861401,-0.638350365160805,-0.664526385128249,-0.616003262656155,-0.554638402077597,-0.564072636913464,-0.437454695996719,-0.426274326458995,-0.422525679100693,-0.395839587717855,-0.290793340639146,-0.240290749202977
115.5,0,0.0827353193355757,0.164115934372003,0.4327484493124,0.0575446282843829,0.115522151323715,0.0248086721579396,1.17955581751124,0.435572100882229,0.212547972635093,-8.37750405698677,-0.582804851528002,1.44347242540604,0.0968986902892854,-0.0146793392663801,0.31853245153414,-0.508276287484213,-0.257880056492949,0.0874354748696167,0.11251071222333,-0.122978876379011,-0.159346494219122,-0.127670751291314,0.123886965226459,0.117386933940812,0.00193633843924038,-0.0446992965806168,0.0838274845566215,0.139998599288152,0.0449741369427411,-0.0643303424524553,-0.0317637561089155,0.0663146631840006,-0.0866139979721445,-0.00342379268839738,0,0,0,0,0.00496743944024162,0.00911587263940029,-0.0536634878895436,-0.134491146324943,-0.283971126203424,-0.652964025172323,-1.38814098945777,-2.95618547767274,3.09080740785479,-2.85253504119898,-3.02111549926445,2.20591514706113,2.26571064321217,0.915396584906813,2.99930909856007,-2.76322603594011,-3.0209006427306,2.1265333391653,-0.632578359468383,2.9335258300461,-3.06794789695438,0.0767501505273947,-0.610979994711681,-0.631078895975274,-0.667717553449011,-0.617735019109289,-0.559720265534186,-0.556274229524358,-0.433239907027908,-0.417521554078991,-0.4280642044022,-0.399634033928939,-0.285860763143959,-0.238399502863681
117.5,0,0.0725446718423563,0.143901500577145,0.379446099897478,0.0504567602893858,0.116146211601002,-0.0540239593856149,1.30934739026335,0.459008400860188,0.12151438476574,-8.31805756948785,-0.732244792344897,0.747450763225991,-0.0335758571233958,0.0858227437789169,0.370131172497266,-0.589720738525118,-0.208826524984916,0.222925629435182,0.320266685095592,0.154093736201542,0.00637758342622449,-0.0498293161138011,0.0897314208566577,0.160202038374697,0.0290587097720815,-0.200684382326044,-0.0625196816799008,0.152433149891335,0.0744477205287635,-0.0335323656238963,-0.0350196119210844,0.00779664887555574,-0.0715029297254471,-0.0113004647630705,0,0,0,0,0.00518835137784267,0.0103462195104326,-0.0440761906113496,-0.115728293910578,-0.254971169175965,-0.602379002777658,-1.31807496344251,-2.97211980531854,-3.12293121113079,-2.79223018709831,-2.46311142173112,2.21249883512036,1.98476231278311,0.951027908444736,3.07658379232379,-2.70945022724187,-2.93991239576594,1.99833685526289,-0.585265907305644,2.92208955808681,-3.0805386186659,0.0757637612636694,-0.612484814680404,-0.625199688819251,-0.672895948821084,-0.621671529149864,-0.565249611532993,-0.545508422631601,-0.428491502079038,-0.407457040730698,-0.431793272672141,-0.404358845127394,-0.286160829579635,-0.239458084518779
92.5,0,0.0623540243491368,0.123687066782287,0.326143750482556,0.0433688922943886,0.116770271878288,-0.100906494836635,1.95373687254294,0.452367367723244,0.0965475286541543,-8.91828655826404,-0.19541045083407,0.664435022085233,-0.0912368643017938,0.213772878963362,0.522519769073925,-0.453526771854477,-0.119396730651205,0.165323909947533,0.336142168908231,0.285434644337633,-0.0815017148380552,-0.133768688223259,0.18032011583018,0.176709104384755,-0.0459873624901001,-0.243796004043155,-0.100583274434712,0.106850616194968,0.133289167828332,0.0111407046774012,0.0225505387364169,0.0106678674392254,-0.0724124417463839,-0.0277825096648717,0,0,0,0,0.0054092695728515,0.0115778877982085,-0.0343989221620793,-0.0969002489478232,-0.226591980736959,-0.552993641956829,-1.24152897989256,-2.99707498583718,-3.06329190472702,-2.7408548255026,-2.02396309249696,2.19066660650123,1.26900070606146,0.989916118355314,-3.11220665037943,-2.65403194947919,-2.86325583871261,1.93236155945024,-0.543731861756546,2.86582328239767,-3.09466590328809,0.0783197359566225,-0.616038775670189,-0.622859172600213,-0.675184331114523,-0.62658152487252,-0.569722881204152,-0.539163713381962,-0.429679681798162,-0.397920796865195,-0.432545037487267,-0.405962284929692,-0.288580382817395,-0.237661727414514
101.5,0,0.0521633768559173,0.103472632987429,0.272841401067634,0.0362810242993915,0.117394332155574,-0.192107514418962,2.49538145089437,0.412120854849969,0.123150212619107,-9.72770441532127,0.110142865748976,0.979599572426721,-0.0313913891468143,0.242027771587053,0.49053691555496,-0.452260181389252,-0.0935282499621322,0.139162887047371,0.239104208745503,0.154226151103698,-0.16429719132348,-0.217912879884274,0.162431823951831,0.191286944150573,-0.126353886595383,-0.114719486792142,0.011310539899265,0.110711996990774,0.244598407121717,-0.0192209581583794,-0.0542858967170497,-0.125704892169595,-0.00849342983063737,-0.00681383695929173,0,0,0,0,0.00541203108981852,0.0123596511065653,-0.0255505646054487,-0.0793722037953229,-0.200444912470617,-0.505801936573569,-1.15980803310729,-3.02604553575298,-2.99540172678949,-2.69319248417317,-1.77012822096383,2.13890921141037,-0.00223605075165345,1.02336878629348,-3.01385419536232,-2.60477622031734,-2.79326662618382,1.90478597825566,-0.516942110364456,2.75619679618147,-3.11024692445104,0.0805978662031106,-0.622878465153514,-0.632122652019858,-0.684954831292225,-0.628857317164281,-0.574052429303539,-0.537518292326099,-0.434991956612394,-0.392869564050679,-0.433432056130966,-0.401709951131148,-0.288115620160512,-0.233946319066303
135,0,0.0419727293626978,0.0832581991925712,0.219539051652711,0.0291931563043944,0.118018392432861,-0.334146800235654,1.53032478080096,0.45438516340621,0.260767573015082,-9.97908358163434,0.178959417910295,1.02764645634039,0.0575069751954709,0.163640098367796,0.347812333507697,-0.594604814948296,-0.0837001494963976,0.1245241143211,0.124629075972709,-0.0279414743312088,-0.150212707432742,-0.0456759100045143,0.108022219198505,0.135012878209371,-0.0522913808321056,-0.0598278138590049,-0.0410687894622768,0.0925962448021805,0.237552346924736,-0.016848423640759,-0.0547384562469684,-0.152603799417188,-0.00902559193567353,0.000917060756667124,0,0,0,0,0.0051353259069329,0.0115167295802289,-0.0198675690201668,-0.0658413741436426,-0.178724222599608,-0.464818534298331,-1.08362700729199,-3.05548159525199,-2.91202694838264,-2.65288741853933,-1.72119552677092,2.11649192148494,-0.77612800595807,1.05697196315175,-2.9128860507472,-2.55661936772155,-2.72132499029615,1.90484133953888,-0.532122268219736,2.60985240083477,-3.1259572210486,0.0775522153861784,-0.635009440796796,-0.650567030318138,-0.698155058004946,-0.62741522072594,-0.576835370016654,-0.533309249173528,-0.438150500588485,-0.392139729591564,-0.435269938904388,-0.391710435341197,-0.290015714410183,-0.236437511323341
118,0,0.0317820818694783,0.0630437653977132,0.166236702237789,0.0221052883093973,0.118642452710147,-0.376798032015731,0.85633606894175,0.455221543529126,0.422204770473076,-10.0676163162727,0.114999784100535,0.606534085597627,0.219876788962064,0.207627596883447,0.245389535119324,-0.454573191216323,0.0366526854594348,0.218614102689216,0.0711648959949256,-0.13121381887878,-0.0345745380006023,0.12031681705969,0.0452225333265127,0.0617899256753981,0.0433503902641224,-0.107265277597361,0.0206588381994437,0.119024880939183,0.171233178124448,-0.0451800035789949,-0.0270203602449338,-0.0748613871712298,-0.0682361728559431,-0.0700724925423251,0,0,0,0,0.00486135544901471,0.0104553283746877,-0.0149013049174745,-0.0538464596906733,-0.160517133030616,-0.43317361303195,-1.02218734028674,-3.09801490956337,-2.84477058224599,-2.63281160196175,-1.70721316337547,2.13192929931475,-0.824823178092611,1.10625710468842,-2.82275955327629,-2.51085105490192,-2.64609991144185,1.91565948373332,-0.568175903047358,2.43613188518632,3.13622554767388,0.0731155275964227,-0.642583318586096,-0.670176406597329,-0.707593676193256,-0.623346003418075,-0.573147193736854,-0.524189841661685,-0.438849995650718,-0.391896500277882,-0.435719079164693,-0.379548116381833,-0.299734127948919,-0.249903673037846
110.5,0,0.0215914343762588,0.0428293316028553,0.112934352822867,0.0150174203144002,0.119266512987434,-0.376798032015731,0.72680528425103,0.453038633982082,0.500618935601912,-9.65923268234789,-0.0160678033891651,0.159667972681196,0.351906327206467,0.136966465669732,0.139385092580505,-0.268630348209256,0.12956026354189,0.28720765907567,0.0682877926506583,-0.102683893117885,0.0637180773101698,0.0903305917783443,-0.0136890379782332,-0.0181410605985799,0.129740477743288,-0.189810324016713,0.0663020049277618,0.106334390663039,0.0281476052518453,-0.0720099495326144,0.0420982637186614,0.00233087072567381,-0.0873842243441132,-0.082183365128187,0,0,0,0,0.00464883422127239,0.0100146546416392,-0.00945735674691875,-0.0425173552910292,-0.145273593969566,-0.409025846845349,-0.973253417437875,3.10826191679605,-2.81101879312034,-2.62606045737272,-1.72847997729932,2.14680821922024,-0.832681818425254,1.17614919694938,-2.7610898667111,-2.47526890176676,-2.58619009595503,1.94262681048691,-0.600032594790937,2.27853171987753,3.08221537567,0.0708221509474113,-0.648365681435951,-0.690226481803287,-0.713707465640472,-0.618307400476428,-0.565629468280557,-0.514971317325612,-0.443101562574192,-0.392963818752255,-0.433440450580778,-0.369376880245233,-0.31259292449617,-0.263260201080174
103,1,0.0114007868830393,0.0226148978079973,0.0596320034079443,0.00792955231940303,0.11989057326472,-0.376798032015731,1.40079399611024,0.551230093080212,0.567478281829412,-9.2683177858777,0.119335513554375,0.10524127341578,0.537947373919805,0.0209214941111882,0.0175077004682818,-0.339758211802112,0.0762367686852476,0.461805612901711,0.066029718576271,-0.156316042686873,-0.00770553096005966,-0.0573955174213319,-0.0060376141274796,-0.135346613258599,0.193494467903253,-0.154041378314866,0.0111452493988306,0.115257153392,0.0575422258838855,-0.0530837096728517,-0.0218294155841314,-0.0369150442849822,-0.0380493080676379,-0.0504547647474661,0,0,0,0,0.00443631542428416,0.00957311574986454,-0.00487694348050619,-0.0330914851010747,-0.132949240398598,-0.38908733294934,-0.93025135095701,2.9780463925816,-2.80935432191923,-2.62153736397891,-1.78014293383169,2.13700115900451,-0.854821834535002,1.26077456858243,-2.71701083826115,-2.47503632695533,-2.54828999024934,1.98015828139948,-0.605181497069072,2.17395216600929,3.00256119975262,0.0682493025487705,-0.656206682440034,-0.710221212549883,-0.719498285323418,-0.61304975006108,-0.564070950655814,-0.508423770149189,-0.44704423575456,-0.393209734892438,-0.429537700815558,-0.364323335657559,-0.325486390118164,-0.269262118461625
103,1,0.00121013938981982,0.0024004640131394,0.00632965399302206,0.000841684324405913,0.120514633542007,-0.380014918637875,1.86479987080048,0.497170396762128,0.616784436977595,-8.80361379108119,1.10606774294604,0.448661333590866,0.637007459083356,0.0153171172919554,-0.0945892606568631,-0.479223330730178,0.0350166709537338,0.416197144877452,-0.0471992912914535,-0.194498939417355,0.0402636773159567,-0.0380404000310981,0.0170563378339126,-0.0885841180986443,0.0734299251270784,-0.0979552887177252,0.0430875006152555,0.0825681959013777,0.0202183599354619,-0.0389447994857833,-0.0176507892649303,-0.119264064453571,-0.0101456555583388,0.0242181499976782,0,0,0,0,0.00422379907720447,0.00913070932172822,-0.00152017312505068,-0.0261578605817947,-0.124744041750058,-0.375435859445681,-0.896352442149077,2.82674534885919,-2.81912658710939,-2.62658405680203,-1.9438148459219,2.13879578262848,-0.898319496953214,1.35675214715735,-2.68295713143342,-2.5411770468988,-2.51758382341103,2.02366674229915,-0.597278505759645,2.11923183603769,2.92856662779807,0.0615709030234607,-0.667445193618997,-0.730858441716433,-0.725932130946282,-0.610272023267037,-0.569774581209987,-0.504420515558199,-0.447697172279386,-0.395185202341165,-0.423140939571924,-0.358669142678177,-0.335000003412178,-0.270093852901406
103,1,0,0,0,0,0.120996297371626,-0.38323180526002,0.781565436516933,0.423034151323058,0.58670848967551,-8.37792694594912,1.9564011711615,0.458396077671652,0.410051829825105,-0.0068657715080531,-0.272951744512001,-0.750251491107214,-0.109328008145104,0.375225971713081,-0.144771775871319,-0.247106003599146,0.317625687269501,-0.0761632501781645,0.0313303514246245,-0.026746358966952,-0.107394530067781,-0.191874281942736,0.147566979306918,0.109828889807275,-0.0644813052499396,-0.0167354580155393,0.0914803835043314,-0.0719806039695452,-0.059556878847656,0.0660029516097856,0,0,0,0,0.00401128519918644,0.00868743297160078,0.000454446737516445,-0.0218280553920447,-0.120221156509751,-0.366567513426165,-0.871070781102069,2.6634500458635,-2.84073844866257,-2.63959363650873,-2.36551380709023,2.18258650711718,-1.00440263322185,1.45431666879321,-2.6609215337429,-2.70743189544122,-2.50593585801987,2.0940205177544,-0.584724474081897,2.1199198854717,2.8711318741773,0.0514621507108445,-0.686287347490034,-0.751267409924776,-0.726846954040965,-0.611288208481593,-0.578077503912939,-0.505765030728743,-0.45295777833261,-0.403973914947648,-0.415994503881725,-0.352120232223205,-0.343113358819062,-0.265394665834267
96.5,0,0,0,0,0,0.121459910947317,-0.38323180526002,1.41263738144737,0.472865023887091,0.472191967026062,-8.84267038709813,2.05635317191614,0.546618467460032,0.289994589142255,0.0372207263900079,-0.300255188866356,-0.899288142009739,-0.17608969477092,0.441362091439964,-0.110040920770777,-0.197112851896859,0.399137203230567,-0.0866767475801272,0.0596416815961522,-0.0181330302568457,-0.141184046303771,-0.263041056275521,0.129351348332796,0.164543286501922,-0.15194285434106,0.0368301027020251,0.218672019025584,-0.0844836867895657,-0.156382835405239,0.1517405461915,0,0,0,0,0.00379877380938186,0.0082432843058291,0.000906624981173836,-0.020007507105026,-0.117965956565264,-0.358379991874776,-0.847533207418291,2.4609607300832,-2.89989957567365,-2.65700059258128,-2.91092972049868,2.24171347572456,-1.19845336108037,1.53967510377923,-2.65123823909803,-2.87558282837773,-2.51496634690021,2.18291020223468,-0.565871833589549,2.14991791967983,2.83259058461185,0.0415674725646687,-0.706451570012451,-0.772209605089745,-0.730491383884204,-0.617825470143448,-0.591096174336851,-0.517828911816272,-0.464157979256576,-0.419193429064878,-0.416001948100293,-0.349220163321046,-0.353062643696311,-0.257093356735711
90,0,0,0,0,0,0.121923524523007,-0.374811665079684,1.68732678435393,0.471115164681266,0.401649393217463,-8.95440444033424,2.11507887420316,0.544642685309226,0.324015651840258,0.025983142449085,-0.135161299297376,-0.776113474176575,-0.27372060966149,0.496665909936353,-0.0410979380441394,-0.107845446757957,0.338940765804626,-0.172463559269496,0.08258498304208,-0.0100829966802843,-0.058622195168418,-0.275114634831081,0.131940546259401,0.297068414299246,-0.287904884006993,0.0283813035640635,0.172452617376527,-0.131775739434187,-0.130480039714754,0.124548330905544,0,0,0,0,0.00358626492694124,0.00779520889807559,-0.000120883320514817,-0.0207649681514702,-0.118785118018247,-0.353318210544258,-0.835240721495335,2.28032966787719,-2.98392960899283,-2.6841442702069,2.97561826286176,2.29693337845695,-1.6719760583243,1.60744685077227,-2.67335344790959,-3.03288406606938,-2.52590935480006,2.29729910361462,-0.541385911944573,2.24193444218155,2.80804441963281,0.00602331239464791,-0.773781770053809,-0.840347668785106,-0.786319972927753,-0.674635974217138,-0.644552690300219,-0.567393129716933,-0.509711424926471,-0.465358786322717,-0.443752592351563,-0.361362894692555,-0.372595231112534,-0.258309686061383
88.5,0,0,0,0,0,0.122387138098697,-0.310629748684489,0.99492194609751,0.447253424244952,0.402350405751466,-8.67917460358108,2.3417051912052,0.241722214823121,0.235621281874796,-0.0281435101590838,-0.175147288807865,-0.800719724833614,-0.402629708536099,0.549903284891739,-0.0212081310931624,-0.0903138417712992,0.325769241298635,-0.328484476923009,0.147785364892246,-0.00243706383125167,-0.0894433816748233,-0.355672295876164,0.175911300124239,0.458536683614482,-0.333899622610037,-0.0199573606492743,0.171605184293338,-0.0968532249026,-0.077601692506534,0.0551545374868999,0,0,0,0,0.00337375857101364,0.00734006244797701,-0.00255474943098916,-0.0242139680451521,-0.123617260077776,-0.354113418068982,-0.837828125537694,2.17446286785938,-3.08372390702168,-2.72746523856816,2.80863106617732,2.35346934379196,-2.36225101362274,1.67096762381528,-2.71836726643931,3.08669683559517,-2.53535568535595,2.43673027041851,-0.509665739318299,2.39823359333819,2.80738101096404,-0.0243157180569205,-0.831784644833294,-0.896805911101855,-0.832508321598466,-0.733380450443751,-0.693545141996631,-0.608539821134986,-0.552123501554441,-0.502381846765504,-0.46537718143497,-0.371238136600949,-0.388096213152706,-0.260450689773994
87,0,0,0,0,0,0.122850751674388,-0.230521926148258,1.8034669774745,0.475108679980312,0.414860768803671,-9.26300479892001,2.33175655680465,0.205620490858698,0.236504516356841,0.0511462081324753,-0.246393077727909,-0.78394694712566,-0.367604641942773,0.427822398549906,0.0991718301332389,-0.0838972892881768,0.272997145820338,-0.207857204399611,0.172629456106952,0.0946619820945815,-0.180523862525311,-0.42177460839948,0.149860239096845,0.364689296692028,-0.26696992179908,0.0120429079601966,0.256729892820881,-0.107662478663047,-0.0629280965446228,0.117222531822763,0,0,0,0,0.00316125476074681,0.00687781932449051,-0.00644385164169265,-0.0307995523643146,-0.133752438658368,-0.36372655706004,-0.86019477177599,2.15805863659279,3.10820321623912,-2.7940578663254,2.78308470787441,2.40601407493502,-2.83789141465442,1.747329586509,-2.76471811036117,3.02160441962994,-2.55142822766762,2.54832379613648,-0.472996102645896,2.5409844174815,2.81908156252921,-0.0226395774898287,-0.830947772513527,-0.895184402201035,-0.822132456400908,-0.744456175861342,-0.703417938386798,-0.614311462889448,-0.556035883112354,-0.49964112463775,-0.45480366251759,-0.367199754292834,-0.386385340796725,-0.252472801605231
115.5,0,0,0,0,0,0.123314365250078,-0.182394638674838,2.49650100645111,0.512184766394136,0.391952193945201,-9.83078797349869,2.15107352936284,0.283989130467488,0.372103685282461,0.148979834711934,-0.096959152865825,-0.488717084112971,-0.203277135010437,0.285942464430607,0.241269446756184,-0.00381060707179105,0.148113476182732,-0.126405476447792,0.0620369788484213,0.058952518105867,-0.204520520662404,-0.3726440807504,0.155678347121494,0.244833567530291,-0.141521149103388,0.0409934136627769,0.186196866061053,-0.166475861386045,0.00292929995513715,0.0806202526124499,0,0,0,0,0.00294875351528707,0.0064115232473363,-0.0117297114353046,-0.0404167775855908,-0.149071793387185,-0.382120099074889,-0.916873468921522,2.19997048541682,3.04335684774276,-2.87711543240414,2.79601012448009,2.43815499919642,-3.02002637858442,1.82320385802285,-2.81325203825694,2.97853537119689,-2.57584168812744,2.62207340545753,-0.367122109309372,2.65312344262045,2.83148162615254,-0.0205283577448352,-0.832170487417922,-0.892736949034149,-0.810614200297695,-0.756063728038013,-0.720255424138142,-0.627225364738952,-0.56007497851794,-0.498835034810626,-0.443953500012634,-0.368635040619319,-0.380346359787302,-0.242941354082675
144.5,0,0,0,0,0,0.123777978825768,-0.117209583415599,1.9024380563267,0.427302627543711,0.356754287105155,-9.78480487207657,1.97261422242263,0.26453702988563,0.544042916125712,0.0984077066360209,0.0612435400908407,-0.226284413376569,-0.206426794194171,0.231167945096665,0.279979626706409,0.0283625471590315,0.0268722963173591,-0.181329225482365,-0.0290469342804579,-0.0544904471442772,-0.258160366952057,-0.333658265486199,0.19897841317497,0.318772015655245,-0.056000803407505,0.0389367703656357,0.0765117761307732,-0.138983420926963,0.027453237277411,0.0516324661434383,0,0,0,0,0.00273625485377942,0.00594430582557579,-0.0182240442209552,-0.0527409938206428,-0.169267501326647,-0.409361793847308,-1.01878173702613,2.22058888893117,2.99029540699445,-2.96888186645251,2.80825839280304,2.45902012974142,-3.07713797677791,1.88255465582395,-2.87239957487293,2.91753336871765,-2.60903753699807,2.65915028844873,-0.136768183862834,2.74179698602434,2.8551400859299,-0.0154672640363503,-0.831010250071271,-0.889008651056247,-0.800595289707959,-0.767442239145454,-0.736568743038754,-0.640028456220989,-0.56632730029812,-0.500601910339575,-0.439655870821477,-0.371842976251082,-0.373172589662099,-0.238577947240987
127,0,0,0,0,0,0.124241592401459,-0.049390006342388,1.09921639108115,0.382053106816182,0.331808615545889,-9.4803334686664,1.44421841611192,0.308263042367821,0.802270497698533,-0.0895883935405191,0.0953988920287611,-0.143402048918552,-0.281625602780689,0.246256788296399,0.265936563670616,-0.0983441923202897,-0.0350251451516175,-0.149561432845916,0.0418817295681634,-0.0489140136931728,-0.189666280607003,-0.37697697969619,0.129743088864684,0.328305745336271,-0.0209011639975577,0.0116935031374738,0.0496485498154243,-0.0437175146960899,-0.0481657567766412,0.0634382300405719,0,0,0,0,0.00252375879536739,0.00547616453039621,-0.0253234210466572,-0.0666236408168216,-0.192808301284893,-0.443509623004669,-1.16477399780586,2.21329472726695,2.92786772937921,-3.07156343920097,2.80982518402885,2.47756925497564,-3.10616589108416,1.92563760823288,-2.94361484081102,2.87631825174324,-2.66085389847814,2.66404587120688,0.260685316615392,2.85662820326852,2.88128144749037,-0.00220507816557476,-0.819083078012572,-0.875598281881432,-0.782258453333684,-0.769462861973627,-0.738578440902888,-0.646077395341038,-0.576809432972072,-0.501757438881555,-0.439760555543633,-0.374103946320593,-0.369137557558823,-0.244694431326802
109,0,0,0,0,0,0.124705205977149,0.000520080085944664,1.628300656732,0.517048742914227,0.316901816008341,-8.99734411478519,0.636235887192579,0.361613040058461,0.881519715060091,-0.306326329784358,0.0590402919633307,-0.143347632030779,-0.285449556277345,0.28271628043015,0.334382935424561,-0.127716176345182,-0.0498154938894312,-0.0307190384257059,0.146563003617471,-0.0316523001400928,-0.0543864827865235,-0.416711163350617,0.0315259366008059,0.312148224635775,-0.0150554108628962,-0.105423957898451,0.051038479006364,0.0565224361120217,-0.0802918020560945,0.0129083703492343,0,0,0,0,0.00231126535919312,0.00500709682459374,-0.0324882919456552,-0.0808265071779301,-0.216886711566138,-0.478082378144186,-1.3386672061783,2.19810859508535,2.85923480679374,3.11401172580845,2.80300130112222,2.49423182444957,-3.1362364722321,1.9664390046716,-3.00814630358878,2.84469991047275,-2.70685661119842,2.68076679777112,0.90094950741334,3.05060252178239,2.89644814981882,0.015481159148002,-0.800643497855301,-0.85318327828807,-0.759286189537913,-0.764140944022376,-0.727814879018334,-0.646740448943976,-0.589023612956471,-0.500451936406936,-0.444898740644434,-0.3776211131355,-0.36925260573045,-0.255967084791211
113,0,0,0,0,0,0.125168819552839,0.0407808565774996,1.46780381257739,0.51732006862251,0.308391876782335,-8.70553061064602,-0.0442666412088354,0.4446184635708,0.656623503227181,-0.495053568994243,0.141857548155952,-0.071891837070599,-0.290051700210079,0.352672290827863,0.345290288566869,-0.141201825676601,0.0467557078798875,0.0263649291760063,0.106925189577158,0.0165896688602163,0.01311800991502,-0.326338758837863,0.0027440645578833,0.235533385055799,-0.014355203211263,-0.0456876471337018,-0.0254180567688588,0.0477993258134915,-0.0055700305031133,-0.0269675210163186,0,0,0,0,0.00209877456439736,0.0045371001625436,-0.0397188215521132,-0.0953363925729283,-0.240131096680791,-0.508711805608367,-1.52422838151549,2.19092585412205,2.80366708339319,3.0325207495785,2.79770701776654,2.50340836163854,3.11991409380034,2.01023959847761,-3.06824961454686,2.82182700254191,-2.72801111593881,2.70666075011386,1.43134808694225,-3.01264854242139,2.9081867813347,0.03157715000973,-0.784021890557145,-0.830709289755404,-0.744233209332329,-0.758245964547857,-0.715320476027094,-0.644835477376138,-0.594932886765067,-0.493679124399992,-0.453168184528546,-0.38541519041783,-0.371110365593876,-0.266607356406559
116.5,0,0,0,0,0,0.12563243312853,0.0670084712996077,1.03743961914975,0.453330463552455,0.304493779412428,-8.70945990152698,-0.394821684554101,0.455357831908748,0.465232819677432,-0.594855920554429,0.246142009765083,-0.0878792404777852,-0.266473995816538,0.463359858855985,0.270630932195592,-0.178918161256308,0.102563571522027,-0.0731743340853173,0.0603886291077561,0.0995448043528933,0.013964337714264,-0.246747291075266,0.0146798009549649,0.113770458389433,0.0359405886733186,0.0349428191067293,-0.0404215692889286,0.0463566790974906,-0.0163579001233332,-0.0771325637809946,0,0,0,0,0.00188628643011938,0.00406617199016966,-0.0470959695068958,-0.110356456608407,-0.264286699422676,-0.541772565496151,-1.70637973823162,2.19438774492999,2.75670384753341,2.96187139038766,2.79521509596036,2.50208763803386,3.09722827948594,2.04581541768167,-3.13818344038687,2.80756214105727,-2.7531177411859,2.72190741234506,1.66660920956261,-2.84991570108099,2.91712453539529,0.0417552637985533,-0.775910266969898,-0.810827993124836,-0.730257528602882,-0.749502229242514,-0.700146039474364,-0.639227845723006,-0.595786367262429,-0.483242064793261,-0.454173948699137,-0.390497564794529,-0.373031859281238,-0.278282204444197
155,0,0,0,0,0,0.12609604670422,0.074426436731755,1.54418623254067,0.419762784184012,0.303621616629898,-8.76623174049258,-0.628700997251683,0.389316509174875,0.345839878512934,-0.599867880697651,0.345117194910432,-0.18655882346568,-0.219729297142067,0.543432686231145,0.219645319765607,-0.123071662909897,0.070316324554011,-0.183929462219574,0.112469961143916,0.0591351571190758,-0.0619114866351804,-0.181302660004516,0.0292685820143694,0.17130445347079,0.0908315793822398,-0.0629244668869399,0.00888080169787171,0.047697094105553,-0.0611929742394695,-0.0450605245897598,0,0,0,0,0.0016738009754971,0.00359430974491456,-0.0548250803441612,-0.126409573241449,-0.291683027768202,-0.584752618880745,-1.89267683340068,2.20268578356173,2.72148349945741,2.90515703862614,2.7888274695141,2.49613270064075,3.07565971173338,2.06828943055859,3.0610233612731,2.79402542666656,-2.79374856779086,2.74286505489632,1.82745050448778,-2.7453732742181,2.92285730517767,0.0705612925085883,-0.723641302876681,-0.742694762980548,-0.663818308419953,-0.687704954364901,-0.641672623622916,-0.594764380585285,-0.55910519766726,-0.443880452053083,-0.426232754381719,-0.378069071400524,-0.367741495331586,-0.285881377198807
174,0,0,0,0,0,0.12655966027991,0.068998442298689,1.34576435603627,0.442990458519656,0.307077856837967,-8.72469050237473,-0.784019390061729,0.484868869173829,0.287689928125216,-0.455293049874355,0.568511964205679,-0.134975341082925,-0.257039790038391,0.546091221102552,0.12466820494312,-0.0870013169301097,0.0722222165243564,-0.218926603054942,0.150157558760085,-0.0113903240470242,0.0177996688458859,-0.0735870764982793,-0.0247826612696338,0.185158221117442,0.101669632951487,-0.116370339111411,0.00210421044858566,0.0054494555700303,-0.0126774034014769,-0.00550693550326866,0,0,0,0,0.00146131821966692,0.0031215108557089,-0.0626998690991417,-0.142846334367941,-0.320704658465554,-0.638211742149526,-2.09532802817399,2.21906694654916,2.69755656256048,2.86301457201172,2.77518265695152,2.48632533053612,3.05129890355819,2.09557722069574,2.97775038521815,2.78515093884042,-2.83333711822378,2.75999772154733,1.94033192837834,-2.67729835187507,2.92758961873001,0.0999063918591544,-0.659304543765047,-0.658566475781806,-0.575791661375629,-0.602986433046589,-0.568002595342984,-0.537860208525241,-0.510130070726842,-0.404963737664133,-0.398875424961934,-0.362713614473679,-0.366546141149141,-0.294192292416806
151.5,0,0,0,0,0,0.1270232738556,0.0182572594522245,1.12635985772376,0.494191718764471,0.331584423795266,-8.62374821837324,-0.743758560499611,0.421150664102538,0.305860716712611,-0.165273590062926,0.740258488082105,-0.124444412069258,-0.297034572059435,0.50488425056033,0.193144057665919,0.0657439130763626,0.0456122003775319,-0.212223058743245,0.172219172050221,-0.00708776636087633,0.148369866991148,-0.0922224793425402,-0.132186993285621,0.0998451525118322,0.0915664322238205,-0.0521282191905714,0.045731564900654,0.040831580717429,-0.0480486353541183,-0.0532545735430228,0,0,0,0,0.00124883818176376,0.00264777274294116,-0.0705105737624847,-0.159279292518517,-0.351141266981389,-0.705229856355116,-2.28468678978445,2.24445667304779,2.67694674564555,2.8272285439012,2.76059004553836,2.46979299455425,3.01491076586464,2.13662214128502,2.90445915239877,2.77883487509011,-2.87629291704403,2.76462720613387,2.0213606181122,-2.63446517744001,2.9242824927026,0.0953567143555501,-0.64505808814669,-0.620892221676828,-0.529858252484414,-0.560974250665129,-0.526838505974479,-0.513614504986483,-0.496868640186405,-0.403340669941899,-0.399878140897412,-0.356872147946145,-0.377167260775868,-0.308732222822991
126.5,0,0,0,0,0,0.127486887431291,-0.0608992027537824,1.28605899018706,0.419412782861346,0.373557492309537,-8.47709931169499,-0.520210990844456,0.0606283490539995,0.153044737345707,-0.102005874669171,0.734918574787177,-0.206020621546676,-0.315135146064663,0.375239573585067,0.231208502673954,0.185907982873257,0.0436141863714654,-0.161771703872421,0.170581712221149,-0.0172003823900868,0.0810255132827274,-0.0862013191457419,-0.124751192244609,0.0160454916881398,0.063584826674995,0.0203171945540251,0.0761469840873865,0.0511264825322163,-0.0906691237296428,-0.0918207845534084,0,0,0,0,0.00103636088092113,0.00217309281842703,-0.0783909137888607,-0.176071308312454,-0.383472781723506,-0.786715583401808,-2.43607477725495,2.27657215486297,2.6610015958661,2.79216881188659,2.7541778527118,2.45265026545206,2.97058061424033,2.18431018375097,2.84718902595374,2.7735056948137,-2.92284502262516,2.77509762524867,2.0845923262747,-2.61938192615573,2.91951015736489,0.0761841450510196,-0.638089810367884,-0.591769280717086,-0.501431192168854,-0.534849317130859,-0.489230217134637,-0.492797874026591,-0.491802416136816,-0.408862500757182,-0.405656781914561,-0.351344135298811,-0.389009566931848,-0.322593197380781
94,0,0,0,0,0,0.127950501006981,-0.149834574680268,1.35105891347098,0.408742766919009,0.402107077822762,-8.75576577556501,-0.124647940825807,-0.1107170252107,0.0530663399203642,-0.15363663806975,0.721957453757294,-0.109789693760678,-0.397857307787052,0.159739566880222,0.110506032680028,0.11501722457276,0.111516346791422,-0.120866421426141,0.155489825326437,-0.0803206052056202,0.00336650324440676,0.00111641710024284,-0.0270442272298281,-0.0216942867919609,0.0304627583091566,-0.0500450689260832,0.0358530401883714,0.0572078076398993,-0.0393788518562216,-0.0718207377543638,0,0,0,0,0.000823886336271025,0.00169746848537887,-0.0863408327139014,-0.192797564962572,-0.41528563369983,-0.873602343455994,-2.55773162265607,2.30632644276508,2.65214645415717,2.75644644352115,2.75079178621472,2.43965073150268,2.92314763532726,2.22701571086615,2.80105087321786,2.77117514639067,-2.96629541245932,2.79583872930606,2.13651651676888,-2.61996361749905,2.92216853277759,0.0443015024221777,-0.634587144354972,-0.563326327596894,-0.481289507253995,-0.51578800998696,-0.455291282206809,-0.470396559872743,-0.484765157228945,-0.414989639286347,-0.409270681526055,-0.345781568506229,-0.398393914421315,-0.331950078815679
84,0,0,0,0,0,0.128414114582671,-0.274446306173217,0.989272276045783,0.520523746441483,0.424953533458431,-9.46153936058995,0.077144612604442,0.0681183370781782,0.136657626108353,0.0300321433289566,0.842759392611525,-0.0288781107457786,-0.300356150668989,0.165320410032032,0.122296690394474,0.0705271949218438,0.0619278905916289,-0.1209415995994,0.172582526784155,-0.0542702870250054,-0.0799616846288135,-0.0800917274932662,-0.0247245719623721,0.131153481350231,0.0619908140744749,-0.0985025293633092,-0.0109451369965761,0.0430366751868714,-0.0204359706762316,-0.0264356133308402,0,0,0,0,0.000611414566943941,0.00122089713837483,-0.0947358310694887,-0.210584049734581,-0.448502918426702,-0.960742162264466,-2.6544912082733,2.32833390965811,2.65145249255898,2.72318393214439,2.74606582684806,2.43753159668589,2.8737758715214,2.26187067820735,2.75485900082506,2.76470503232908,-3.01028869412623,2.82076244077323,2.1889989870654,-2.62121350535799,2.92926153635645,-0.000421666835430979,-0.640601079350454,-0.536682042329308,-0.463964486140547,-0.496733920915065,-0.4240931578815,-0.446557279429724,-0.472736844903675,-0.419276330040448,-0.407134736266098,-0.338873264535043,-0.406732661972429,-0.335997301116226
84,0,0,0,0,0,0.128877728158362,-0.358893845010961,0.889167382817153,0.677918201152098,0.477038244627242,-9.63631090426004,0.252839559464189,0.0855277883073745,0.085758472347368,0.1370549187106,0.867805275297973,-0.0900055023611813,-0.214791741313191,0.347813352346104,0.175713063568072,-0.0425286858548258,-0.0886338220011975,-0.108520956308807,0.225231162168753,0.0409467489718895,-0.135246935051936,-0.170920122000378,-0.0176941397167383,0.252649242137956,0.104024285981221,-0.0903368402174174,-0.0558798525348786,0.0402676531061796,0.0540655943981943,-0.0211149306095345,0,0,0,0,0.000398945592068862,0.000743376163328171,-0.103641180350591,-0.230039028840455,-0.48582955058702,-1.05516962151166,-2.72645187036186,2.34745408354721,2.66100021619812,2.69707335998753,2.74243975432483,2.44140233984393,2.82665150133532,2.29340382207522,2.7111336972682,2.757405040896,-3.06329145349079,2.84429092462195,2.25135481202217,-2.61719635664495,2.93257080587856,-0.0529523023045567,-0.655801673828149,-0.512741331633476,-0.446825581109053,-0.473387038982901,-0.395280347473854,-0.424047954633994,-0.459110703934209,-0.421983286924976,-0.399163533629807,-0.330810596196986,-0.417296156211324,-0.337886987195439
84,0,0,0,0,0,0.129341341734052,-0.379478566883193,0.984164067966206,0.716452348297425,0.53314151822599,-9.55129572551269,0.499156896649962,-0.194069001543436,-0.0020319905313536,0.0869567722588016,0.738905346769785,-0.00127335908414477,-0.135850286351388,0.539108892982025,0.298025335253572,-0.0844875447986374,0.00725578327455878,-0.091606618118951,0.276890885445045,-0.055935850428603,-0.0284868143082311,-0.110385492310499,0.00635783874993151,0.124700581661449,0.103631496057995,-0.00410089682633422,0.0129035354841468,0.0603807597770695,0.0634350186961982,-0.0086246785532686,0,0,0,0,0.000186479430773261,0.000264902937456273,-0.113039422384156,-0.251114231562377,-0.526633788464088,-1.15426249327562,-2.77589674914357,2.36838164483374,2.67919873128346,2.6754371051395,2.74543317757091,2.44289608680086,2.78429531204865,2.32628989735255,2.67268292637633,2.75539074266989,-3.13047732594175,2.84804654980279,2.32484839242575,-2.61101945691563,2.93166269806159,-0.113485812623278,-0.678251066121135,-0.488611331063679,-0.4234199130367,-0.448840808227176,-0.371078402372232,-0.403351088172735,-0.445794459800182,-0.430507511491258,-0.387108946373284,-0.316026824762329,-0.427455124467445,-0.339016697560433
72.5,0,0,0,0,0,0.129804955309742,-0.382443100177534,0.743510680672149,0.644011776460528,0.52116710360825,-9.40084104004074,0.734590255644515,-0.3055578739626,-0.00843925174158637,-0.0136444256904645,0.500099819789053,-0.0252371789655119,-0.0661074750109842,0.542423850685406,0.422806819142084,0.00967791461745865,0.103941527521311,-0.117475846146091,0.255133075093612,-0.106013266461811,-0.0938728182990917,-0.191397676913623,0.0779603301095305,0.0025943198083106,0.100252082612858,0.0191348003736232,0.162986474079212,0.104696954531975,-0.0851038738701701,-0.00500901519104647,0,0,0,0,8.30393596141456e-05,4.55474753186739e-05,-0.122011683278591,-0.271776344972032,-0.566441638057599,-1.24546777176175,-2.81326365899509,2.38620428527473,2.69946932342639,2.65847756951907,2.75395372891835,2.4446699134474,2.74581288928619,2.35873031778671,2.64159849483515,2.75724484575271,3.06536302238849,2.83659471797324,2.3742831383925,-2.61082676343953,2.92817676654194,-0.180746442516834,-0.706731216806129,-0.46637949453809,-0.393574759277827,-0.423866649585956,-0.347207518152984,-0.382035824073239,-0.430256810631592,-0.443404629316667,-0.375830428695376,-0.301265851420869,-0.436647102433743,-0.339035011220794
61,0,0,0,0,0,0.130268568885433,-0.362873155814282,0.92168961536139,0.665714836930001,0.509184426654834,-9.27698457086057,1.22090377179548,0.00313781039980765,0.0972275834999529,-0.110696763375219,0.214999750229578,-0.226819210253407,-0.163922757948004,0.387530624772015,0.277967253471949,-0.0504613068439611,0.108186362641549,-0.265422990926126,0.245070172202847,-0.104780826786609,-0.201474499923753,-0.182337262390958,0.133418558501848,0.0172789427731014,0.0489393884335348,-0.023574668210861,0.145772201214646,0.105360531537751,-0.107699847106757,0.0896734586417057,0,0,0,0,0.000202964242025888,0.00126355573631424,-0.128185676965451,-0.28847559273029,-0.599337701562813,-1.32109585364911,-2.85061137315553,2.39417275175883,2.7127640584333,2.64111054015086,2.76157122110098,2.44480109800133,2.70651469147404,2.37465151496396,2.61297390219445,2.75914323297608,2.97720106895223,2.8203378457681,2.38442974115716,-2.62107027984533,2.91757875481,-0.251180324757579,-0.743357108093371,-0.451668390749155,-0.362616042161061,-0.394964868966474,-0.322329673707802,-0.360788310845072,-0.414148204716666,-0.457321569454479,-0.369219879724233,-0.289950466049107,-0.446075578042464,-0.337635835457375
70.5,0,0,0,0,0,0.130732182461123,-0.338128157421721,1.02183796981967,0.700891571758527,0.489076865710114,-9.09811640715686,1.96940255302898,0.380108174670617,0.331816328040365,-0.0439028941485417,-0.108009341731481,-0.512074508429662,-0.268239063197217,0.263200256139047,0.0562071978341892,-0.0948690414009832,0.216734949372162,-0.301535302494678,0.211189555317838,-0.0300694063555126,-0.227878502126706,-0.167258912559857,0.160850350043856,0.0284081555212752,0.00511514713155144,-0.00182799820286516,0.0807994363032121,0.0735518715948928,-0.0916209893839276,0.0650680398375304,0,0,0,0,0.000317472542933764,0.00244506268087395,-0.133851422207234,-0.30295785705135,-0.624687144022504,-1.37812359918222,-2.89091701979443,2.39721831051581,2.72180155231959,2.621280933449,2.76808636074678,2.44071276015847,2.66924120615489,2.37639784204399,2.583341270439,2.76026668186969,2.90638124340139,2.79433617255916,2.38204364488336,-2.6310684232021,2.90065681080034,-0.32575683365409,-0.791629770579488,-0.446516051715434,-0.33898250197976,-0.366292963498839,-0.298724719750163,-0.34262268932619,-0.398944080952887,-0.466911441845273,-0.360370417082943,-0.279165349281318,-0.45307550882704,-0.338252533346245
80,1,0,0,0,0,0.131195796036813,-0.312016160265096,0.765762105620154,0.687562025387603,0.451426757432036,-8.88151008349626,2.30271949531924,0.230962686940207,0.376593951836737,0.0326957099696701,-0.289582386658329,-0.579228872872987,-0.270682221191704,0.347141155553064,-0.0143822860786232,-0.121539550365804,0.268921487523537,-0.305956763113004,0.175635725484874,-0.0260664999833804,-0.308127544645833,-0.164152565094544,0.23985484530705,-0.016883272438615,0.0251781248240921,0.0556313679581408,0.0537131946567602,0.0720853801720227,-0.082362964355975,-0.0385646302797315,0,0,0,0,0.000309125886451149,0.00235799489919071,-0.140381240846614,-0.316007522225016,-0.642790779201202,-1.4157330749651,-2.93001396268109,2.40244799840883,2.73324596250917,2.60097560837662,2.77242300120787,2.43448239871481,2.63762153156324,2.36743084665981,2.55412873111943,2.76015385848113,2.8562220422321,2.76841987084019,2.37606413687786,-2.64219547477061,2.87944554401414,-0.395212212727791,-0.846820717628141,-0.45327896739026,-0.322839121194034,-0.342542448068807,-0.280776488529725,-0.329517439323662,-0.37849633640593,-0.463185774016678,-0.345973052968619,-0.273098337795784,-0.45848451774891,-0.343457193105188
80,1,0.0480659279683948,0.2808,-1.10715840863701,0.106570169123627,0.0975001727861771,-0.294999781877462,0.750665888427692,0.682598593677981,0.449981471566693,-8.84546102489022,2.33586871775404,0.0436976024182736,0.339313239429048,0.0561109083091828,-0.328496796519424,-0.48500642861222,-0.284071663815842,0.414294080005524,0.039890320304322,-0.200142620411787,0.336700958332611,-0.354558902489143,0.187416363928348,-0.104450129136249,-0.328866868947388,-0.192131135088013,0.281803710339118,-0.0449349300929054,0.065601079001043,0.0572997599333743,0.0613150019300913,0.0702743628153075,-0.05334405432156,-0.065319054203994,0,0,0,0,0.00030077937349223,0.0022711155225213,-0.145574827343308,-0.325857700237615,-0.653883376416499,-1.43494008723247,-2.96235739917689,2.40982914223946,2.74681759450995,2.58134928629122,2.77601223493274,2.4252369380052,2.60800701101822,2.34690691583027,2.52447193540364,2.75966752221082,2.83263383577881,2.77058370715504,2.37100651383128,-2.67017628207688,2.85587397033957,-0.442973478227901,-0.896300007638191,-0.468498681319386,-0.307613540589915,-0.321878963172576,-0.280519724243955,-0.333920403028589,-0.359809977500781,-0.449833847997037,-0.330543612880672,-0.269954789931529,-0.459706878594236,-0.350636394073562
79.5,1,0.0867114500515624,0.481998269896194,-2.36982223992464,0.19951176378742,0.0779434832756632,-0.299774310640897,0.798715144339693,0.701319931333525,0.462388909297453,-8.7495809416339,2.23651077580742,-0.0713297396411024,0.418163976966671,0.0824537752791994,-0.376962054508446,-0.322015211538591,-0.158709437169672,0.444291967951561,0.145185888938836,-0.25071808283794,0.384026389663943,-0.35117307330232,0.181678529390044,-0.188298613278706,-0.265992664950618,-0.209764527285858,0.231354135830336,-0.0517324490712353,0.070149991700501,0.0502398373218723,0.0706810075840401,0.033584298002669,0.0196603521402695,-0.0524342547053342,0,0,0,0,0.000292433004054469,0.00218442394130244,-0.149503254730689,-0.332606263607708,-0.657890640205204,-1.43715669031597,-2.99447006253625,2.41423216463582,2.75707965142318,2.56402853994634,2.78042538809153,2.41341544224231,2.57898624224844,2.32238112244608,2.49182894502643,2.75950907030391,2.82095064791492,2.85324066487823,2.36350391541011,-2.72610629595368,2.82681397875975,-0.45927029027089,-0.928498333788554,-0.489045973509915,-0.300207649367999,-0.312663983826023,-0.299593875338805,-0.35596736307817,-0.348421529060892,-0.433427745082272,-0.31634467883823,-0.270974649901054,-0.458055690599395,-0.355872820155006
79,1,0.0959220386879386,0.494016724336794,-3.26531616301127,0.229574701847656,0.0834967320261438,-0.303826939096575,0.825555357887324,0.721521256591809,0.500393416118724,-8.51254981809724,2.17541991370724,-0.233115154778009,0.562998878673883,0.19443942239201,-0.603056541840297,-0.124135495238961,-0.035168966373297,0.406050216897246,0.222998710551749,-0.348809713071496,0.385849164540113,-0.382349158686149,0.160047572084911,-0.147527177865856,-0.214667928619211,-0.14575325195931,0.219986145364701,-0.0777144471301727,0.0827716642903299,0.0219244577628922,0.0224668882911251,-0.0320548409571627,0.110367096381656,-0.0588429527832666,0,0,0,0,0.000284086778135326,0.00209791954859197,-0.152126505267219,-0.336285076431703,-0.655107313404181,-1.42317881267752,-3.02930349060945,2.41499341162967,2.76351619557414,2.54743115049604,2.78688023472314,2.40007922199059,2.55188315425129,2.29579711912139,2.45257582043351,2.75893285138245,2.81504790612268,2.9633254865719,2.35132117606436,-2.80464450131313,2.80041595404173,-0.44407433585144,-0.937416001005501,-0.51744505752727,-0.31102214509997,-0.321960005067874,-0.330604556656202,-0.380318222548337,-0.340251918556618,-0.419262143466696,-0.310594726134103,-0.277642073599387,-0.453360656316272,-0.35795852447552
78.5,1,0.104213990295214,0.536308150711265,-3.79065731044422,0.236664719766442,0.0796520569011918,-0.335550550163501,0.826673519986814,0.719169358565249,0.526217427731505,-8.43040236161923,2.20004666724902,-0.355667565774017,0.699805934341715,0.291247488102659,-0.802569865300285,0.0450834006645014,-0.00377963820405936,0.3431856136644,0.215846206008957,-0.541833843143108,0.384368778266731,-0.42089444922138,0.0783521557216631,0.0208503173290988,-0.212696033194569,-0.044589222522961,0.20891406135211,-0.0941344044664348,0.112515163521152,0.0195771900767406,-0.0524472000222485,-0.0336572970569451,0.15945151173151,-0.111048160883786,0,0,0,0,0.00027574069573226,0.00201160174005474,-0.15328574829799,-0.336783001071243,-0.645825848487849,-1.38940131354212,-3.06297217586323,2.41489623946024,2.76915534757508,2.53332261170366,2.80001964842965,2.38767467302554,2.52754569634962,2.26369315184331,2.40887378797847,2.75854827055241,2.8101408296112,3.0740204217862,2.3425807292809,-2.89822617959944,2.78271533850206,-0.407140228058784,-0.922877055755323,-0.547333683449206,-0.336102184354926,-0.350179929334986,-0.37033540859089,-0.405812368935559,-0.342669049092397,-0.415746335593166,-0.317474085658121,-0.288508735626057,-0.439426906943478,-0.354256751661454
78,1,0.100123143199438,0.544394909659283,-4.00862431751631,0.323189508651045,0.0862669279490499,-0.372211752951182,0.828340192758111,0.724123268742088,0.535440102064072,-8.42945722700487,2.18786717216135,-0.312714373163308,0.814643609358818,0.234549455434682,-0.862122721332609,0.0908324857221169,-0.0141405259720008,0.300539661649854,0.0976362741779813,-0.636675587054998,0.379411724225571,-0.413002984076023,0.0533619968972082,0.140393438594555,-0.21954558761175,-0.017363746858441,0.0868026640118537,-0.0385307426796464,0.115224651607579,0.081127154074002,-0.135197736798743,0.0246093407609995,0.17593087678198,-0.206847733333222,0,0,0,0,0.000267394756842736,0.00193163213358804,-0.152882633471116,-0.333915852122601,-0.629366124839961,-1.32967781995976,-3.09802292093786,2.41348580868046,2.77548519978329,2.52380021501224,2.81688049207581,2.37787417533999,2.50204444359527,2.22448061139281,2.36138107255413,2.75981446505415,2.79636844866673,-3.1268521152684,2.33742567550213,-2.98233808486095,2.76334894354525,-0.354765914531319,-0.889553849293569,-0.575050961395465,-0.376801067209538,-0.395615770349473,-0.413116993607066,-0.437598139905701,-0.358321596986524,-0.418956768834523,-0.336107509324762,-0.306108452970176,-0.4173922549266,-0.342597442879825
78,1,0.0987514219163258,0.541138330501457,-3.78810626191023,0.334494248692868,0.0869653323625107,-0.382629756068986,0.800350996276606,0.731089424568581,0.542187291310966,-8.56835182336556,2.11463815221355,-0.0482900871968469,0.868810804746121,0.177735210359506,-0.903987438116092,0.0233853534709325,0.0606084854869159,0.300369893497251,-0.00876796635855318,-0.605807430663938,0.314946156860424,-0.42504156329545,0.107636681737059,0.112300202307415,-0.164212205056367,-0.0237306390579702,-0.0460059036084742,0.0692571738724838,0.11779964275393,0.0642158811715504,-0.0905649483596161,0.0134655907732684,0.176505521371449,-0.207615845815322,0,0,0,0,0.000259048961464213,0.00186431559784189,-0.150837974678711,-0.327533123467315,-0.605365178451964,-1.23782392756305,-3.13480304052532,2.41146415248559,2.78281449864244,2.51643211900516,2.83291553746298,2.36897185153509,2.47341817384539,2.17781442946711,2.31007815091474,2.76097278358724,2.77536263872711,-3.12289581051979,2.33283011395302,-3.04073354484135,2.73567316817006,-0.298794313952556,-0.859665577437437,-0.610407255916974,-0.436308608376817,-0.450977771185109,-0.460521339480232,-0.480997913225234,-0.380876654868783,-0.424631769789991,-0.362146446201471,-0.324395911012997,-0.397414017953921,-0.331999440473285
78.5,1,0.0937059053076261,0.512656653016164,-3.16829797352777,0.332279549358497,0.0892593711190133,-0.395980933493708,0.746199914057972,0.746224544246499,0.579163577379826,-8.66990045044966,2.10757149601292,0.131124855148728,0.895788168796339,0.0825279333618822,-0.87320039548284,-0.00472615907502038,0.0635131938685361,0.306244235744725,-0.0775881340293722,-0.508026152264325,0.316695995707659,-0.452185608333723,0.120121581694158,0.084458259337389,-0.13141153051528,-0.00687505187536249,-0.0835712241601686,0.111970534634687,0.13707328218463,0.0298290611823856,-0.00418763785168373,-0.00971288696594798,0.129071741121625,-0.164149093042973,0,0,0,0,0.000250703309594152,0.00180962102951314,-0.147106088887956,-0.317468998467905,-0.573636066558891,-1.10770570287986,3.10816940452195,2.40874878535451,2.78756641540723,2.50854309622494,2.84562221730521,2.35886595448647,2.44391697834817,2.11943866141557,2.25370210183377,2.76069664583287,2.75600757244483,3.13441424966848,2.32845528173086,-3.09117231047763,2.70404385476238,-0.269974122394316,-0.886420563301607,-0.691709020623795,-0.537246404055089,-0.544403342409692,-0.541940309162474,-0.55813061543588,-0.432737685143719,-0.455024680017714,-0.406191406639022,-0.352911716001411,-0.392100858513046,-0.334861907275821
80.5,0,0.0779118567311928,0.445082792803945,-2.21363191747421,0.38760746601651,0.100950533988101,-0.415022660494471,0.959057344827047,0.680335942173096,0.552424362362768,-8.74583964772957,2.20523570465861,0.182464747935387,0.845689625723511,-0.0300271909905078,-0.8946419245221,0.0639537609113407,0.0314229875663179,0.256710443212636,-0.177148576503113,-0.456279113031562,0.364517424016836,-0.48592384830665,0.10232869738018,0.0800005732786059,-0.177344307440309,-0.00691257953900045,-0.0689467130115353,0.150123508463352,0.162154129806148,-0.027889394782317,0.0381190581351032,-0.015919875786539,0.103357493799862,-0.137898338923031,0,0,0,0,0.000242357801230014,0.00176135834674999,-0.141740905681171,-0.303900672383182,-0.534965041482368,-0.937664942778902,3.06035829270147,2.40309360507704,2.78869210874389,2.50024207694869,2.85963326880848,2.35135021898188,2.4103512156667,2.05687502538441,2.19157675083218,2.76111817501639,2.74149763548541,3.08581446022711,2.32773579534325,-3.13649757763036,2.66907129495172,-0.233605793149096,-0.90513216066522,-0.758014019013445,-0.616386724980359,-0.621234644518361,-0.607198213007947,-0.622539094239316,-0.479702827423444,-0.478647885719013,-0.444264245173464,-0.379302561762801,-0.389671273459317,-0.34131023876094
110,0,0.0621178081547595,0.377508932591725,-1.25896586142064,0.442935382674523,0.112641696857189,-0.436171788842254,1.85178415502147,0.610658337232572,0.430537561543665,-8.86336089163853,2.3981996461967,0.250240558687164,0.747584679866303,-0.0117613321657795,-0.933639756082622,0.13566799139537,0.128156248364207,0.134818071908832,-0.277732504511711,-0.377007568442298,0.411731596037642,-0.446387193938938,0.0901180408452012,0.0511355392673975,-0.1632402515199,-0.0655753791071982,-0.0401760014950301,0.208396956777315,0.197576345741847,-0.0446131553853378,-0.0226227182144485,-0.0122827303141462,0.0985079548734797,-0.0987126607752227,0,0,0,0,0.000234012436369262,0.00171319922100199,-0.135081110676675,-0.287466731808622,-0.490830197866858,-0.741542866968436,3.02748992669796,2.39291413999335,2.79024480265198,2.49266200875128,2.87473698377929,2.34739723584722,2.37035610909196,1.9975092177965,2.12799628933556,2.76386967397878,2.72491206169862,3.05263639833408,2.33059461085169,3.10061872425135,2.63488115867855,-0.172237524005783,-0.873620874995722,-0.768324266591707,-0.638843870439056,-0.642139282235548,-0.6215174981253,-0.641925187528374,-0.492277445035101,-0.474702972239386,-0.458954930726512,-0.387264341530886,-0.380046955396391,-0.340022973704626
138,1,0.0463237595783262,0.309935072379505,-0.304299805367074,0.498263299332535,0.124332859726277,-0.444811670696077,1.93601539126666,0.549437778277334,0.308614323964829,-9.01192248549019,2.51923123785434,0.236989114323803,0.729979206264783,0.0800597659029487,-0.91063484876331,0.130263126185022,0.107353186658016,0.0820260196456421,-0.305925655088988,-0.337580304320169,0.408344726485253,-0.365006839462104,0.0561971123215234,-0.0215621262652642,-0.178635784357385,-0.112623402343463,0.00526310088404257,0.183112662147707,0.191844062548224,0.0119200467453043,-0.106377151905223,0.0179944470844006,0.103099255484529,-0.132432665157559,0,0,0,0,0.000225667215009355,0.0016651433195462,-0.127924867913271,-0.269940790561902,-0.445314915645309,-0.558654381657824,2.69669500707543,2.38112020552764,2.7970019075782,2.48811659030892,2.88924075400574,2.33771377043736,2.33158603368753,1.94413959224658,2.06486578718943,2.7650412097719,2.71151228114867,3.07976061716856,2.33401585607353,3.05754733950585,2.60727920514265,-0.121233462613773,-0.850000392106531,-0.779566336549092,-0.663121963750386,-0.662881840662783,-0.631467772943404,-0.656883070990136,-0.5054964162658,-0.474539593621116,-0.470740296077067,-0.389336948147515,-0.369394157904136,-0.333416844693381
137.5,1,0.295126806294636,0.617437641723356,19.4087769367785,0.547630781758262,0.120207482993197,-0.443692910170266,1.55042858451383,0.532639124386349,0.215864232990599,-9.16162959032183,2.59417187848102,0.233442598984847,0.767756982359301,0.128219047203781,-0.820614891132429,0.138269342087229,0.137489658024201,0.00877455251577777,-0.26693698679177,-0.216738420807173,0.290450406466867,-0.272535591478425,0.159505605093698,-0.10364722114695,-0.276994360940765,-0.0621245231687461,0.105386709199063,0.0808729998894532,0.24723172563473,-0.00837926684194979,-0.149673716228495,0.120944690717014,0.0729535474400317,-0.126306685694782,0,0,0,0,0.000217322137147753,0.00161719031108257,-0.120829318968166,-0.252763381241359,-0.40238665908705,-0.419325622630855,2.17289718497097,2.37203881516895,2.8070764064773,2.48169852682303,2.91339467732899,2.3227315187903,2.29222393065427,1.88057119033098,2.00200076909141,2.7604778519155,2.7026510723596,3.11688602583203,2.33876326010128,3.02868755579986,2.58226074037162,-0.0824657558253485,-0.83452680439189,-0.790051350437099,-0.686613917615707,-0.682946177059862,-0.640160489178746,-0.669960826790439,-0.521240190808016,-0.472922018955317,-0.476515630226152,-0.388442634211271,-0.358283739132864,-0.327228410715202
136.5,1,0.21688493769243,0.42299477616875,13.0640535794021,0.364312397852988,0.0914749057726642,-0.481547542945365,1.05407585115319,0.462393719298822,0.202483821149692,-9.16399045550451,2.56111896735144,0.24888218063678,0.763463908676499,0.121819729185453,-0.598679784814155,0.16980233776938,0.155197305361802,-0.0562318264197012,-0.113293100148367,-0.0404861973822396,0.12780113665765,-0.106065100808589,0.276416297749699,-0.184270240344302,-0.341416228389715,0.0738757367190364,0.16337314366486,-0.00781874809784481,0.218718658082832,-0.0178214899135201,-0.114164993921438,0.135294011736572,0.000939668180233838,-0.0698118307788702,0,0,0,0,0.00020897720278192,0.00156933986572634,-0.11379440039742,-0.235943521926296,-0.362910701646673,-0.32384405613441,1.79213163461217,2.36397233366252,2.82075963960798,2.47286352581572,2.94865673397013,2.30710262873957,2.24531546360727,1.64728919466256,1.93883786071559,2.75458294785695,2.69514563051092,3.13861312280581,2.34571945393736,2.99869857336322,2.55128824067343,-0.0521019755146698,-0.82354383276942,-0.796121792893692,-0.708452583308191,-0.704814024788447,-0.653164855234802,-0.683067611423849,-0.538584236199565,-0.469750754118903,-0.476280159002252,-0.388210730876438,-0.346431357885287,-0.318037020470896
136,1,0.196713561333055,0.339636862709805,8.76268730837556,0.160698839336166,0.107917623841632,-0.514961480065455,1.43966265790601,0.32941724384557,0.264712855469627,-9.10247099821198,2.51550663135105,0.38436105634276,0.841669559715998,0.0662318520445496,-0.451406178952368,0.276811584286599,0.0903435158776914,-0.103263979477608,0.0255132949525098,0.137815357791838,-0.0169087220917056,0.14193674581717,0.392766544543355,-0.279370608500231,-0.330723622891046,0.0496271556548729,0.143900535221249,-0.0657967644301257,0.07362623174793,-0.0424567577429726,-0.108164559616037,0.14388068372809,0.00592495391851298,-0.0883648657606246,0,0,0,0,0.000200632411909313,0.00152159165500049,-0.10682002583289,-0.219475625843278,-0.326008964860815,-0.253301715840578,1.45908750815735,2.35085492951445,2.83515409075578,2.46305442553569,2.98560824736848,2.29707340919479,2.19891652800999,1.31119826568335,1.88047513567778,2.74689763593827,2.68981697977976,-3.10266762593641,2.35452794588718,2.96483246395722,2.50712063305362,-0.0271700220781178,-0.817198648613647,-0.800824398169312,-0.731327155737946,-0.729664899708098,-0.671420764311052,-0.695631787373946,-0.549570355221129,-0.464399695944532,-0.474698307208083,-0.388116575193309,-0.334257820460638,-0.303979891745587
136,0,0.189416049203843,0.327037303694371,8.43761659904561,0.154737370684697,0.106699154393129,-0.512122983599587,2.21835873259093,0.392274199958561,0.353102760811442,-9.51635774798626,2.6250666682991,0.865209852591543,0.961378029847293,0.109654283302352,-0.468944406515792,0.152284867465987,0.142190145913876,-0.0781888027206443,-0.0399020488020712,0.0736325278924483,-0.00646980982182698,0.0584658383493875,0.27996682650761,-0.140926567473347,-0.251936745091549,-0.169235157396575,0.0842654759415614,-0.0302827329582835,0.10204688619369,-0.0286917899230374,-0.135635685628774,0.161870095922743,0.036310775043175,-0.0709721849133984,0,0,0,0,0.000192287764527397,0.00147394535182827,-0.0999060868276199,-0.203638742915812,-0.291665029906426,-0.194970711661458,1.21143541848105,2.33227234548605,2.84577271459584,2.45067237275447,3.02039899260743,2.28423036194774,2.15550533208895,1.01669348104396,1.82684540194977,2.73644323024038,2.68859836174708,-3.0468648791955,2.36963334083652,2.93952935319207,2.45993133307604,-0.0118422742082091,-0.819592563771009,-0.809161150570019,-0.751710352796204,-0.752477039937975,-0.690095558144273,-0.703211872791965,-0.550930241838104,-0.457378021342765,-0.472793376091448,-0.386392137153515,-0.329085401062377,-0.298323474349027
117,0,0.182118537074632,0.314437744678936,8.11254588971565,0.148775902033228,0.105480684944626,-0.503189456001636,1.32988075661617,0.484978006595524,0.416575368988176,-9.73448939558197,2.4616483418423,0.896902815272884,0.874289404078412,0.241750797768027,-0.363242535519313,0.149665253862787,0.171566689012281,-0.142795216893486,-0.0814757107393378,0.0905083492678962,0.0193258345803306,-0.00271117254447126,0.175845734110139,-0.136922035139668,-0.16851444160563,-0.0438533531296361,0.100935589384893,0.0750849450851574,0.0517071538733046,-0.141321465837494,-0.214889842039553,0.239099738811705,0.0642492491093582,-0.061084263449116,0,0,0,0,0.000183943260633633,0.00142640063052572,-0.09305245369475,-0.188537001831482,-0.26038082655032,-0.146929638037078,1.02072880411223,2.30543962122244,2.8544401842892,2.43114400651069,3.06765937249641,2.2862163001695,2.11873677953161,0.709146165178123,1.78431370110438,2.72612363859223,2.69561547310696,-2.99314075135156,2.39626176002174,2.91667939654534,2.41407408468699,-0.00374173581206549,-0.823961805001629,-0.815965558759036,-0.761813688473337,-0.769187226056114,-0.701908427672856,-0.699846414377515,-0.550726849629723,-0.452869576135588,-0.466511141502509,-0.384806893537581,-0.325355758881854,-0.299216755958096
98.5,0,0.17482102494542,0.301838185663502,7.7874751803857,0.142814433381758,0.104262215496123,-0.484099628615819,0.966211822177196,0.403592643879571,0.44079674848892,-9.85485324752306,2.54582062674072,0.786077142147994,0.675180608730356,0.262407697338603,-0.28137651590028,0.163382539073033,0.15819740447493,-0.18401579885742,-0.0390981270118054,-0.00727206480404025,-0.120252120331742,0.114553844262702,0.26337712560072,-0.17477378102448,-0.255505479072287,-0.0125844814302975,0.093501154503745,0.152253198479522,0.105566823985676,-0.102823422059828,-0.153297666658315,0.142211010397139,-0.0324562373430973,-0.0445772187331808,0,0,0,0,0.00017559890022548,0.00137895716679428,-0.0862589763386383,-0.173891444558455,-0.23095716786568,-0.103613420424987,0.863286604364371,2.26214032548497,2.86472637969779,2.40398835695158,3.1192504097712,2.3183480546707,2.09176624023544,0.397235928438969,1.75514617910303,2.72117603032403,2.70785310834552,-2.95695615022169,2.42755179924849,2.89346939075309,2.36510472748922,-0.00225199612937257,-0.830138050138337,-0.82306087410355,-0.771084727275551,-0.78192741051967,-0.709810442668039,-0.691963533586682,-0.553823782232008,-0.45134272651773,-0.461086670118571,-0.390137357095867,-0.318551463685327,-0.290568794308784
101,0,0.167523512816209,0.289238626648067,7.46240447105575,0.136852964730289,0.10304374604762,-0.408990003415809,1.05542488320067,0.484003357249951,0.327273112987104,-10.0172409903942,2.39449941774986,0.599891931135721,0.774420535868914,0.307878837909809,-0.136527494061229,0.139754697698151,0.216739768736015,-0.156210096871319,0.134940730565534,-0.0112098185522893,-0.17021651104332,0.0640234692869754,0.233672021448561,-0.167120757199525,-0.0844532994340757,-0.115145858858306,0.00975139992488086,0.0853968163444983,0.14022529906524,-0.00267620068575583,-0.143807729870882,0.0346719407429438,-0.00666624739657206,-0.0695824561783723,0,0,0,0,0.0001672546833004,0.00133161463771344,-0.0795254850769462,-0.160060394954232,-0.204666214662541,-0.0696953754284767,0.738272706748052,2.20823027694879,2.87249110558581,2.37241269771097,-3.13365957332168,2.58006628071949,2.07441421172501,0.145225154356821,1.72523979941259,2.71674523148531,2.72365008210296,-2.93057087935642,2.45511099134431,2.8796391663464,2.31755157293108,-0.010646319812545,-0.841776194715196,-0.834987306944313,-0.788678296645301,-0.798495258672276,-0.718571393943636,-0.682118511751082,-0.55226270947935,-0.451800671880976,-0.459027101528466,-0.397418883326171,-0.312344709573302,-0.276243301985935
109.5,0,0.160226000686998,0.276639067632633,7.13733376172579,0.13089149607882,0.101825276599116,-0.327847846453215,0.735639640491741,0.468888655469483,0.131869780659462,-10.1990006686824,2.24613766854285,0.594205490886481,0.616897303475189,0.253190724021221,-0.125054049139463,0.17375646245286,0.135630516705933,-0.157444582212171,0.0605809466946985,-0.0438074288369089,-0.168028529250899,0.106999946585547,0.301710270924039,-0.12273752181148,-0.216882907169207,-0.215209310957449,0.132454215856702,0.122125062405838,0.0742438361014828,0.0338401317074028,-0.0692168766248744,0.00263540179559737,0.000126222470585309,-0.0216216066820716,0,0,0,0,0.000158910609855855,0.00128437272173341,-0.0728517914525727,-0.147490697523177,-0.183533128670584,-0.0501705279403554,0.626412614659769,2.14607806346156,2.86826131230424,2.3354375018113,-3.11057947335349,-2.5389789546951,2.05691815905206,-0.000508214783020655,1.68628118008434,2.7070961501781,2.74226078906532,-2.91326966741374,2.48295025001382,2.87295574551183,2.18942752929585,-0.0249965758288042,-0.859299859521153,-0.850298660501651,-0.812191272786872,-0.818386331569412,-0.728126767720602,-0.67166037911411,-0.546728283691372,-0.451351809280463,-0.454093221061119,-0.39935617264492,-0.305122462045249,-0.268060693535805
116,0,0.152928488557786,0.264039508617198,6.81226305239584,0.124930027427351,0.100606807150613,-0.301882346162509,1.13676221983352,0.365071140513138,0.0562515191035788,-10.5829887992427,2.09990888146461,0.575917107598045,0.486607625541966,0.168148626066473,-0.151521064002957,0.165454527915897,0.0979967409654595,-0.248003821534107,-0.0342662560163961,-0.0356574399933604,0.0424500892299232,0.168964200536601,0.210802675530034,-0.192107846701049,-0.276463137563527,-0.0703382349087561,0.0697609155110642,0.0435266850532936,0.140309641465685,-0.0462140972179105,0.0346515847503269,0.0608177367345475,-0.0169321090091243,0.0317352733277353,0,0,0,0,0.000150566679889305,0.00123723109866791,-0.0660616200954104,-0.135383805545245,-0.164951381932264,-0.0368970035876095,0.53113611848687,2.0714963277319,2.8486041558903,2.29871998756613,-3.07305801001759,-1.42592177682964,2.02995975719662,-0.0737628235917978,1.62765385426927,2.70097921358365,2.76823825318309,-2.89603089162768,2.51666340471499,2.86719866266785,1.96687225520246,-0.044522157058748,-0.884489090349835,-0.871105096950455,-0.836122842171416,-0.83874984778347,-0.741904722479079,-0.665242683932839,-0.54129701329789,-0.447763366629313,-0.446214379041284,-0.397060259626735,-0.297306222872454,-0.262260696301864
115.5,0,0.145630976428575,0.251439949601764,6.48719234306589,0.118968558775882,0.0993883377021101,-0.291677141059333,1.58408454941144,0.44786583590825,0.0560457596869498,-10.8146136013284,1.8712997687309,0.531586684304173,0.412296237353514,0.174297305271098,-0.0538779535904816,0.129911089885676,0.10123651766655,-0.198274465228214,0.142103170038483,0.0408272662745437,0.0411464091016691,0.170819176077201,0.358774488827036,-0.12247905599805,-0.25077626956447,-0.0103323262042828,0.0277381251685421,0.0600471277780998,0.0959084275131077,-0.0492164352547964,0.0623843218367722,0.103929808765331,0.0142940372090276,-0.0511298407259212,0,0,0,0,0.000142222893398211,0.00119018944968691,-0.0591263463199179,-0.12287122872498,-0.146000653749786,-0.0229849559850005,0.460170359476312,1.98412715610601,2.80953001677555,2.2580400776568,-3.03647508654271,-1.30264624507926,2.01299119210798,-0.105747450749514,1.49955841022067,2.6907829900257,2.80582907348483,-2.87174693875022,2.55228085981301,2.85977332326475,1.75584085827885,-0.0640685656641936,-0.910411962953189,-0.896906535417742,-0.85790030755423,-0.857670484749484,-0.761942148741177,-0.660465843756119,-0.529008113258728,-0.442268678250249,-0.439639319656961,-0.391838600815172,-0.286134318204449,-0.256096760705429
114.5,0,0.138333464299363,0.238840390586329,6.16212163373593,0.113007090124413,0.098169868253607,-0.320517955417796,1.43737570302907,0.42648129932933,0.0591418661237383,-10.8750486230412,1.83447869598415,0.574010039668526,0.386499356293511,0.157277052840583,0.104974220429189,0.155170950729803,0.152926357166732,-0.161569771648705,-0.003606314659869,-0.186431517488297,-0.0480627616272621,0.14798256795454,0.264854201340861,0.0411265631876453,-0.04302638121261,0.00308076236127333,0.100636272225076,0.173867131535974,0.0868627057528857,-0.0335047535761157,-0.0422753875846737,-0.00513121758303322,0.00704548357577601,-0.0320720408928969,0,0,0,0,0.000133879250380033,0.00114324745730946,-0.0520579863178883,-0.109833125569828,-0.127111241993887,-0.0110317074087951,0.400430393818125,1.88424525250246,2.75178189196725,2.21490683833032,-3.02971205993341,-1.31996539039971,2.00131884421998,-0.116358204781629,1.29675136921126,2.66914881644728,2.84756121011963,-2.83394297059341,2.58879144837197,2.85396727996034,1.56643237371502,-0.0824171323440979,-0.936911356729671,-0.926060252602014,-0.878206830786871,-0.871636704179289,-0.780801393569421,-0.658596688398926,-0.510797890586258,-0.434674240483459,-0.436728118694986,-0.386216353485884,-0.27022365021654,-0.252862214027591
114,0,0.131035952170152,0.226240831570895,5.83705092440598,0.107045621472943,0.0969513988051039,-0.349224561268137,1.58170293674746,0.520739239135792,0.0785082474371771,-10.8225855559683,1.53433633992323,0.401097978672679,0.616543297591636,0.136898961526535,0.0869281160347038,0.187834255170849,0.00710151637244077,0.00435657765971006,-0.0972072980034318,-0.262316389837811,-0.0722884260605866,0.126675193783887,0.194917952628794,-0.00682794775300443,-0.0260337586185392,-0.0142980073279695,0.165097307777103,0.136118341727345,0.0652948833080755,-0.0150837892332686,-0.0692567820577355,-0.011877355334844,0.00903655694801612,-0.0655399602542728,0,0,0,0,0.000125535750832235,0.00109640480539662,-0.0450866299496376,-0.0971646399235199,-0.109981981888003,-0.00309614025283382,0.342847966790645,1.77838720136702,2.6834015872884,2.16434259373215,-3.06787712662292,-1.23112573463297,1.96807889315366,-0.118500002224375,1.08466466659968,2.64394440401728,2.88045097404702,-2.79504563823553,2.63364348964339,2.85679769903957,1.38023012498925,-0.101985990037611,-0.968088350854271,-0.956260845701956,-0.893720708737034,-0.874240150104287,-0.786295429994556,-0.657543395042745,-0.49987932415046,-0.425686460378335,-0.435310915979699,-0.379090219869147,-0.253367358225961,-0.251448376030418
127,0,0.123738440040941,0.213641272555461,5.51198021507603,0.101084152821474,0.0957329293566008,-0.33394052971273,2.04239986157731,0.496236869892664,0.0956330903836695,-10.6211571386306,1.66147364195409,0.434052401968735,0.720806026250999,0.133326292429896,0.0909456524578754,0.131055389038876,0.044440127788544,0.201102019941678,0.120656388301409,-0.25294023852996,-0.126032217193762,0.219647986218899,0.166661328115641,-0.0328825108516005,0.0207728798728574,-0.0627820252230008,0.208219158544109,0.132032209077287,0.071146839586363,0.0183916422890485,-0.00730279752755559,0.0699984198137804,-0.0802549619010571,-0.136736905344076,0,0,0,0,6.14141447963273e-05,0.000479496034645497,-0.0392119970439705,-0.0860252127484644,-0.0959323843373727,-0.00148465575144664,0.281775720181905,1.66633454890121,2.61383200831924,2.10400145264179,-3.1348978041246,-1.16092924799454,1.91379435880685,-0.13550228375375,0.904018088608881,2.61678542946443,2.89734194439205,-2.75039302179122,2.69069905534925,2.86878888829574,1.39318141217096,-0.113318043762289,-0.990897961243977,-0.976282703768077,-0.900954581595847,-0.868057380391848,-0.780158021434022,-0.652214196217769,-0.495226073129341,-0.416328584156485,-0.427083315711699,-0.366395559949347,-0.237759641891635,-0.243915428639574
129.5,0,0.116440927911729,0.201041713540026,5.18690950574607,0.095122684170005,0.0945144599080977,-0.321391258334926,1.60378570760448,0.484614465572315,0.0984910911324408,-10.9884626325649,1.70106548800227,0.571696783024451,0.462253522322243,0.202305297682314,0.160592153052376,0.13108149501793,0.126035598932623,0.0268964902037413,-0.0349561875972176,0.00408447411686611,-0.00272784394462665,0.153640459442259,0.232081165327363,0.108857051470935,-0.0932773927425589,-0.145958209026011,0.0645603607214558,0.00588089511019431,0.145659014090513,0.00476240455811926,0.0965197198825992,-0.00190423479449917,-0.0709552090131977,-0.0470415887225945,0,0,0,0,0,-0.000119662029368385,-0.0334608953381859,-0.0754107367744279,-0.083747683778283,-0.00505917044337437,0.217461928697283,1.52974289253411,2.54488508240249,2.05250787983795,3.06175987093686,-1.12872919377784,1.84273190211346,-0.1591829099529,0.75528039271185,2.58012021237146,2.90272690738187,-2.67134000545574,2.75665967233558,2.89450972225372,2.05007937130565,-0.122172013968891,-1.00861916984406,-0.992849201942982,-0.911375354152467,-0.870830362363597,-0.781063365196106,-0.649452148158326,-0.492222641890289,-0.408019698742343,-0.411716379860915,-0.345685950341321,-0.222358023373953,-0.222732054868954
146.5,0,0.109143415782518,0.188442154524592,4.86183879641612,0.0891612155185359,0.0932959904595945,-0.323823009448713,1.68793996476651,0.612287210510966,0.0918423435696067,-11.2587703882395,1.37258776264245,0.409421957140235,0.328591537501389,0.145911715888337,0.167029713992131,0.147696165787188,0.281804058569154,0.0407576418794414,0.0192481820493544,0.111630482388077,0.186868203054071,0.0772705736582283,0.0582705344677759,-0.0506635168210255,-0.0671505973013486,-0.0777530828524632,-0.0270090657232958,-0.0139018301070571,0.127810713950725,0.016964555446129,0.000974374442643458,0.00677021280715275,0.0408392237971073,-0.0454710100803634,0,0,0,0,5.0735553913277e-06,-4.33999573369583e-05,-0.0271214617557548,-0.0649120271775113,-0.0728269244187623,-0.010781882409961,0.158131984021136,1.37545045297079,2.46408976706459,2.01329673166384,2.9664470365139,-1.11652088877749,1.76049846780582,-0.18501276628221,0.568418993849415,2.54229282792644,2.88907135329774,-2.59325158129066,2.83325679802149,2.92258748651439,2.88786915861334,-0.139497436723591,-1.03973302832435,-1.02178782198513,-0.93290556509003,-0.889174728519963,-0.795067179584237,-0.651873866446167,-0.491123480599508,-0.403268470879373,-0.392272174136424,-0.31770712452773,-0.206809931462303,-0.196112392480494
174,0,0.101845903653306,0.175842595509157,4.53676808708617,0.0831997468670667,0.0920775210110914,-0.325522900936102,1.78207933885006,0.557681176748406,0.074482718196861,-11.2368513409519,1.36748045753075,0.57517446620608,0.416366810982927,0.267747789781549,0.238810284809163,0.157299882014149,0.340483172260639,0.0985859152844035,0.0882943086751098,0.0911071627048807,0.127008983695079,0.10485090270246,0.174776175597649,-0.0117237597642089,-0.077495863293183,-0.110053792701691,-0.0380155924033707,-0.0758924199946772,0.137918414552971,0.103212463705028,0.0471795404661261,-0.127727688378779,-0.0348331669520694,0.00820164388119731,0,0,0,0,1.53491109480133e-05,9.21994556239967e-05,-0.021263547203833,-0.0555205335117091,-0.0638065106936621,-0.0178447570722417,0.105385799565886,1.22001564483547,2.37556599331095,1.98981738580562,2.86094097153278,-1.12109322084442,1.66817763351461,-0.220662997734816,0.421921867446203,2.51799223616982,2.85381652343068,-2.5461850933329,2.91729854877372,2.94899082866995,-3.00674499662704,-0.162747629105431,-1.08848118559511,-1.0642544876239,-0.964356347773562,-0.915297565682858,-0.820400142957897,-0.664673079743381,-0.499099001247948,-0.401758227859228,-0.367426261677235,-0.286394490643046,-0.185057903171084,-0.16417902462248
174,0,0.0945483915240951,0.163243036493723,4.21169737775621,0.0772382782155975,0.0908590515625883,-0.325176542622685,1.27123748538641,0.447309194855325,0.0706178333207354,-11.2594287038665,1.2166903832083,0.499425014831866,0.247512726761031,0.169942626022037,0.299170769973014,0.0414211039897881,0.21487913685086,0.115468759157831,-0.103129584586801,-0.0692419821572089,0.122586384165571,0.0266515077384192,0.119369088833091,-0.0472495565382589,0.0991031421028187,-0.080156262834251,-0.0406002376489009,-0.0178733658047091,0.0490261634825623,0.0301802752228399,0.0310034989568499,-0.107237224408497,-0.0151048154035903,0.00908437773352792,0,0,0,0,2.5624667179568e-05,0.000227800021491106,-0.0159718792437382,-0.0473357444906901,-0.0567221659750873,-0.0263211926368013,0.0559907249597895,1.05827943393994,2.29619220727202,1.99426456842953,2.76001519228427,-1.12658634744914,1.56274128282494,-0.251405727305611,0.363137508713132,2.50520047715399,2.81551141936186,-2.52707306623001,3.00794398026283,3.00212832158733,-2.84449943828358,-0.181467787623763,-1.12531698347338,-1.0918889833658,-0.983541123692873,-0.934400182867191,-0.84341330280078,-0.678889880853208,-0.510182358203014,-0.397046520315198,-0.341644086733299,-0.256578744668674,-0.160415997019715,-0.133089927092536
174,0,0.0872508793948837,0.150643477478288,3.88662666842626,0.0712768095641283,0.0896405821140852,-0.323315604095293,1.6164766071883,0.445237928092487,0.0802248817603553,-11.2449798897615,1.39097652652483,0.568103935064068,0.309829226294106,0.201619024906849,0.36378543143008,0.260414410904432,0.11153264706692,0.170190975476587,-0.00972442294766814,-0.0331992241951104,0.103902998982766,0.0376082950522014,0.135234938040431,0.0385802841690208,0.0805547277662324,0.0580555889104155,0.0385147860631349,-0.0517602383632214,0.0776833624344714,-0.0403456830376552,-0.0389512496820699,0.0544548916640726,0.0359236438532284,-0.0525554966210705,0,0,0,0,3.59002240838229e-05,0.000363401735292309,-0.0112665293006281,-0.0403554278934833,-0.0514914636889502,-0.0362253502659371,0.00941912409228607,0.898521700190055,2.22500737737033,2.01267756461986,2.67405503583033,-1.14091773394126,1.42664643711511,-0.278725948472886,0.297172961346195,2.49667881014705,2.77918687274014,-2.52348553800571,3.0961242499733,3.06089344724781,-2.73891876138466,-0.184711746696033,-1.1285502143294,-1.08812445398241,-0.978716026752705,-0.938136036944021,-0.852544904955229,-0.6844067063093,-0.516023553930172,-0.389864110865665,-0.329375951531192,-0.237216902996571,-0.144217595374068,-0.115669078069464
174,0,0.0799533672656723,0.138043918462854,3.5615559590963,0.0653153409126592,0.088422112665582,-0.320570164539799,1.26134250859272,0.40367599966469,0.0889756618688473,-11.0887642409947,1.48404883579643,0.728107527478258,0.340643704563708,0.261237363580597,0.308708607136705,0.123817582576447,0.0961257709147341,0.157336721688387,0.0277582653778672,-0.079950780408263,-0.0433781218203851,-0.0380609236803344,0.238563927870327,0.0735081060476351,-0.168993333749542,-0.10931741219587,0.100051506859528,-0.0781004127268459,0.0358085771817514,0.0494200160275987,-0.0513753740376333,0.0521926998713263,0.0236443185088848,-0.105958860127851,0,0,0,0,4.61757816586089e-05,0.000499004592055289,-0.00721998957494125,-0.0346667576813173,-0.0480897113678224,-0.0476021845654458,-0.0366992990695483,0.742086562101823,2.17408193951272,2.02898650588373,2.58040528953932,-1.17648265974169,1.29446546608699,-0.325855353324715,0.255307923252643,2.48831650766086,2.75513710796706,-2.50876973273531,-3.11658901209107,3.10333757061416,-2.6736786467673,-0.179743097983137,-1.1189191324396,-1.07404360319501,-0.966744128445025,-0.936423123266991,-0.855719216176719,-0.689080085451886,-0.530685238928222,-0.391315751902147,-0.329985443233125,-0.230667206315116,-0.136171773342113,-0.104131084067411
174,0,0.0726558551364609,0.125444359447419,3.23648524976635,0.05935387226119,0.0872036432170789,-0.31670492864842,1.20075445147015,0.29310926621888,0.105353027783649,-11.1312891948991,1.3892873978751,0.546935550632281,0.276015443212079,0.141208892604577,0.24803134715595,0.211489149145055,0.29147869527079,0.0198846069081085,-0.0715104968125036,-0.15571059091604,-0.0108619894249634,0.0951900639994182,0.163011111786968,-0.0537670551554545,-0.043550531176625,-0.0795976796148112,0.105157858733679,-0.0696568640136431,0.0816702682568987,-0.0604821996319782,0.0176152405355136,0.0446563581323428,-0.0852776560124372,-0.00524931061572237,0,0,0,0,5.64513399017525e-05,0.000631584486072548,-0.00388478975947896,-0.0303159138301298,-0.0464631309724501,-0.060137477217227,-0.0800933890086659,0.591948312006276,2.1303577595227,2.04112387439309,2.47788432862327,-1.17530111029821,1.21445382933125,-0.389938485431466,0.249480252042304,2.48163343046806,2.77077857368294,-2.48451218574364,-3.05771630700141,-3.13851442527568,-2.66427137944281,-0.160149666140632,-1.08248821631755,-1.03772785346742,-0.937738303086145,-0.921912667563785,-0.846196635153896,-0.681833032150505,-0.54743555141545,-0.401753555850829,-0.336700554893206,-0.240295447459848,-0.147619347458119,-0.113168112710312
174,0,0.0653583430072495,0.112844800431985,2.9114145404364,0.0533924036097208,0.0859851737685758,-0.3033388546288,1.96565550542474,0.372628302220268,0.112740262585426,-10.9607734716726,1.43140676691609,0.447518807205832,0.258361624460024,0.33212614830735,0.330391842623897,0.237035067457712,0.243225689890274,0.0263500456288686,0.0185990231462405,-0.0185000668513019,-0.0891125443747076,0.0365826695529187,0.0827735206046303,-0.0758945259476765,0.0459404767002049,-0.0544729366168358,-0.0349788898817036,0.0746828384959407,0.0176791202649729,-0.00377470725795632,-0.0463203186715957,0.0210715239304578,0.0387895767532671,-0.123534174637689,0,0,0,0,6.67268988110858e-05,0.000577285581048042,-0.00176071201984749,-0.0280153369682406,-0.047435860870909,-0.0747195274812812,-0.119571372265374,0.472091835240422,2.08246021588279,2.07419001191766,2.38518707097429,-1.18913321360962,1.12383570353459,-0.458378564916229,0.235038759791573,2.47778656794829,2.82146450642094,-2.46851194591619,-3.00877778202595,-3.09905994819473,-2.67977788668154,-0.135683835728796,-1.03254322886715,-0.991519325655058,-0.905435517851004,-0.910248315581737,-0.841401838749704,-0.673256358175504,-0.556054526391569,-0.41698424948001,-0.343431866063527,-0.25862623975162,-0.169011764828804,-0.132210127271723
174,0,0.0580608308780381,0.10024524141655,2.58634383110644,0.0474309349582516,0.0847667043200727,-0.300991601251228,2.26616046411012,0.469427311907654,0.112268337401277,-11.1719488083739,1.1728746237751,0.525475901325135,0.329653572410685,0.293289627645818,0.343820885299213,0.245933699656254,0.0150520280536,-0.0200919788806623,-0.0469387533267754,-0.198177301837554,0.0360165364712212,0.11267854610321,0.208366460490402,-0.161055796339977,-0.0293428879559819,-0.123277809624628,0.0125603857030124,0.0500692268758964,0.0845737274044937,-0.0488584616729673,-0.0222426563448457,-0.0396655545992303,0.0882945640464833,-0.0117994418634831,0,0,0,0,7.70024583844387e-05,0.000331515043687792,-0.000857117628544711,-0.0277696676587381,-0.051017211669775,-0.091562940877606,-0.156031573396195,0.400060032788171,2.03403486532827,2.13881345663806,2.33565592527076,-1.33494740365734,1.05463876257321,-0.521365151788958,0.193761320708688,2.47684663264759,2.86928338180393,-2.4625147257904,-2.9697832114557,-3.05578663271917,-2.69749001579364,-0.129311507482128,-0.99883870993406,-0.952719406042918,-0.881304004467992,-0.913513291693222,-0.846962462114952,-0.67061290977637,-0.561329219010883,-0.436217059661443,-0.347957469164677,-0.274192528044276,-0.182032435991399,-0.139356037536237
174.5,0,0.0507633187488267,0.087645682401116,2.26127312177649,0.0414694663067825,0.0835482348715696,-0.314082313841902,2.36723536221477,0.434541979376505,0.115094671071568,-11.1398957703038,1.44748624746065,0.51280250009464,0.24462374101004,0.357966700851848,0.444976052076437,0.239907927955795,0.233975855174843,0.121705157211684,0.0140071410075944,0.120027830946439,0.104368766469884,-0.130532099830425,0.0804401290384883,-0.0698914115446446,0.0702243621495395,-0.169629316950488,0.0833347673005205,0.0586494745980725,0.000723505550947122,-0.0375123932442491,0.00143148449643164,-0.00264139592830653,-0.0546292915853041,0.0588903058808468,0,0,0,0,8.72780186196416e-05,8.26157409860155e-05,-0.000576863402260843,-0.0285780850089267,-0.055776627091039,-0.108920891870752,-0.191219613181197,0.353495653382702,1.97850287206059,2.19005278916059,2.29911302069631,-1.66972874255044,1.05673708843985,-0.586296431567634,0.146181992187682,2.47818307365879,2.88969440146905,-2.45618470787366,-2.94124837469081,-3.00993524335788,-2.76512978022621,-0.131168222064996,-0.969862414397525,-0.916077699829915,-0.861554118827904,-0.917354731681152,-0.846368995319272,-0.666475332349507,-0.568987020684479,-0.454111890583195,-0.354274065480967,-0.286867733885246,-0.190159917891166,-0.145385092321439
175,0,0.0434658066196153,0.0750461233856815,1.93620241244654,0.0355079976553133,0.0823297654230664,-0.31951866406491,1.59829105133224,0.525594977765282,0.114936146508757,-11.2054973256385,1.30538445518095,0.407021018054701,0.0450635914809486,0.29509276318333,0.242534650957574,0.264268824394103,0.226518225614386,0.0269473593695689,-0.00714355524336627,-0.0304604465809892,0.0289651460132133,0.0586670395468776,-0.0147299777707221,-0.00632851721018175,-0.0593139314398319,-0.250088965648155,0.193781911461786,0.125182216165094,-0.0841591102478488,-0.037722501479253,0.0470300207006278,-0.0657353794296325,0.0764818423868629,-0.0167484832926581,0,0,0,0,9.75535795145236e-05,-0.000166306845011482,-0.000577906389444664,-0.0297610549208943,-0.0609600051535476,-0.126957233334867,-0.227530777851091,0.328028898465405,1.93031664170186,2.23313656837608,2.26127100920931,-2.09696772641661,1.11746061781771,-0.649435575701503,0.125004982754,2.47855367354325,2.89914615308932,-2.44722838755557,-2.91611807701399,-2.96488347207907,-2.87856511122682,-0.1321790777903,-0.942620335371379,-0.887699123019674,-0.852416137824114,-0.917174934792697,-0.843037334737495,-0.665168540456703,-0.579771818621897,-0.467411838024058,-0.358827241157205,-0.295427202929705,-0.194328511309207,-0.152405798750465
175.5,0,0.0361682944904039,0.062446564370247,1.61113170311658,0.0295465290038441,0.0811112959745633,-0.352611656257394,1.24042178721774,0.477999875383488,0.112814071301006,-11.1403531982739,1.23061483712909,0.32391779786292,0.267931448691631,0.331448450536306,0.244874813619253,0.159276387414092,0.251608912733501,-0.0170597420327067,0.0823439119662339,-0.0600933312612216,-0.017921500318403,-0.00551100876123387,0.0565453125493226,0.128327583070151,-0.0418115810564315,-0.188168615974814,0.0272807100603243,0.0277297198688447,0.0670341213959206,0.0148310975913265,-0.0711324591983751,0.016735367928135,-0.00985721397668055,-0.00441295742598056,0,0,0,0,0.000107829141066916,-0.000415252686719899,-0.000530475767520363,-0.0306117564297902,-0.0656504101379588,-0.145048549127849,-0.262755107151972,0.319072687603498,1.88803495331616,2.29496794985968,2.23247360529675,-2.53238753425092,1.24307521930093,-0.695307613385503,0.107032089478247,2.48085814039396,2.90553218291331,-2.47754817035931,-2.88673158485433,-2.92116614316433,-2.97119720876263,-0.133127348871799,-0.918042254356843,-0.86752761777425,-0.850468265719669,-0.916174628124489,-0.83795551263014,-0.660606123498321,-0.586306838572919,-0.478871745509455,-0.36213240292884,-0.303164799824038,-0.199474316297286,-0.160773330824341
158.5,0,0.0288707823611926,0.0498470053548126,1.28606099378663,0.0235850603523749,0.0798928265260602,-0.303605526570842,1.50388977050787,0.366653570664642,0.125161471061181,-11.0906775479471,1.23281824330722,0.405059847784579,0.132824470604725,0.295700195705673,0.288752867182662,0.180596603920094,0.221112788596779,0.0477177263345692,-0.0106186414635032,-0.166734090268109,0.181389611595846,-0.0902803436461609,0.137139227019793,0.0569846628872411,0.117403474940938,-0.193122071371332,-0.0667853678539437,0.0275703439288435,0.0753530214322935,0.0327400244635579,-0.0616745282933821,-0.0758153787211452,0.102835480275114,-0.0131318340609033,0,0,0,0,0.000118104703274649,-0.000664221756537747,-0.000403434550847048,-0.0311324644437468,-0.0697346142815722,-0.162088137496221,-0.294240611277237,0.330102534298826,1.85611362222945,2.37720725681974,2.20585958247617,-2.87337578313688,1.37777294169317,-0.739987692955374,0.0200163499067472,2.49071439048652,2.90091163848951,-2.55374156719585,-2.85718538132645,-2.87919283151261,-3.03871056872268,-0.132899137426056,-0.893936395408196,-0.850676129212376,-0.846314932993579,-0.905173641681725,-0.81965344932363,-0.64895185645955,-0.586718365285924,-0.493005914578049,-0.370454539148265,-0.318793495099565,-0.218482864082486,-0.178909736636448
159,0,0.0215732702319812,0.0372474463393781,0.960990284456676,0.0176235917009058,0.0786743570775571,-0.269980078281835,0.811916541293168,0.504088872079154,0.14173000335744,-11.2500557962671,1.15774614425356,0.511534095363225,0.268358700827023,0.253946070457554,0.131222599946324,0.240989390140856,0.230663700360227,0.012327000597815,0.16470225464686,-0.095960990813225,-0.00423477037478986,0.0814902292071854,0.0267847474810385,-0.0132801132160264,0.0743881002646724,-0.0119629714958204,-0.0581586729565863,-0.0556678168860684,0.0184719055377746,0.0764398761119505,-0.0272124789749902,-0.0100937492169661,-0.0178077648536202,-0.0257854404608237,0,0,0,0,0.000128380266135552,-0.000913214026846827,-0.000276289345090427,-0.0316551337520907,-0.0738314426457108,-0.177300291464223,-0.317078200970528,0.382571177491487,1.83754805604509,2.45065359598009,2.17957769094431,-3.10985402024194,1.47726870588065,-0.808633324895178,0.959866282933001,2.50287641424623,2.89345718123623,-2.60208476792318,-2.82706288837,-2.83487397671876,-3.07449767504356,-0.137406041294679,-0.875313518728116,-0.835883928231178,-0.834376777404917,-0.877142170021044,-0.789420898424735,-0.633802110414562,-0.587614040627963,-0.51256493301652,-0.380780171123316,-0.344408406377708,-0.249090905385443,-0.207420304502321
135.5,0,0.0142757581027698,0.0246478873239436,0.635919575126722,0.0116621230494366,0.0774558876290539,-0.35984897007639,0.516157910732883,0.526721793303132,0.152204176085323,-11.0088992705226,1.21038933296468,0.485519009718031,0.164409810793512,0.0592050990812548,0.0962952708772897,0.163755666584789,0.0233279345282448,-0.117911778984717,-0.00656783082127732,0.00508848354313662,0.0665083240611553,-0.00646777628186029,0.0191001225630241,0.00399640975021503,-0.0197343662714554,-0.214665158601747,0.100415757273272,0.133950036944222,0.00098553088768288,-0.09503690988522,-0.0297891228822014,0.0419039858207712,0.0767259912207553,-0.0675109529200669,0,0,0,0,0.000138655829647458,-0.00116222947001235,-0.000149040026634308,-0.0321797751696388,-0.0779701936234591,-0.191549124031111,-0.336797759271801,0.433814306883203,1.82235170172199,2.49579819587476,2.15477974773522,2.73760555844571,1.50918204022143,-0.875740096178586,2.39876693953387,2.52066528959219,2.8887991210412,-2.63314280388266,-2.79379348602918,-2.78918982486995,-3.0816925728897,-0.147816741402805,-0.86510549898697,-0.827797283593302,-0.826888326132821,-0.852152676430598,-0.763604775416451,-0.618376770190511,-0.584461003090719,-0.526001318249586,-0.383992847771139,-0.365051325606419,-0.274307631139563,-0.234447353842023
94.5,1,0.00697824597355839,0.0120483283085092,0.310848865796768,0.0057006543979674,0.0762374181805508,-0.413445818081141,0.807026879745965,0.493254140499877,0.143142576859938,-10.945586354758,1.40029214746755,0.583967947352267,0.332600730923878,0.401904189458437,0.316528830708749,0.183274169209862,0.0861874696062343,0.00505614512817597,-0.0190486274280036,-0.0600154990793131,0.111488217011672,-0.0858849764915046,0.129658143921586,0.135685405613456,-0.18317508690681,-0.00398611235906541,-0.00711859495264543,-0.0846605399344657,0.0830726428259352,-0.000760631380474595,0.0385064890006385,-0.000279910862535971,-0.115673699932505,0.12575251814266,0,0,0,0,0.000148931393808193,-0.00141126805838275,-2.16864716735233e-05,-0.0321887882727151,-0.0809951858443116,-0.205159316070084,-0.357614467788007,0.460565274923341,1.8032152417022,2.53109212130201,2.12807145590971,2.26232282213742,1.47460004218227,-0.920444112548957,2.82817642635019,2.54122089976146,2.87913873460297,-2.69180592667641,-2.76102649555356,-2.75014104177661,-3.09318215698222,-0.158424467255555,-0.857232156682851,-0.823083601769707,-0.825328547604396,-0.835225865198996,-0.744633596178769,-0.609314662591258,-0.57813119336171,-0.531936302202248,-0.383639384052473,-0.376775633241216,-0.290619102644541,-0.253150711940698
95,1,0.00175264266894692,0.0145009856660764,-0.126285692273514,0.0138822611538492,0.0769539560986561,-0.443805090740701,0.848070392169978,0.560089084884525,0.162971497832279,-11.0381124575196,1.3858399881568,0.554003423209103,0.400304053659348,0.388849957094326,0.308099523569404,0.325427082453315,0.155983222724911,0.0959223220976324,0.0183883786241955,-0.0350920347467886,-0.00531542529923731,0.00103638798084039,0.230013073872724,0.0362176386506435,0.0931549179311611,0.00285234188153509,-0.0993295458505594,-0.0764860347265025,0.0814437538751242,-0.0540221819242173,0.0948856938363215,-0.0725708797588211,-0.0233031488977799,0.00453298522247628,0,0,0,0,0.000159206958615589,-0.00166032976428999,2.9691380060334e-05,-0.0317582715754388,-0.082953028851134,-0.218378873530394,-0.377496491586935,0.480803914476205,1.77978678257356,2.56575942445462,2.08928118411869,1.79224864783672,1.37105771082039,-0.964178032361403,2.82978845724334,2.55424951171496,2.86581005648875,-2.74700478616119,-2.73371376463373,-2.71889468023975,-3.12111588060981,-0.168696813411251,-0.85248322414606,-0.823543866768773,-0.825142649135944,-0.817408286260801,-0.722640910316286,-0.604809334006778,-0.575942501753448,-0.536625745728377,-0.386281386889864,-0.386113181907142,-0.299531384095568,-0.26532056245637
95.5,1,0.0418130465305908,0.345952086604965,-3.0128158013824,0.331191087527545,0.11443563398232,-0.438191222967013,0.749020942038762,0.581007648899982,0.294666283413768,-10.7366338201008,1.54613920906693,0.825605301153325,0.4422330962282,0.324045018585833,0.435731927009993,0.360806979408795,0.160892647338831,-0.0426096369281261,-0.142779272451889,-0.271297915612383,0.0444624355379835,0.0128088029299348,0.159244319029075,-0.0750643885364666,-0.0189251162638022,-0.084831131766991,0.0446364353631886,-0.0109418202353299,0.0122699211557577,0.0130913797740631,-0.0257726876473118,0.0375437509642114,0.00375174900328542,-0.0260450135023017,0,0,0,0,0.000169482524067475,-0.00190941456004935,-5.04319965683043e-05,-0.0312885864826274,-0.0846525476427402,-0.231916567117929,-0.397814037801372,0.498569423107724,1.75744529177132,2.6070273446811,2.04467988279433,1.34105550461429,1.20810596126739,-1.02349880124236,2.80201211893493,2.55833596751434,2.85964358440058,-2.78202011951224,-2.70372444559379,-2.69360221640522,3.13531260727464,-0.156649582951785,-0.818250924622837,-0.800559217046277,-0.802618726504335,-0.772859365222426,-0.67575815845621,-0.581942899165725,-0.563702098583294,-0.526121161061687,-0.38224552996394,-0.387580759588613,-0.306460532287845,-0.279733349539331
96,1,0.0670118635427564,0.359211382364895,-1.35066438201505,0.18485834461488,0.0983425831180048,-0.409130194302555,1.63847803200377,0.486485754118117,0.454077105558419,-9.52038386922549,1.01265289987529,0.523521083696641,0.464105947977846,0.103717482467349,0.0679098646688876,-0.0465289036956037,0.149772294692868,0.320373214377814,0.00825909814735407,-0.219399738231102,0.0346139991219256,-0.103692808261765,-0.0023852297016148,-0.274383144778551,-0.0132541817112223,-0.0445134290111371,-0.0764304569268348,-0.0921969834080119,0.0105236727593775,0.00925997919553708,0.0649303584723654,0.116774048890653,-0.033248936648767,-0.0266468091098117,0,0,0,0,0.000179758090161683,-0.00215852241795954,-0.000319204884678727,-0.0305648262746888,-0.0852049797327092,-0.243029940917104,-0.414784050347667,0.513529300686029,1.73606381034115,2.65455862404612,2.00477884770307,1.18729229378277,1.04432732002805,-1.11244460692335,2.79249804910414,2.56445206077307,2.85221669234313,-2.80675059326406,-2.66299557581691,-2.67599655059338,3.11317886911328,-0.130942693448087,-0.775625269422987,-0.769930235917581,-0.771545740511916,-0.724969129642247,-0.633240573889169,-0.558661298122163,-0.55125445644657,-0.510737434564971,-0.370829213124617,-0.384616418752708,-0.311271439387693,-0.290852211452894
96.5,1,0.090322071240893,0.313330814365781,-2.98998199211367,0.109235412173137,0.124554548881204,-0.337321295516547,2.30854618206463,0.404039979328481,0.482053935205304,-9.35262521328115,2.11026045932352,0.721597750555498,0.793532044853447,-0.111252744958893,-0.237914114707763,-0.371069091365025,-0.333586614833419,0.216530464247985,-0.0176429754885088,-0.280358653680701,-0.0658744561528715,0.00327925250170357,-0.0108987300872063,-0.185453282342372,0.105437464970332,-0.140896924318573,0.0750908655173931,-0.00441211065889166,-0.00357922799100719,0.0863181720220212,-0.130331540721607,0.0938482672419797,0.0795830090947534,-0.0694660792250208,0,0,0,0,0.00019003365689604,-0.00240765331030265,-0.00085600564693108,-0.0296167036095386,-0.0841951068686049,-0.250266124492641,-0.425272652520742,0.544419076386709,1.72798045259569,2.70613356493663,1.97862055949288,1.166350634869,0.992403076708452,-1.2111810737158,2.82666135990853,2.58224687392306,2.84356446720395,-2.82251620469147,-2.61892894538787,-2.65486834807899,3.10027780853127,-0.115332172464014,-0.763529626976525,-0.766465358270521,-0.757845628506634,-0.701213452865889,-0.616240169343656,-0.552025249770373,-0.55321354697397,-0.507982004816957,-0.365210014061379,-0.384738136884687,-0.315687094646448,-0.293863223043
97,1,0.0942314097065191,0.30461600810537,0,0.152290742025845,0.0271206704298741,-0.269798580756624,1.45111499182516,0.513049917524044,0.379653628836674,-9.15473205951681,2.38720972805753,0.679825534147088,1.1291761086864,-0.00991120873793228,-0.335115870967928,-0.474377538368774,-0.444713550490348,0.297747309366517,0.0121790805500273,-0.160207990941072,-0.100869726415926,0.0677868198394391,0.06447863727572,-0.184434511980973,0.13512749899478,-0.152469679482291,0.011081084531716,0.0606453650392127,-0.0778448900850909,0.0779758629194406,-0.266712906052128,0.127075882304496,0.207475880349345,-0.0400142381195266,0,0,0,0,0.000200309224268379,-0.00265680720934427,-0.00152732484365164,-0.0283596715514817,-0.0821561315014177,-0.255438613680388,-0.432668122082807,0.585520475820378,1.73438967851219,2.74878952232561,1.95928344666291,1.13695633194245,1.04349277653607,-1.30788412416795,2.87922815666178,2.605390248816,2.83554905200503,-2.82899092078137,-2.575395609925,-2.62159434295938,3.09490859137074,-0.103043498590422,-0.759811623080037,-0.766939263295913,-0.744646965535105,-0.682273907727687,-0.602220032842898,-0.547169765663546,-0.558494502774733,-0.507890447180224,-0.365074553613259,-0.383867995845998,-0.319537104375186,-0.294624452722918
111,0,0.0899187593767012,0.290674772036474,0,0.145320914015509,0.0325707766681141,-0.234063713993018,1.63906981621165,0.554686027098083,0.313856057853174,-9.17707931901725,2.29890536511784,0.89144233455008,0.999691053028151,0.114762869372932,-0.356299246972327,-0.425369815183131,-0.407394684326223,0.303879368759473,-0.0280169340242609,-0.142069009436066,-0.0788423463057308,0.0918504926323765,0.15355720646521,-0.216983130060856,0.232111857436016,-0.0990671997506314,-0.0576305734639322,0.0633102425565552,-0.100682094882806,0.00345329833863768,-0.139189420994296,0.0909467485105274,0.238805885314786,-0.139277849388944,0,0,0,0,0.00021058479227653,-0.00290598408733342,-0.00219926923796397,-0.0274524462799303,-0.0810750349712367,-0.260410602093106,-0.43738351489313,0.622597964929859,1.75272144707261,2.78286515469823,1.93593787960517,1.08654686275024,1.0704630078459,-1.39707802166411,2.91416615877037,2.63967175923607,2.82740955575396,-2.82720308345171,-2.53366256346166,-2.58174513819209,3.0902200821031,-0.0926595778683653,-0.76031913561356,-0.768317353645472,-0.741012345663679,-0.6735741266062,-0.597848447345819,-0.54698452661133,-0.563468778758637,-0.503105016525741,-0.36478590338582,-0.378582020240256,-0.312929916420821,-0.287081524860273
125,0,0.0856061090468834,0.276733535967579,0,0.138351086005172,0.038020882906354,-0.156479775740592,2.03572363181295,0.391132721262584,0.299152844333551,-9.08568900057113,1.97995526250707,1.13908663311998,1.05824196448847,0.117422008036864,-0.354790998758889,-0.573655629654021,-0.167825351720318,0.110009942268801,-0.0168423294552444,0.0653481880714029,-0.275609732551358,0.0598337708866823,0.0709165254194836,-0.372445989596757,0.316349657924404,-0.0296309426581086,-0.00623303493920737,0.064185129541709,-0.105637222728032,0.0106474550313668,-0.0918759739974799,0.111830239296207,0.0215013534721404,-0.0313405854503185,0,0,0,0,0.000220860360918325,-0.00315518391650262,-0.00287183909601541,-0.0271844131974388,-0.0815143076228029,-0.265786406773007,-0.439979967519475,0.66274078690319,1.77477710849893,2.80997523392164,1.91271615277223,1.03529580799963,1.08283386474068,-1.46513688541142,2.91933592163663,2.68201792450069,2.81975952643135,-2.83453795449512,-2.49440974778638,-2.538033127691,3.08702320915834,-0.0810790570730696,-0.760993942621181,-0.77598886034242,-0.752644258302096,-0.675945443437196,-0.601322180760397,-0.550833586783672,-0.561896447649609,-0.490976817385111,-0.361153720685693,-0.367358910027485,-0.298295647941158,-0.268245679544232
124.5,0,0.0812934587170656,0.262792299898683,0,0.131381257994836,0.043470989144594,-0.0813505013343173,1.5223173088432,0.370325043898835,0.275485194706268,-8.80237731533025,1.4311909983521,1.26563383262098,1.22914532362399,0.0298992129800944,-0.22113641167027,-0.612989633084686,-0.164610862977742,-0.0185693324250435,-0.126684772424082,-0.100842728667504,-0.00249960444258481,0.143871289682533,0.176483170445304,-0.295864160034744,0.13523383673293,0.0169879761232314,-0.174498285777522,0.0387561241277392,0.0360063901283659,0.00313557697777044,-0.0742991779922613,0.189262973559258,-0.0136933706771997,-0.0559172110106748,0,0,0,0,0.000231135930191589,-0.00340440666906772,-0.0035450346821853,-0.0270415023597874,-0.082476660234155,-0.271825632178534,-0.442194120887994,0.71414280208918,1.79367596361556,2.82822605713596,1.89651748021926,1.02285639853125,1.10185764822971,-1.50582157549876,2.90038044134067,2.71299611141124,2.8126101219881,-2.866771033133,-2.45903447426411,-2.51020652547129,3.08933026549,-0.0630049933122649,-0.749194992335371,-0.774683594649842,-0.753166966833154,-0.664648795835804,-0.59316324659431,-0.548531839790554,-0.549455649783573,-0.477461658138397,-0.357549069187688,-0.356117368648372,-0.291294290722674,-0.253175210773911
122,0,0.0769808083872478,0.248851063829787,0,0.1244114299845,0.048921095382834,-0.0270833325175596,1.3841440577823,0.540463938282368,0.262921117825649,-8.6355599012533,0.404817658944256,1.51270919146054,0.783149208029263,-0.067553226429408,0.0444281071517137,-0.377513680925707,0.141294908323866,-0.0277835643195355,-0.0437995439673192,-0.235919133916882,0.14423109625039,-0.00568185297254803,-0.0620238641737867,-0.230240001339628,0.101926265915948,-0.0693859863299443,-0.153616338338035,-0.104773347029954,0.0944293275208923,0.0523775823199328,-0.0238847198783971,0.210033778609442,-1.89797944310868e-05,-0.0336461393998198,0,0,0,0,0.000241411500094155,-0.00365365231722823,-0.00390960422743598,-0.0263291841287153,-0.0824348653555441,-0.276059857575112,-0.439828800861076,0.786339222434647,1.81974172720669,2.84515381978902,1.88672557473873,1.03732203901976,1.12091140059414,-1.52306314704196,2.87884125617662,2.73961636198423,2.80835353473004,-2.91989760536943,-2.42516039935943,-2.50032073690165,3.09635821001993,-0.043710103421366,-0.734470442971067,-0.766573384186132,-0.742582349543454,-0.642825406543233,-0.576530220999912,-0.540078686703988,-0.532583637397365,-0.467166054082015,-0.355492244909342,-0.347956059706464,-0.293274758162839,-0.247517620153247
90.5,0,0.07266815805743,0.234909827760892,0,0.117441601974164,0.054371201621074,0.0201904973223582,1.54291823991003,0.593892563273771,0.252700702438042,-8.32421920812541,-0.101332532599518,1.24647181300977,0.227733676420469,-0.0476877507365081,0.130945598052603,-0.123652494846238,0.176918894197256,-0.182962714057708,0.00295753505828018,-0.172614642668425,0.223379730005313,0.0674539247823205,-0.00181761954216694,0.0635277001619596,0.25345727188487,-0.191634512832934,-0.133844588837744,-0.0246001386942348,0.0470622195048935,-0.0848504206373468,-0.146908358693059,0.148544069992063,0.12705269583842,-0.0482482448347214,0,0,0,0,0.000251687070623853,-0.00390292083316713,-0.00395743761714201,-0.0249693611233384,-0.0813787513934976,-0.279119833911912,-0.436171642900359,0.86637083971525,1.84913849956492,2.8593539529917,1.87986554548347,1.05550442841087,1.14383823719674,-1.54082273161488,2.84610716424747,2.77230525467468,2.79700308691206,-2.99345962111762,-2.3886355406417,-2.49233982263898,3.10104623991918,-0.0297706305142378,-0.728799044225486,-0.761696385665166,-0.737039810643726,-0.63223089281295,-0.571231488113918,-0.534221195909198,-0.519031025100107,-0.459075117220567,-0.354146102284485,-0.33911750630934,-0.296199890303705,-0.244889803864608
116.5,0,0.0683555077276122,0.220968591691996,0,0.110471773963828,0.0598213078593139,0.04980307320288,1.64264034445652,0.479546459229055,0.25156294351628,-8.27274350782546,-0.373921425252344,0.993085097531509,-0.0546263559416063,0.145721693423024,0.268710825069708,-0.154687019418734,0.0958089113702364,-0.0767641386296575,-0.0310382937731744,-0.104858704412004,0.161988990255623,0.104693987785529,0.120820429331498,-0.00886299179269729,-0.0794434865252491,-0.106270557668686,-0.109363703494762,0.159822306576482,0.0583704171903824,-0.16924608433061,-0.0911207002541812,0.109667302421876,0.138028627451247,-0.0557482759945557,0,0,0,0,0.000251815515259434,-0.00388754828338565,-0.00350191644767962,-0.0231604693517624,-0.0807387834155349,-0.284229554328859,-0.437931176757887,0.934478857570831,1.88017330001495,2.86780319154755,1.87552976638779,1.08112568312327,1.16582522749896,-1.55692283923719,2.80832219947626,2.80037818363856,2.77378126875289,-3.06656675714057,-2.35036055284367,-2.48710698295183,3.09724602516613,-0.0189793817189856,-0.723087771669712,-0.752484121853961,-0.728337030076331,-0.626168017929241,-0.572167232468277,-0.529491905046997,-0.506114769285879,-0.452886249574214,-0.357606856014642,-0.334269818986733,-0.298405578886368,-0.245349594675668
164,0,0.0640428573977944,0.2070273556231,0,0.103501945953492,0.0652714140975539,0.0612147039856154,1.30396120717536,0.532632793695919,0.25866263281061,-8.29409422167275,-0.720892791025488,0.99552946431168,-0.296756064454532,0.0480033982992095,-0.00339103595238202,-0.247684797139488,0.0997474880737305,0.0921304033417366,0.00166688382294076,-0.14087938171616,0.131846968802884,0.084988945975748,0.145085890297049,-0.113763112916791,0.136486586294334,-0.0665624965620423,-0.0917415471614794,0.218960338309757,0.000498034803395208,-0.165200134377039,-0.160721851946455,0.140051456737747,0.059410879696091,-0.0163163026219012,0,0,0,0,0.000241539944721912,-0.00363814302208952,-0.00261140759717371,-0.0210167749149646,-0.080665598315342,-0.292289783028011,-0.442073926371712,1.00177657729188,1.9142085552866,2.86489751941384,1.86672800020847,1.11536280094803,1.19939498653832,-1.56638755353083,2.76857330925557,2.81061334695716,2.74350265303584,-3.13744017721703,-2.29384277217705,-2.48739789728342,3.0873585683614,-0.0131179541736277,-0.712196562308841,-0.740381091958642,-0.720201292424787,-0.618714785264813,-0.569531536909272,-0.526034192822199,-0.493794520646039,-0.450782945785944,-0.370729821803584,-0.336108527689467,-0.301587623666156,-0.251909175123103
156,0,0.0597302070679766,0.193086119554205,0,0.0965321179431556,0.0707215203357939,0.0641964101634577,1.04377215520788,0.519432772440072,0.262860918343056,-8.51659372321103,-0.779381860627551,1.12286069866027,-0.189130439454416,0.27356571354386,0.00920351935929662,-0.286949917602225,0.0992270434823716,0.0816585475902523,0.00396405890822429,-0.208046764201556,0.0575636104341796,-0.0136218750798149,0.145747450119284,0.0555910509968808,0.254911016980645,-0.20657188706946,-0.128221275281235,0.225758593109456,-0.0320226477887588,-0.0753030463231064,-0.0659282052087846,0.0928987474946433,0.0101780754336247,0.0195642598646556,0,0,0,0,0.000231264374811495,-0.00342695275285972,-0.00180286868592023,-0.0189894319777075,-0.0812556752347507,-0.303737454301276,-0.44933819543728,1.07425014706062,1.94225780770127,2.84893912366292,1.84890621567824,1.13397491805787,1.23547509752644,-1.5699502417688,2.72377539560209,2.81033713116559,2.71218387358848,3.07536061563785,-2.23839983241845,-2.48358325980998,3.06950670554747,-0.0119955218296991,-0.697048879849391,-0.724026747078212,-0.717115988355306,-0.614360403392694,-0.566288272102009,-0.523420616901181,-0.480036858150659,-0.448989500501095,-0.387068011458934,-0.339635940517292,-0.305093592031944,-0.264575751789329
161,0,0.0554175567381588,0.179144883485309,0,0.0895622899328194,0.0761716265740339,0.0545602821715609,0.775749531563409,0.462839134873329,0.258340297658891,-8.97710832055589,-0.904240543160298,0.9978759079384,-0.245654406818962,0.191903078203201,0.0508271010255305,-0.218210091550526,0.170076319820615,0.0694619475917868,0.0303403820303444,-0.203501521782769,0.0719443555968563,-0.014821183828278,0.13609709693908,0.0466924188919115,0.187760499256482,-0.0387473384681939,-0.0563139965095533,0.150675445494127,0.0419467766490655,0.0161228836114187,-0.109839110510967,0.125500571929081,-0.00225038368068839,-0.0726166607532934,0,0,0,0,0.000220988805530351,-0.00321566157941051,-0.00099184614906714,-0.0169438535813564,-0.0818253005185888,-0.316311182750767,-0.460484226849719,1.14998536237698,1.96712163047239,2.82985065745518,1.83318906051057,1.20043332732691,1.27202525636988,-1.56769275292319,2.67513043758194,2.80661487325706,2.68372852719673,3.00920729165519,-2.21609890986423,-2.46495721722772,3.04557933134224,-0.0111567728747181,-0.682207141621087,-0.708339647535437,-0.713836184482568,-0.612222879266305,-0.563672095284963,-0.524876246814315,-0.466451393471963,-0.450177651293935,-0.402241728367592,-0.342271056108215,-0.307766119257739,-0.278059204311519
166,0,0.051104906408341,0.165203647416413,0,0.0825924619224833,0.0816217328122738,0.0452452152771606,1.03758918470052,0.460955142031443,0.255461019280778,-8.57829874827802,-0.981244082541325,0.822970341762303,-0.286121189217508,0.198683950513519,0.218139040198186,-0.137433977120501,0.239456768337006,0.0184948675041189,0.0398605405574041,-0.259746890187363,-0.0509242580063445,-0.0200286062984008,0.138170395763969,0.092339306854933,0.0635018756783688,-0.0917926130211969,-0.0798707160321041,0.163502972341181,0.0176980682090111,-0.107329541869211,-0.0512802462167715,0.114563389639032,-0.00188886306322401,-0.104331516744033,0,0,0,0,0.000210713236880649,-0.0030042694482876,-0.000178329597262152,-0.0148798099316097,-0.0825073091441585,-0.329776007520196,-0.472023774151826,1.23107357766798,1.98883602143344,2.81701721730488,1.82330207653938,1.29759492248175,1.31043898150146,-1.53348738495928,2.6109534228646,2.79945452624461,2.64734429783412,2.94888625726468,-2.29301899771306,-2.44515168025648,3.02212578763998,-0.00756548481941146,-0.668551123422078,-0.696499915841705,-0.705911107181751,-0.606922443136175,-0.559490090755873,-0.529601176341218,-0.459172065952324,-0.454941764308215,-0.4154593776344,-0.344110000766701,-0.312325360597818,-0.296079672832358
117.5,0,0.0467922560785232,0.151262411347518,0,0.0756226339121471,0.0870718390505138,0.0420823419034318,1.35269021902285,0.424555183478394,0.269000233502921,-8.59840404573931,-0.835556031709997,0.9469381768396,-0.0715106752222339,0.265159767667856,0.0900073497129374,-0.17234112777004,0.0959653636793092,0.162082820447051,0.0578008086542096,-0.0877457735148905,-0.000298790798551742,-0.14164651993101,-0.0146356321661094,0.0463350600361574,-0.0260771978557606,-0.0832713732353835,-0.122039292834729,0.186720240084322,0.143881735627451,-0.0655962993471999,-0.101279733036318,0.0183024367077171,-0.0227563659909349,0.0561189428494954,0,0,0,0,0.000200437668864564,-0.00279277630602179,0.000637691409637833,-0.012797067696157,-0.0840537764604023,-0.347122975583106,-0.491674392302117,1.31284162199161,2.01097301944923,2.81159872311169,1.81889793162772,1.36312396871444,1.34292255948014,-1.41369789844406,2.53733903208429,2.7904678098839,2.5973901112981,2.89804094089568,-2.52024939287569,-2.41444598258818,3.00381560644284,-0.0028290547990243,-0.662286847143384,-0.680299403997387,-0.693331502410981,-0.601064475286011,-0.553856791174744,-0.533905925969206,-0.461382852355225,-0.460223150066904,-0.42581547377923,-0.348473546173811,-0.320107046256724,-0.318902754350046
131.5,0,0.0424796057487054,0.137321175278622,0,0.068652805901811,0.0925219452887538,0.0460620704338986,1.44801529456388,0.445275411393407,0.278690654165211,-8.60269836749684,-0.845293800481856,1.13399014807263,-0.197663339283956,0.197922142983064,0.193865717846764,0.173524199715184,0.367127431457601,0.132802845201536,0.154922040802128,-0.089397574568678,-0.00570369284108559,-0.169778322703741,0.0470431599213637,-0.0355514518891212,0.133555078945503,-0.0756353329892848,-0.137093577337287,0.199425750519567,0.032978985252716,-0.103882752850382,-0.0237447500327828,0.0289895485946944,0.0111428324188359,-0.0482518891364189,0,0,0,0,0.000190162101484263,-0.00221866521341194,0.00216327534716748,-0.00980895978211968,-0.0849587181983259,-0.365457695474393,-0.520878508907463,1.39830385059819,2.04123382119514,2.80854974045758,1.81701325300873,1.4742288193087,1.40645443750104,-1.10806107698132,2.43560644884654,2.77592194378138,2.54027079042915,2.85696213962988,-2.831835805055,-2.38833118990081,2.98694098931828,0.000187938222417004,-0.665522259013319,-0.666365496285556,-0.68546975005273,-0.601410692297368,-0.550193906639645,-0.540436811424921,-0.469907944466423,-0.463764982692126,-0.434239984713159,-0.353852533250801,-0.321041779434348,-0.335395444128229
139,0,0.0381669554188876,0.123379939209726,0,0.0616829778914749,0.0979720515269938,0.0521488696059853,2.0942481620092,0.450768822014515,0.276369851337168,-8.63056801797885,-0.961236304085642,0.93207105729742,-0.200321619306398,0.125891575816346,0.244329344577401,0.0765435243865148,0.136228913547989,0.016069895189004,-0.0129986369512665,0.0144147005817285,0.110046122451351,-0.0618263032427535,0.104218427618124,-0.0307714099815208,0.0428621577347817,-0.11815663024269,-0.0886696891893743,0.164750779576429,0.0349424129404894,-0.113311726359888,0.0391050369266384,0.0204680176918442,-0.0152611618396824,-0.0353343463442827,0,0,0,0,0.000179886534741917,-0.00127266371629685,0.00438203745002929,-0.00624765749335422,-0.0856494065636771,-0.385153649290498,-0.561149136681716,1.4925499913657,2.07790066503439,2.80501865941813,1.81065654665898,1.57544700234676,1.49303108625417,-0.393377483892235,2.28874615093569,2.75908354731745,2.48668508640545,2.81920629597306,3.08966379032891,-2.38373342870876,2.96695820525761,0.00263000671732637,-0.669077695358679,-0.662079623270607,-0.685465723405309,-0.608424482802919,-0.55263832135073,-0.55020127484291,-0.482064666307674,-0.463015672926163,-0.441001387053668,-0.359466283619513,-0.316004240143054,-0.345651026431083
84.5,0,0.0338543050890698,0.109438703140831,0,0.0547131498811387,0.103422157765234,0.0577524353100646,1.78975726540047,0.518544932507077,0.27611111062501,-8.56081723316819,-0.709770934335924,1.0206803242436,-0.24854628081723,0.0942258595929106,0.262003709908117,-0.0922033582439642,0.121513324672993,0.0801441769468036,-0.072094158900118,-0.115814348095914,0.22914829081392,-0.0336055647081371,0.211900645415363,-0.0995763452740939,0.0846257972453893,-0.0841416495509123,-0.0815312925008377,-0.0107081403560839,0.0953660362688557,-0.0214087069991198,-0.0188601080887911,0.0290611331374271,0.0425419652420292,-0.183309479104805,0,0,0,0,0.000169610968639694,-0.000326369928593161,0.00629871718229342,-0.00398731565550001,-0.0894426260973101,-0.412497258045807,-0.618561203042514,1.59885055153166,2.11750965130924,2.80254669133538,1.8074842108807,1.58408520063458,1.59317076748011,0.687782784179727,2.17022703751518,2.73886999850367,2.43843406375627,2.77791355938115,2.7910266269021,-2.38254343032986,2.94318663299188,0.00399914241719884,-0.668951410583963,-0.660161856773068,-0.684705927948419,-0.609757850983454,-0.550727820345275,-0.556282478498566,-0.492779265864858,-0.46099615296113,-0.447420667978603,-0.365516624914288,-0.31344954826424,-0.353968074056954
87,0,0.029541654759252,0.0954974670719352,0,0.0477433218708026,0.108872264003474,0.0601480010083276,1.50160450672252,0.483272021111853,0.269596442565272,-9.04019056579983,-0.71511460331266,1.02051234648784,-0.299461601433562,0.0379634528789192,0.0659260179735422,-0.1920980259775,0.14973283531496,0.102439236482745,0.0396158126822494,-0.0242768384365658,0.243806935430768,0.0889538624242073,0.229838706131699,0.00938187211911991,0.118355240593367,-0.0441447735843329,-0.108638405842114,0.018288262033425,0.0362358060125577,-0.0801427416610698,-0.0174550896926728,0.0766227030477315,0.104380630626439,-0.0834869227106059,0,0,0,0,0.000159335403179766,0.000620214589644802,0.00747878016673928,-0.00418922384684991,-0.0980774065484365,-0.446237017550697,-0.68614088814101,1.70988440543122,2.15200673121538,2.79737813857566,1.81057762302068,1.5614292257645,1.66973840316875,1.36299815709608,2.12146277922476,2.71887529505707,2.39309955551874,2.72558170082449,2.63214050821427,-2.37699918270827,2.91841770982083,-0.000847755724649658,-0.674647013018143,-0.660082162216686,-0.684948821053725,-0.606800931415577,-0.544283551470262,-0.560346451856684,-0.497153187335073,-0.457648562564025,-0.450935112728505,-0.36652359594724,-0.310587612304154,-0.359758060157962
130,0,0.0252290044294342,0.0815562310030395,0,0.0407734938604664,0.114322370241714,0.0593430040381154,1.41490457109045,0.369934201015791,0.257387817257592,-8.55451287478162,-0.74725503171939,1.03475301180634,-0.356183146466302,0.0725687392421011,-0.0329738544020463,-0.149689183926613,0.221166425808762,0.166897674313474,0.139484561746183,-0.206465984070241,0.163838563081387,-0.0717481220336744,0.198606138845639,-0.0106244611145402,0.0411226374326744,-0.0273941757767098,-0.0998173736561302,0.0534220284031331,0.0392044833922423,-0.0783848243190727,-0.00633384547847093,0.0515328369398941,0.0338831216827098,-0.0529178925550291,0,0,0,0,0.000149059838364302,0.00156708827532014,0.00802766130338146,-0.00684985264769308,-0.11165674525085,-0.485388105630963,-0.775507978045728,1.84689874234203,2.18550227190005,2.78309614348123,1.81912833863771,1.55983086372376,1.7069164802019,1.45748778854485,2.10209977782168,2.70093202418245,2.35661097105376,2.66962970830378,2.53344995868722,-2.36894251826092,2.89881870188441,-0.0114427925758481,-0.692854106514171,-0.663137075258611,-0.687523126399684,-0.607970492624065,-0.540753727880611,-0.564837847237286,-0.497535016925219,-0.453565890139689,-0.449945623113545,-0.362437108049561,-0.306035837931756,-0.361074840771702
170.5,0,0.0209163540996164,0.0676149949341439,0,0.0338036658501303,0.119772476479954,0.0505996494944544,1.0883536508488,0.42834483792391,0.252854467800388,-8.75813769214749,-0.732970669969084,0.97578108772419,-0.3652347491584,0.0496600901492136,0.00615988899188231,-0.0497116348304129,0.144720921896173,0.256680681767224,0.13212766132541,-0.106879842060336,0.255806989123978,-0.0421047734768787,0.17729133046149,0.0537538429768864,0.103066410653048,-0.108418361536915,-0.180627162629553,0.136217594355846,0.0176032578427292,-0.0281039132302823,0.0203688236613297,0.11590609008104,0.156506777151227,-0.0373079478149132,0,0,0,0,0.000138784274195471,0.00251424956230674,0.00841498967176067,-0.0106809446490561,-0.128286470649594,-0.53134997028037,-0.923413141931917,2.00735715711511,2.21806694776535,2.75798829159326,1.83249052260456,1.58272434320936,1.74650281204319,1.4374929789156,2.10217186858558,2.68224410341659,2.33237826557342,2.63580192514984,2.45462529351114,-2.36466070218244,2.89124044918972,-0.0240870878893501,-0.715004902531978,-0.668893331637775,-0.688436443606874,-0.607705275947672,-0.537820241217726,-0.568165076098797,-0.499688845889696,-0.451812738101831,-0.449711887568243,-0.359938233647229,-0.30288657126846,-0.357475071090808
170,0,0.0166037037697986,0.0536737588652482,0,0.0268338378397942,0.125222582718194,-0.00661574491101312,1.88036696353001,0.552870913985313,0.267261154778614,-8.88242458318639,-0.83615438941908,0.952655528276925,-0.336721922282323,0.026322830387368,0.0857319081553534,-0.115411079999592,0.0922195313917203,0.239599313964683,0.0980917200477588,-0.102481835551933,0.31412823170199,-0.0318101319362183,0.119181591689497,0.0337237916434645,0.152710776108609,-0.0286817916060379,-0.0517185959450233,0.254365868450327,0.108594622564098,-0.03729869719432,0.0350589168872852,0.0609350940195823,0.0466561417938564,-0.116124528137919,0,0,0,0,0.000128508710675443,0.00346169688146272,0.00880295113001629,-0.0149334140927894,-0.146337134484061,-0.583476063573645,-1.16110561948112,2.14416787469205,2.24940864608116,2.73149924275932,1.8503767981884,1.61785006926551,1.79096649299342,1.3589179918277,2.11321082338433,2.66614849702963,2.31930915126163,2.60891928174908,2.39712002040656,-2.36731782286085,2.89381069602033,-0.0371945622760998,-0.737199722940136,-0.677733590252625,-0.691414647162316,-0.606170313275742,-0.538287074939214,-0.568193670320862,-0.504846998833018,-0.45150434058447,-0.450239918862311,-0.360417617849837,-0.302000558575778,-0.353688853775684
149.5,0,0.0122910534399807,0.0397325227963526,0,0.019864009829458,0.130672688956434,-0.152712810281729,1.88586845180566,0.509310808720299,0.317861872400069,-8.87377043151073,-0.923802886502821,1.02733602330289,-0.254512877483692,0.116871004584397,0.0334631102947418,-0.221268498139444,0.0540542927353719,0.129973502089144,0.206780694254017,-0.0278680246763039,0.365913015745973,0.159137897031571,0.177331884289192,0.0320308697987946,0.126419988119992,0.051842722797671,-0.0232381983909019,0.125673908457243,0.0640823259192527,-0.0374784658718433,-0.00166250354502715,0.0146490226327426,0.0338134150674052,-0.0333297305586812,0,0,0,0,0.000118233147806386,0.00440942866064453,0.00919154711452587,-0.0196156215969477,-0.165841123745556,-0.641227358359366,-1.44426251225752,2.24081832106917,2.28539319616528,2.71155107913636,1.87308065329478,1.65277749999757,1.84029170960032,1.28005437270614,2.12711291383084,2.65143733493977,2.30829507819776,2.58166730796629,2.36139061323479,-2.38736864427571,2.89447668806881,-0.0586742102371127,-0.766622110068059,-0.685170339445798,-0.697989698969776,-0.606307977428802,-0.538730761591099,-0.565265298643602,-0.506601207053289,-0.453627341222849,-0.451475002721347,-0.363495875447471,-0.304801097603612,-0.347776152767303
108.5,0,0.00797840311016293,0.0257912867274569,0,0.0128941818191219,0.136122795194674,-0.277502714824717,1.07348215415937,0.523460839049128,0.387743248719483,-8.54376028944901,-0.90437953042402,1.09476196251734,-0.186483252729643,0.201869848990578,0.0946902755386649,-0.13857895420049,0.0837903696684844,-0.00900356425674858,0.113285749956163,-0.0687043425450584,0.431784922750376,0.179455163023678,0.0495119348188533,-0.00588851546996067,-0.0624352379833471,-0.0841693794905358,0.0140855977934611,0.198031489377555,-0.0591870728261598,-0.0523135593341326,-0.043076731849331,0.0630320859414739,-0.0591163810975144,0.0733867793105084,0,0,0,0,0.000107957585590475,0.00535744332471993,0.00958077906560256,-0.0250331139007585,-0.18744719329249,-0.703089077981799,-1.6907711068677,2.30382794120428,2.3216319468382,2.69142766905686,1.89986777219845,1.68645627463713,1.88918919429444,1.23467281059933,2.14537089282686,2.63896076663129,2.29791359601003,2.56580058520405,2.33945753205247,-2.4348598760233,2.88921953741962,-0.0990738488329324,-0.816149077501359,-0.712039131354884,-0.71807363642231,-0.619441840925899,-0.550722293300154,-0.574529349444289,-0.514112653847335,-0.467723761121359,-0.466716967438185,-0.375823133643029,-0.315469726179601,-0.343192215462883
88,1,0.00366575278034513,0.0118500506585613,0,0.00592435380878571,0.141572901432914,-0.344734884706731,0.897745045580613,0.513625030470282,0.452022363634036,-8.56414019774172,-0.867765133149834,1.08316401592357,-0.186729479703239,0.0296965619351044,-0.0394412823603503,-0.274117835211444,0.244517161927817,0.157339419765849,0.161014274591178,-0.153667950669163,0.142831882220798,0.0225539073089852,0.0739364509135086,0.0503456318742927,-0.0111669308549075,0.0294041190962298,-0.131801970035244,0.107835841392565,-0.0325237777430185,0.00887081995282135,-0.0513545585229828,0.0227417293986284,0.0288583468695616,-0.0524212862146463,0,0,0,0,9.76820240298769e-05,0.00630573929558283,0.010126144831627,-0.0306680201822339,-0.209911403580714,-0.76511231746149,-1.88374661031329,2.34662850433109,2.35608256269384,2.66927756154426,1.92960466555927,1.72680608468366,1.93654709331187,1.17704905888901,2.16824548415359,2.63254204729055,2.29496534623558,2.5579822919173,2.33217686719238,-2.50073557064263,2.88061003167838,-0.138613137024838,-0.854477737150023,-0.731573565760632,-0.727816244195726,-0.623980121212162,-0.560385573214648,-0.581270546363884,-0.518712732424455,-0.484009375637329,-0.485483474554495,-0.387065493298998,-0.328922265184274,-0.342106385220225
87,1,0.0116700317924661,0.0621703442464343,-0.532344125941476,0.050191335400542,0.139332779875784,-0.389602245415859,0.901922387834431,0.529344461917421,0.486194148334006,-8.65043783079506,-0.682406260746073,1.04002392740749,-0.134139877401913,0.13898821091341,0.153754759608542,-0.236810623560928,0.117136024569005,0.057412223997935,0.0198265390458096,-0.143373253027978,-0.0349153371988055,0.0721461055349914,0.13624014821332,-0.0549686209544309,0.0186424183895359,-0.00925576506202266,-0.187329674827764,0.16644812459032,0.00250741831052603,0.0136583901407883,-0.0168105066030875,-0.0365259839344631,0.0181987890335423,-0.0157679792729402,0,0,0,0,8.74064631267618e-05,0.00725431499216658,0.0109412965557507,-0.0360142097592308,-0.232190815170252,-0.82601086153673,-2.03832889967028,2.37729116201134,2.39034832118837,2.64385476427615,1.95815767383213,1.76578647173681,1.97911398984508,1.10868148199242,2.18901728707158,2.62645170821941,2.29295673745282,2.54947813332658,2.32808421834248,-2.57954124827305,2.87097274238988,-0.149757883192055,-0.834134752799241,-0.684873545645207,-0.679344526970062,-0.575525255008844,-0.523839702965973,-0.548773966274476,-0.489487752736626,-0.47871294664623,-0.484550393499864,-0.381034333557239,-0.33177869220315,-0.339588340582063
86,1,0.0865383256178083,0.459850169601571,-4.38751945235183,0.375573260878334,0.0963215877372938,-0.402938115551131,0.827198540818035,0.659824671535587,0.556962318799633,-9.05366008003605,-0.436062106740617,0.962303540650669,-0.147508263614436,0.172322838245944,0.146914401497993,-0.265412360536885,0.156531096757473,0.114077510616692,0.0412593110896751,-0.339999847444078,-0.0804937818312118,0.0943722933970683,0.146208553018418,-0.0431682832156475,0.0231634700350467,0.0908842247242283,-0.0812854254430842,0.0846135706748374,0.00890474522116358,-0.0114041890803555,0.0161091432680415,-0.0263082353240527,-0.0233903221964051,-0.0108391346879968,0,0,0,0,7.71309028832995e-05,0.00820316883045803,0.0121204492985097,-0.0409822297318484,-0.254225289028644,-0.885435593702137,-2.15944116624643,2.39980045083328,2.42222805219754,2.61312389906199,1.98432884942218,1.80141880860557,2.01040527522979,1.0679208981556,2.20251295347635,2.61552281621932,2.29007278716917,2.53420600530542,2.32190571286378,-2.65002995401432,2.87028066370012,-0.153842471203331,-0.806731037382967,-0.627921966723613,-0.620134850841738,-0.522551561684403,-0.485464582012403,-0.514009849561422,-0.455478340849405,-0.471789622153365,-0.482877390593748,-0.376206959601096,-0.332652578836397,-0.337127821392005
95.5,1,0.0705171575857597,0.337066770036195,-17.735343869578,0.414918893389,0.0727184897820747,-0.417063435320474,1.21842474461135,0.640869091655617,0.646753689990625,-9.20899764169814,0.46124820075524,1.39140379344929,0.207777230688812,0.2087675917035,0.079183067961139,-0.324342533600086,0.020699497464552,0.0455132310281171,0.0271522523074475,-0.260378918159339,-0.0080124500898959,0.0508327237693475,0.0934172381463929,-0.097402072528406,0.0902710107740614,0.0519353741394654,-0.159462883415363,-0.00451838988252043,0.0179416885732834,-0.00128364289244418,-0.0130849769440892,-0.0169664930362207,-0.00677171952550352,-0.00106059106926866,0,0,0,0,6.68553433016609e-05,0.00915229922351159,0.0137844211670316,-0.04522262999829,-0.275224793992414,-0.940831211206956,-2.24890946815178,2.41773882905423,2.4506864081238,2.57999205435846,2.00681024295633,1.84304621420413,2.03550135624221,1.05518487813184,2.20997477812181,2.60427156007716,2.2909438453528,2.51411794935731,2.31483687206904,-2.69887906449024,2.86858152513709,-0.161698444419735,-0.799478071474603,-0.600724682673252,-0.590387789526723,-0.503556322934285,-0.480507333199896,-0.50515873677364,-0.442528839420129,-0.479852199247978,-0.494082665903318,-0.385721241612972,-0.342148320857685,-0.332882082515156
104.5,1,0.0544959895537111,0.21428337047082,-31.0831682868042,0.454264525899666,0.0491153918268556,-0.425611771908915,1.37394718851033,0.591328754528122,0.666284395481464,-8.86057202360159,1.29741831393013,1.36974133782181,0.450984017155363,0.242002306143423,-0.212736941107085,-0.48069248008685,-0.224583598069134,-0.0774043350890045,0.0871198245523097,-0.22207069051838,-0.112531412889691,-0.00125233936569762,0.154984133156619,-0.158958676951655,-0.042104357654952,0.0626294804891423,-0.0172439596025578,0.0229500541887802,-0.0407343104343212,-0.0578611745482361,-0.0191893684903899,0.0975151836580789,0.031784073418566,-0.0783726626131697,0,0,0,0,5.6579784384015e-05,0.0101017045814635,0.0156461436586937,-0.0494079150118861,-0.295945539016773,-0.992918350404318,-2.31766488596315,2.43023681200802,2.47658084115312,2.54701369687847,2.02749341743569,1.88212376029226,2.05480200235666,1.06788985779182,2.21488937463819,2.59288868142917,2.29359835135697,2.49176808387921,2.30859792605685,-2.7460213449168,2.85612490442377,-0.160955712143694,-0.785039370448031,-0.574790825838334,-0.564897134290364,-0.492292148022227,-0.48316059534264,-0.500973398158388,-0.437549390143316,-0.490060811569408,-0.507192329616508,-0.401818340983274,-0.353606468693555,-0.328588564280064
105,1,0.058167240841301,0.492623186887993,-7.81212298002193,0.309355272642462,0.0763601067357875,-0.427246243202315,1.42667571034938,0.627773156107323,0.664279999571169,-8.80219918073332,1.69741553247188,1.33114607170728,0.484101957265292,0.231642665487375,-0.283817768917909,-0.50595807215608,-0.297360940307139,-0.0840546368543026,0.16715992572538,-0.227741179896075,-0.206160075420594,0.0349380233632461,0.279944172832467,-0.179236069335304,-0.0508643237857003,0.0439848623972121,0.0260196068774614,0.00383271823531959,-0.0621963755121124,-0.0490471407773892,-0.0225389104348646,0.0976670902159807,0.0249904458646793,-0.074991205097673,0,0,0,0,4.63042261325305e-05,0.0110513833115461,0.017546120420885,-0.0531244712584539,-0.315779889151542,-1.04635893778009,-2.37753017804137,2.44038746466265,2.4979425348479,2.51295730320051,2.04826690764866,1.91875145151853,2.06898578298721,1.0902345394019,2.21874632740239,2.57778688809042,2.29404179015981,2.4686786995454,2.30300506864289,-2.79095314878534,2.84465378820129,-0.159736674599608,-0.772972287298358,-0.549758520643502,-0.544264000957136,-0.485431681390728,-0.487855028550953,-0.496919305974453,-0.434264511545809,-0.499906656970433,-0.518385634450899,-0.414218647948646,-0.364543262804598,-0.323823373683233
105.5,1,0.0551676804804486,0.562805982160821,2.34682790525248,0.225307713414441,0.0913010803946485,-0.432451893154116,1.41905888089934,0.57957160937041,0.670632845476163,-9.08068967811164,1.90739855155594,1.5163764387322,0.361428759010656,0.228572342671805,-0.205057351688074,-0.56920260569642,-0.282884678106979,-0.0881257347652344,0.199241878822876,-0.241157574985227,-0.300658829948026,0.142650358873752,0.30844217592832,-0.243776345982363,-0.00699124722247025,0.0609136920377831,-0.00624377375223605,0.0572059487829674,-0.0902645220051504,-0.0665508336417375,-0.0365926020368642,0.0726686568046475,0.0306238705707446,-0.072046422688848,0,0,0,0,3.60286685493767e-05,0.0120013338181018,0.0194942879738934,-0.0562464241330784,-0.334095861785484,-1.09958294981397,-2.4286207183541,2.44949098976131,2.51791940417343,2.48014994629251,2.06859374879959,1.95656731998631,2.07943484414135,1.10961372843275,2.21961946421077,2.5607171252245,2.29332130909288,2.44638983154262,2.29653480328502,-2.83104864552071,2.83475917180467,-0.160142966855443,-0.763756705942034,-0.525189286905761,-0.528487759435768,-0.486016221224475,-0.488629454673935,-0.493775482645402,-0.434096060269099,-0.508215423770212,-0.52553635688942,-0.420932186010369,-0.377664250205178,-0.315662041381439
93,0,0.0467531629619817,0.476963315672993,1.98887512656764,0.190942380577157,0.0958902390744222,-0.432049652781587,0.974135720273588,0.668454025479944,0.663133173772167,-8.9779157669044,1.9520251791365,1.3888499798108,0.613222823380351,0.219124326523017,-0.229493409911362,-0.529326493343212,-0.278164577098051,-0.0275519590551432,0.21932352412313,-0.270520870953323,-0.197640616795903,0.126839317174474,0.191209121047502,-0.193572768581563,-0.0720099484524046,0.105797968498532,0.000433666944827145,0.10535230203336,-0.0736519848628522,-0.0179924796069458,-0.0687946628540227,0.0655465318699841,0.017303812901479,-0.0865278306896603,0,0,0,0,2.57531116367268e-05,0.0129515545025972,0.0214149236287675,-0.0594165122314307,-0.351068786219579,-1.14654427765151,-2.4714557212552,2.45420061903917,2.53963925231958,2.45111206446989,2.08772988784771,1.99205946048987,2.08442748120897,1.13179102480611,2.217746942119,2.54544589853677,2.29162869015579,2.42386468896983,2.28554492333077,-2.86104813252979,2.8274497579742,-0.155186093234123,-0.749628571606794,-0.501325149849551,-0.513429759801472,-0.496031274999037,-0.491858307138375,-0.494452026766198,-0.441830070459977,-0.513065357183682,-0.526898506732822,-0.42721709711653,-0.389581339149527,-0.306559854941923
101,0,0.0383386454435148,0.391120649185165,1.6309223478828,0.156577047739874,0.100479397754196,-0.426251108217171,1.56515461174221,0.6522548153212,0.650885266276298,-8.86430090389262,1.92166888361623,1.08427767351737,0.732706139932802,0.216900016699598,-0.348653817018588,-0.495933050578071,-0.314731786914585,-0.0236807690693611,0.322108607620684,-0.375296715262788,-0.155557449759796,0.167860781909893,0.188159491449399,-0.116658059626064,-0.083647034443116,0.148223026307405,0.0324828280572057,0.105819774235082,-0.0872912724385134,-0.00829910557263516,-0.117208335651027,0.118965218294683,-0.00136450076554995,-0.128715312037577,0,0,0,0,1.54775553967491e-05,0.0139020437636384,0.0227012321152044,-0.0640116616352488,-0.369131588778893,-1.18786718119323,-2.50591241250271,2.45633468880669,2.55849315633947,2.42116975827225,2.10407180243059,2.02470515040451,2.08826013362876,1.16179429181918,2.21266107604153,2.53103520867246,2.28800562947197,2.40032742716652,2.27174342851653,-2.88599990148934,2.82224549783166,-0.144976259065881,-0.731667003489618,-0.480983897511779,-0.508268744806416,-0.512729073691878,-0.499529855044087,-0.497026310668038,-0.452703493385837,-0.516037960529263,-0.522012403966589,-0.426799073527888,-0.394876449973437,-0.294968107825985
93.5,0,0.0299241279250479,0.305277982697338,1.27296956919796,0.12221171490259,0.10506855643397,-0.423659317997604,1.76988964957931,0.617916445421972,0.633132605075441,-9.04224079750359,2.00865748522276,1.09389654418895,0.792779413662021,0.213578437913146,-0.314316865623043,-0.457849876423686,-0.427988349367833,0.0289621740131227,0.372876276739535,-0.292875203610091,-0.0883211733068012,0.0344843272479575,0.192412002858626,-0.14086808828396,-0.0900043358208204,0.226086998283397,-0.0514078318860134,0.19172584090139,-0.179229900208923,0.0273473740492336,-0.127907380765436,0.122682753829092,0.00157132515754475,-0.0453547610242258,0,0,0,0,5.20199983161325e-06,0.0148527999969849,0.0233360718560953,-0.0701205438175171,-0.388550011786131,-1.22486399502009,-2.53730680614279,2.45662372297307,2.57358129798239,2.3893044008795,2.11711011389873,2.05266735353423,2.09398596667443,1.19016057587857,2.20461887974911,2.51290952296719,2.28690327545421,2.37915635565483,2.25860774413028,-2.90662206922005,2.81933492781539,-0.138335762748071,-0.717929635875101,-0.468436034107596,-0.512837952222419,-0.529767999378406,-0.499563007931021,-0.493527303640587,-0.459827877911411,-0.516516919476253,-0.51281195342072,-0.421827157229266,-0.40032957205898,-0.283974950917051
65.5,0,0.021509610406581,0.21943531620951,0.91501679051312,0.0878463820653063,0.109657715113743,-0.421258182018122,1.11136887538693,0.671557858851126,0.608166022875376,-8.89433725503717,2.07013513368461,0.845409439417359,0.835739569187954,0.184119944366848,-0.438228673102337,-0.396882454793855,-0.561365804203731,-0.0107100368124381,0.306290634812485,-0.417089421387533,-0.00576554984084749,-0.0396814763167192,0.258385427919132,-0.156623894172654,-0.124156143014101,0.250399013647469,-0.096673452770026,0.192298661772085,-0.20191172164335,0.0875436637096869,-0.124842067645959,0.129058466603959,0.00943843411042585,-0.117831732025149,0,0,0,0,0,0.0150941522447737,0.0225754475677877,-0.0775382360352524,-0.406709083309148,-1.25539499195858,-2.56841731462486,2.45533233391647,2.58954431943991,2.35787500776351,2.12754148615892,2.07552004767136,2.100947820365,1.21572879242271,2.19592298029195,2.49278699490521,2.28695020973607,2.35885988056502,2.24616574202061,-2.91517648693088,2.82037976817498,-0.138985010564843,-0.709599425837737,-0.466486096256988,-0.525386858407814,-0.547351813485475,-0.494680166571762,-0.485737393880138,-0.46522333606092,-0.514426018279904,-0.5002359044874,-0.414548181088622,-0.40990612947113,-0.274574892401569
91.5,0,0.0130950928881141,0.133592649721682,0.557064011828281,0.0534810492280227,0.114246873793517,-0.431431070215074,1.7172415919372,0.443081669667285,0.622947952588189,-9.20689503328985,2.10701647184842,0.850602553670579,0.774707679908193,0.285003426770404,-0.404813877292468,-0.272587206564611,-0.526777383920743,0.0858023652299114,0.211110574342084,-0.457858247364965,-0.0349068758690394,-0.00904084379208647,0.344815596712748,-0.150291589373751,-0.116432068719384,0.246983808748852,-0.130005885842486,0.159265310716775,-0.176614772699084,-0.0204793968945903,-0.0241532832152621,0.0118441760409497,0.0828286458295222,-0.130785178809303,0,0,0,0,0,0.0146830959748265,0.0205547655567535,-0.0860921860828653,-0.423509712336924,-1.27743325648535,-2.58820437169597,2.45530456251394,2.60881480889119,2.33118447767146,2.14009427897824,2.09673866873013,2.1089257160543,1.24051463746186,2.19185086051192,2.47800012073586,2.28839161442792,2.33887588151098,2.23776912205498,-2.91829735970077,2.82434970039094,-0.150885431033204,-0.704345054518346,-0.466569303219025,-0.545526257724534,-0.566568551747519,-0.488140513681275,-0.477569972989649,-0.474272643802103,-0.513225671573622,-0.48579983781415,-0.402721236036371,-0.415984060822466,-0.262317574317254
118,1,0.00468057536964721,0.0477499832338542,0.199111233143442,0.019115716390739,0.118836032473291,-0.44247464188142,1.6812573302635,0.550935179463431,0.635258562061304,-8.98726175522595,2.10641711220482,0.890279293451695,0.758695752102351,0.354009539031497,-0.368877414801276,-0.246447198989208,-0.468860852573591,0.137736187372147,0.200989043751744,-0.335801656633899,-0.0420156231542756,-0.0857560342949193,0.33086202830161,-0.198709084507483,-0.0569095143879372,0.156974606154553,-0.124894175006525,0.163578208927384,-0.123404953444152,-0.0357641269388411,0.0473136626402151,-0.035748803827116,0.127831219633006,-0.209577724211235,0,0,0,0,0,0.0143491126301027,0.0187120854866024,-0.0943118165720062,-0.438772377570644,-1.29355672409006,-2.60093815572769,2.45464904359221,2.63121211518739,2.312523188559,2.15633529538876,2.11865820553514,2.11768286549986,1.26574372009382,2.18988785565916,2.4662762434708,2.29079398395946,2.320051903199,2.23335478873033,-2.93509740329179,2.82997636259391,-0.179113628186384,-0.706781146588862,-0.464697309514745,-0.560184509176061,-0.578563816633906,-0.470624330150735,-0.466482712086756,-0.486474561925321,-0.5154423321749,-0.473328470537611,-0.386219547164794,-0.415432227153161,-0.252138388510262
114,1,0.00196952278408956,0.00962999131944445,0,0.0888095839412672,0.11803920383337,-0.436898873968188,0.803353223104787,0.598700117705508,0.640268204885273,-9.20752158898162,2.01668803519502,0.846975372467836,0.697322555043445,0.300548929860931,-0.449611194263262,-0.3717472881969,-0.579835453908435,0.101495227287708,0.177248768020572,-0.324341157621976,-0.060295005945895,-0.145006081598065,0.332468670482949,-0.222661731837853,-0.0979856572882684,0.17165717220664,-0.0992164077611188,0.170398713679422,-0.139930754762579,-0.108759944016094,0.0189990224260813,-0.0284681994631315,0.154847403123803,-0.218993542682892,0,0,0,0,0,0.0140152884847631,0.0168747486369694,-0.10246667700303,-0.454034376884144,-1.30710800352051,-2.609022993599,2.45275126808849,2.65611261899237,2.30024234126188,2.17250996334537,2.14160300257793,2.12750785297869,1.2893530313683,2.18751672803194,2.45626847624809,2.29232147503209,2.30176801128191,2.2312364639115,-2.98111877537205,2.83399269418332,-0.221374879140619,-0.7162357254148,-0.465005191721418,-0.572151094573599,-0.584397468633419,-0.442315337072498,-0.453664064790775,-0.500495977714066,-0.521944550449474,-0.461688249543539,-0.365374824820489,-0.410894061424549,-0.242534247528079
110,0,0.00640788398767167,0.0313313802083333,0,0.288943857611728,0.11065950180271,-0.426293570811048,0.735006633220544,0.540809899905177,0.636981758483685,-9.5157806965023,2.03925618585754,0.892209954993975,0.582662246681935,0.252405929470298,-0.462458688573252,-0.50141696694941,-0.602282489292947,0.0743612101180746,0.0748537887003376,-0.334103491019657,-0.071783540036131,-0.13849945080359,0.364363149455761,-0.211181906045774,-0.135619019626914,0.112288425953289,-0.107502172688273,0.173757263644848,-0.13770636588735,-0.0919144905403153,0.0495224274485911,0.00694336041587146,0.197937996984571,-0.220713447646801,0,0,0,0,0,0.0136816234993552,0.0150427441520961,-0.110556458145607,-0.468750857580473,-1.3184077457423,-2.61384909208641,2.44985182305208,2.68241800227358,2.28990553586202,2.18796565771309,2.16651967618207,2.13701283575652,1.30621869658417,2.18765643356114,2.4504897499287,2.29512565958662,2.28401701784828,2.2316374042065,-3.03345978453624,2.83518067275895,-0.2680768584653,-0.728028122397435,-0.468832285014693,-0.583847011412552,-0.588326479748803,-0.413747337739724,-0.443401796972746,-0.513921011189788,-0.527288074200484,-0.449256779346599,-0.348571151476074,-0.403695093567725,-0.231652301429639
96.5,0,0.0108462451912538,0.0530327690972222,0,0.48907813128219,0.10327979977205,-0.424352703190271,1.15984117890067,0.613775978388423,0.595371750702562,-9.43677340843002,2.17792325608339,0.975007917471453,0.570095998998995,0.214568005122787,-0.421579939482224,-0.648150182900957,-0.547388957784725,0.0943557792764407,0.163415171943995,-0.273231749298125,-0.0964927176937556,-0.100015476181626,0.400147979142714,-0.149878696158901,-0.0545959555722477,0.0735618339809224,-0.039313851409342,0.0731199371948977,-0.124654223399406,-0.00803068822047715,0.116216923710774,0.0741797683360477,0.113536148716362,-0.208517172862829,0,0,0,0,0,0.0132667557237718,0.0128897525533145,-0.119176903544611,-0.482323305122037,-1.32774230530733,-2.62223631367463,2.44411680888088,2.70930760656757,2.27839871451494,2.20286190181116,2.19021208901926,2.14741408283277,1.324130858878,2.18867626119769,2.44660599058563,2.29840638521138,2.26402840406812,2.23209002654283,-3.07673467337469,2.83478457489257,-0.317176791431013,-0.744136204742718,-0.479170523219048,-0.592435700391454,-0.583543802858556,-0.39158399549751,-0.438939803871817,-0.520223610120389,-0.529635220046062,-0.443535584306981,-0.338157096059285,-0.387925320318416,-0.222922068544326
87.5,0,0.0152846063948359,0.0747341579861111,0,0.689212404952651,0.0959000977413906,-0.421086580253119,1.41547929669474,0.643051368393551,0.548810066021872,-9.20810753630772,2.2383951359462,0.999161654699769,0.538297160623377,0.210120248837798,-0.409677526517953,-0.524998598724853,-0.399032353757468,0.221624003886987,0.233195305742437,-0.166791212402967,-0.082698896363341,-0.191285928502984,0.420355617647635,-0.173388066291419,0.0213057601434477,0.000739846538050926,-0.0408176521434346,0.167122507615739,-0.128911466828757,-0.0123362162755797,0.0424600432637681,0.0615586301055346,0.0485638058456217,-0.158848104200639,0,0,0,0,0,0.0124469442534668,0.00987591168794943,-0.12882006008293,-0.496268255680665,-1.33617258597918,-2.6299315394503,2.43635781096537,2.73473237416007,2.26522249685726,2.21712219812778,2.21175493298779,2.15843781131158,1.34912747711068,2.18825034155122,2.44351776533485,2.30125624631617,2.24145304767194,2.23412709495182,-3.13447815820113,2.8343429552247,-0.37265573990903,-0.769677742426193,-0.499165014498588,-0.604047975896591,-0.568898013290803,-0.370590529388401,-0.437526071886707,-0.52075968753431,-0.530368546724454,-0.447602435636691,-0.331353486011069,-0.364897165748014,-0.215479187108752
92,1,0.019722967598418,0.096435546875,0,0.889346678623112,0.0885203957107309,-0.419116437598472,1.22114165087883,0.694166238106059,0.450249302404658,-9.00134588920068,2.27489201157688,1.02909343396769,0.601241810540036,0.224835645417119,-0.488357314073902,-0.411590012007187,-0.501958951829139,0.260740395575381,0.141786667424897,-0.222285446727661,-0.0312584021344809,-0.277116504686909,0.490911741290198,-0.28331046579734,0.00494322884798314,-0.0774934939436633,-0.0143224293031359,0.239768438747138,-0.115816226919141,0.0968297089878514,-0.0584661348404594,0.0498342528870714,0.0418799860280826,-0.251841237172514,0,0,0,0,0,0.0112975617302902,0.00639294699230719,-0.138155388059925,-0.50837838732286,-1.34018879564524,-2.63306741552008,2.42521058653208,2.75698953613452,2.25166789683006,2.22977247210692,2.22923480934156,2.16798128107597,1.37272755904091,2.18522757028528,2.44007139008832,2.30202606839692,2.22011853541697,2.23678506340645,3.08008022903979,2.83310761244087,-0.435230492284323,-0.812488206848733,-0.526931007003012,-0.612021200169405,-0.546013030515006,-0.34834320923964,-0.441922498333689,-0.52215454926717,-0.528813874393938,-0.451289362634521,-0.333238577236363,-0.346675188118769,-0.20990014161688
92.5,1,0.102275366935384,0.27596633953168,-2.63968290285367,0.540546759327779,0.100290547520661,-0.424366439049506,1.27215159573877,0.656434885301895,0.391025957988535,-9.06536975751329,2.31427096932669,0.918817864304653,0.762869575881835,0.250207364254673,-0.63026945184064,-0.34968014194588,-0.50598500723262,0.35365099435824,0.0441711598489408,-0.21039632591982,-0.0524247123743798,-0.24682264667143,0.492099796146411,-0.303790582862257,-0.0277999412635923,-0.0402060853093179,-0.0309275025777127,0.189857843429833,-0.135005074182023,0.151680210153622,-0.0709115927659839,0.0948380507344049,0.0926220527700267,-0.291767447492693,0,0,0,0,0,0.0101485316474221,0.0031684238726425,-0.145738288537353,-0.516247892071076,-1.33763991869212,-2.63120717844062,2.40973713067581,2.77692412986348,2.23714921105993,2.23886289689229,2.24359817818323,2.17616712462025,1.39603735561464,2.1807067346631,2.43706954707156,2.30016065489183,2.20299206586198,2.23828922031347,3.01759804998597,2.83024665428782,-0.512265520417423,-0.891063884496477,-0.579858198715475,-0.635347838273431,-0.532298911366382,-0.348497381953846,-0.473529952719971,-0.541370837723735,-0.538190744862614,-0.457948342699295,-0.34861884732648,-0.327967960513309,-0.198340902021545
94,1,0.152139379161896,0.389040275200989,-5.03641639521499,0.260300002557987,0.109858792001649,-0.430984597377159,0.995826206233561,0.625034932390161,0.411116209904685,-9.18661079544317,2.29592467297284,0.74515948022573,0.84408186237595,0.231991351811707,-0.667492596310162,-0.29687675174231,-0.52699585951619,0.460480200364665,0.066283808477033,-0.122526577330555,-0.0688432957201623,-0.271077549554836,0.495690933352905,-0.330347559962709,0.00595000619633915,-0.031790348187537,-0.0760912727325767,0.195183445252385,-0.180642410892339,0.124900981191774,-0.0156755875172273,0.113279684026872,0.143404334295404,-0.297752589779131,0,0,0,0,0,0.00899985687543634,0.00038404239538533,-0.151177100984251,-0.520033510424209,-1.3313817525434,-2.62480215021676,2.39371262102431,2.79564670977379,2.22242784192325,2.24466154178194,2.2581003828229,2.18451396482748,1.42435373063021,2.1763111031636,2.43390904788848,2.29823735126537,2.18963433067358,2.23986091510344,2.95588902122608,2.82548633466342,-0.593065816380198,-0.982793434409228,-0.635264104703774,-0.656213725124353,-0.505685008968811,-0.346606304298828,-0.512524638592254,-0.568695111801109,-0.554766863636485,-0.468829376950888,-0.374728867640814,-0.303509093892735,-0.182093046138412
95,1,0.144243309029408,0.373402537485582,-5.86487090805463,0.270500015880614,0.11168561542264,-0.437804483749327,1.03589537884885,0.589970369922499,0.419400488598413,-9.08530271676499,2.25117342029091,0.617296151288659,0.911113285516491,0.145896678077531,-0.576055291357842,-0.243495639381246,-0.62301358085896,0.478527805910645,0.0990237792303042,-0.0995424927542524,-0.0865504339666269,-0.29427317779847,0.535908808236178,-0.370471291671286,0.0617822824975919,-0.0544565628055505,-0.094781151587271,0.215939386393347,-0.173802884986392,0.0888939828383103,-0.0130803136916164,0.0949539894892792,0.121935804032416,-0.317304384960526,0,0,0,0,0,0.0078515402793811,-0.00206108968487437,-0.154645809071326,-0.520144832422002,-1.3228081710189,-2.61775123686632,2.37838197766104,2.81000347314107,2.20816372858576,2.24765576219897,2.27093206738583,2.19288410511347,1.45539543199182,2.17215878528181,2.4318965167785,2.29694983406982,2.17738326867683,2.23996043748913,2.89180176886696,2.82082488580304,-0.657579073692566,-1.05566783406112,-0.665142335872711,-0.638935708427717,-0.437333962441446,-0.317029222216377,-0.534156784832101,-0.584196853448651,-0.570856552378342,-0.478450059905733,-0.395866422170333,-0.272271743310424,-0.159743845329126
95,1,0.132125566454053,0.359154911964786,-6.31483667745619,0.28856564014128,0.113691643323996,-0.440657058518151,1.41474869767099,0.579251229428263,0.41644102403491,-8.95700980621425,2.19227596349329,0.664262645282752,0.936369759609515,0.142772789533022,-0.560386167529859,-0.146802906195987,-0.678063674456237,0.460011406327708,0.14602467779429,-0.161045552805333,-0.0667630313387869,-0.312526040477413,0.534515872369701,-0.372766813705758,-0.0130951038702038,-0.00579905268479346,-0.118147625561909,0.195529256099148,-0.16675133782709,0.123301931485143,-0.0427429315350955,0.104915180984482,0.0833324719139908,-0.326066363222916,0,0,0,0,0,0.00670358471873971,-0.00442187317875439,-0.156883014714212,-0.517259391385641,-1.31060853933462,-2.61140506361316,2.36167512510705,2.82005980149918,2.19472370056696,2.24897820840242,2.28265004820518,2.19781743686024,1.4916637143793,2.16466570956024,2.43100491532034,2.29446530687664,2.16706638008427,2.23679055830032,2.82104682120321,2.81860733201457,-0.683514766084431,-1.08245097989206,-0.672828656732845,-0.617049615752582,-0.381544519499055,-0.311629905577322,-0.562440700693455,-0.595047584455528,-0.584919484650897,-0.486946703100522,-0.41793622382551,-0.252483568976594,-0.134310834326211
95,1,0.125357608092354,0.348959807862899,-6.51054644728206,0.291142863662713,0.110476945435328,-0.445827929457608,1.43676356970114,0.599160758914999,0.414482771776162,-8.92046463095081,2.25463224482794,0.717896228132713,0.940190016501073,0.175120946678292,-0.580949094429197,-0.0819100029607006,-0.632671529831303,0.366541272618239,0.15693450112486,-0.256663119615213,-0.0408689823832518,-0.337575118693379,0.602908129529419,-0.354182572582989,-0.0957606494966722,0.0262417115242235,-0.157926114422968,0.193526014394424,-0.133793782725248,0.137167394017809,-0.0647124536375476,0.0713000873850506,0.0717365413048388,-0.318234329962145,0,0,0,0,0,0.00555599304739177,-0.00677942556340383,-0.158311641167705,-0.51205970690778,-1.29440647318529,-2.60437643327669,2.34527367000292,2.82662328194302,2.18183534882524,2.24776661951801,2.29085643504449,2.19704451290815,1.53729196704607,2.15363513707824,2.42972905178855,2.28956592211792,2.15966448661201,2.23210854983934,2.73520912518599,2.81957983269,-0.672860699555139,-1.06660797769419,-0.660596334202292,-0.602414098009984,-0.354490618198536,-0.337286644549752,-0.601141025030666,-0.600343662417973,-0.587010367463798,-0.492024730361058,-0.450863040945257,-0.260071979744088,-0.129947265619852
95,1,0.13855255158625,0.344415885394507,-7.1560401910999,0.256483558791501,0.104782069699654,-0.464445033983371,1.45111027823109,0.602033951433857,0.423039955497041,-8.93689140662635,2.39561020795853,0.794016257750539,0.924338504679396,0.0942498468213437,-0.591648741900023,-0.114501973688062,-0.465053973588717,0.233275734204909,0.193594587157774,-0.258537492473942,-0.0531793365717881,-0.294796968073776,0.577635699391637,-0.340451264259571,-0.181000690973645,0.0372906351488951,-0.109760326272814,0.186830525968773,-0.147253915449961,0.134481422573819,-0.0762460159259763,0.107974643951316,0.0630088337020972,-0.36853257159717,0,0,0,0,0,0.00440876811357374,-0.00913372731497786,-0.158926534280245,-0.504513626009813,-1.27385935944998,-2.59617322172343,2.33065118195128,2.83054357683759,2.16858268284961,2.24478739920876,2.29808071830304,2.19289769846812,1.59041723585094,2.14301917977953,2.42542528597485,2.2855798812354,2.15312157338813,2.22862203529465,2.63984291272817,2.82429506232812,-0.637517659999073,-1.03199945452224,-0.648324558591309,-0.605401816685722,-0.357962489232145,-0.380857907404744,-0.6387701594017,-0.589003971361145,-0.57121928373721,-0.487286065013515,-0.481487196400224,-0.287979384828802,-0.15485489368905
95,1,0.13209296800162,0.33890985629264,-8.67336835778875,0.325011318392264,0.10271447234722,-0.475726524171244,0.869467446841865,0.599716748087208,0.417765752071788,-8.97366238939146,2.37682805622282,0.918573459710027,0.935902259309185,0.0290587977313672,-0.605708422449675,-0.139140911647323,-0.37551727236787,0.209375606542438,0.206588754473002,-0.259385343710563,-0.0711971806838691,-0.253720952838913,0.501054892861651,-0.326494058933738,-0.216780190746184,0.0526953467109275,-0.105524456746501,0.204958199934145,-0.149239621188086,0.126336279534014,-0.0675750536621295,0.0815444135169818,0.108623764762795,-0.38029964852253,0,0,0,0,0,0.0032619127598412,-0.0114847591075682,-0.158683216358276,-0.494570264000909,-1.24856961251959,-2.58292414072996,2.31708731483705,2.83402175475735,2.15607258545143,2.24155849031948,2.30712267157368,2.18703398165001,1.64220439718239,2.12972820076542,2.41753765179076,2.284985122009,2.14701061171976,2.2262777382803,2.55386233373597,2.83802263107538,-0.585237377007918,-0.990787701023321,-0.639500392185251,-0.620810415789729,-0.38905865148451,-0.436163788721254,-0.673773941598602,-0.573097773434089,-0.549833415910265,-0.47592448284947,-0.500902871721802,-0.324629582701608,-0.183956416683422
94.5,1,0.13867092902784,0.325330733669597,-9.70389456002816,0.328352909428536,0.101962192103732,-0.47264697106329,0.303485264427825,0.591545710267329,0.46706769035451,-9.03835534767624,2.39790379645923,0.940608827472482,0.965264869671181,-0.0138751352563384,-0.548671073360193,-0.0809575839919722,-0.354417931242241,0.130179117554505,0.118326601485094,-0.22890582407323,-0.0718934799885331,-0.225471757212008,0.457897308616897,-0.336408766980317,-0.189185518027821,0.0927254877214735,-0.133047654409578,0.165034075012551,-0.112148058136752,0.0619400054416572,-0.0391839094345956,0.0920850543669763,0.144552354680788,-0.362547636244878,0,0,0,0,0,0.00211542982302918,-0.0139095861817095,-0.157932802925664,-0.483070101128537,-1.2198114312637,-2.56265661442775,2.30401549967707,2.8357792422523,2.14454655146186,2.23842472466402,2.31749406073982,2.18059637558507,1.68781498283541,2.11141227620078,2.40817476489199,2.28490625897822,2.13954658614554,2.22408185271597,2.48794919797531,2.85136740285211,-0.528618059496608,-0.95286897605875,-0.626997728976749,-0.629885080616648,-0.419554272477235,-0.488700293206208,-0.704475932417799,-0.565813298413099,-0.535521930874046,-0.462404274627948,-0.504467250897844,-0.351309151094956,-0.20157540015577
93,1,0.13284210400212,0.32437099613673,-8.80484170834131,0.32718736075617,0.0968420674605115,-0.47264697106329,0.811109316509783,0.586717205535304,0.522590869614315,-9.16788800959668,2.4747823193913,0.937058332023863,0.996801321345062,-0.0269097706292842,-0.532822416039703,0.0892607014745247,-0.368170845498474,-0.0135551379830454,0.0583163188683904,-0.18409993017774,-0.057011454569546,-0.179572657200586,0.46051479627123,-0.383061803829024,-0.224965396278359,0.138371754914493,-0.117730379277774,0.135537396605736,-0.09173752319615,0.0047816400779685,-0.0248421110252503,0.0815634064340527,0.135008698105585,-0.305554852437312,0,0,0,0,0,0.000969322134214734,-0.0164642170085598,-0.156910567981422,-0.4704977826116,-1.1877346085977,-2.53533431745564,2.2922566517234,2.83626672828148,2.13565688035915,2.23615169642086,2.33125844779628,2.17577171948309,1.73195928617651,2.09301282137972,2.39814106462348,2.28584476064963,2.1303478675407,2.22064446554987,2.43655530004664,2.85974546572453,-0.466947687101345,-0.909811590706481,-0.615246990856597,-0.642689497055134,-0.450483343835908,-0.532273854552308,-0.719563059082826,-0.560967881944752,-0.526904703374662,-0.450393164524283,-0.498675764110331,-0.366783174057581,-0.216794127609167
91.5,1,0.156496555784929,0.316475243568434,-7.81286507920677,0.226238332942353,0.102436794303648,-0.471496658955331,1.2783770713362,0.600926792613056,0.570291244607896,-9.25119121884912,2.60132641805812,0.898883401401021,0.998724132574947,-0.0505347963292804,-0.526367409813363,0.281357739522335,-0.453154468076478,-0.0643281883969582,-0.0242977189426652,-0.101847470502442,-0.088226828559233,-0.208015219347123,0.463076882552061,-0.377573263605782,-0.230077808733562,0.16975712948458,-0.117778898944253,0.131884462303092,-0.0613385343742533,-0.0522729893012069,0.00301738482361786,0.0522988019177546,0.136735354965162,-0.246976916123157,0,0,0,0,0,-0.000176407481321286,-0.0191610292424962,-0.155647180971271,-0.456956346973372,-1.1525910974016,-2.49998224686881,2.28333978121962,2.83503456890507,2.13072754767112,2.23318134617077,2.34550442712615,2.17228442979207,1.77846047821564,2.07594991957435,2.38912772458519,2.28685933553051,2.12141565603149,2.21487069283332,2.38584496677067,2.87203883374129,-0.405565480115617,-0.870538482391838,-0.613903371817822,-0.658246572485745,-0.482228769626738,-0.561461633811055,-0.720389830813679,-0.561428446577361,-0.526543138349764,-0.450230961190988,-0.491125063232466,-0.379345814367012,-0.230344752910986
91,1,0.139639867819572,0.289170049754281,-8.77993317492319,0.309179752455416,0.104823223844316,-0.475256331000333,1.50341967080795,0.596705948559878,0.617314035218791,-9.28864385041796,2.78281412338545,0.842771394349551,0.975625249137264,-0.137276414936538,-0.486046045836232,0.393723094277799,-0.48033234667705,-0.153787167913785,-0.0121969641840198,-0.0723785964968948,-0.157971043816488,-0.239054844910596,0.443562107314872,-0.324316591835773,-0.230779156347288,0.175177030693616,-0.137265579368651,0.131559275545146,-0.0182504062642076,-0.08426259332612,0.038905436729424,0.0557490887520346,0.155772288921651,-0.22280470241996,0,0,0,0,0,-0.00132175620413194,-0.0219978724148137,-0.154192382137958,-0.442619704913988,-1.11487448785628,-2.45722136763131,2.27750759438788,2.83189583035818,2.12846236731902,2.22831707071998,2.35464200109445,2.16935500517829,1.82682057717217,2.05878163146014,2.37882942836692,2.28464877096967,2.11192191006535,2.20877126678131,2.33509497725173,2.87957625444071,-0.342156731675401,-0.83397652542899,-0.61799836922228,-0.672203568783783,-0.515340912961034,-0.585650998576237,-0.718058469644338,-0.567197424145675,-0.529802454649039,-0.456648408278392,-0.480656325326437,-0.392802684566688,-0.242399145981757
91,1,0.126763954844627,0.262984680351759,-8.09791459380122,0.288239491070793,0.105356606735229,-0.483216175083022,1.53402310685107,0.577665527556205,0.618549130204303,-9.33905295592406,2.865976141112,0.792352839696404,0.992582128255172,-0.208156186957739,-0.445174183068159,0.404225176026917,-0.474950980552653,-0.272825312006287,0.081751186488612,-0.0925600289579908,-0.217244002227688,-0.216031744681253,0.414153747231092,-0.271152485093498,-0.287061358343221,0.159657161887749,-0.100152252299916,0.134540082574082,-0.0124286369251382,-0.0823300583776329,0.0353380984451571,0.00179231613007934,0.189102336763815,-0.189768683802062,0,0,0,0,0,-0.00246672122064209,-0.0248113224460125,-0.152152180141419,-0.427018115582507,-1.07405911936285,-2.40417732312116,2.27842772702284,2.8284696782343,2.127341737974,2.22161444918346,2.36254836455199,2.167422124991,1.87366484166091,2.04146205270355,2.37214461657719,2.28102027513113,2.10125327985719,2.20500690345376,2.29545756858244,2.88265551893626,-0.282039019136415,-0.80875106364924,-0.62392218855577,-0.679778267557536,-0.544936802464055,-0.605975555954502,-0.710778126134442,-0.57689380297333,-0.536768487599498,-0.462256610398047,-0.469520780689092,-0.406284213147359,-0.250994570613187
91.5,0,0.114181924587096,0.236881982550096,-7.29415135868447,0.259630112304461,0.105766453182824,-0.48263481709693,1.18296970619558,0.604791546013555,0.576610955310278,-9.36276620121746,2.83909121498505,0.756863196630839,1.04013928462308,-0.265491803132887,-0.419611258330865,0.393279426421257,-0.456194838931839,-0.239115261932485,0.0491151718905052,-0.0920247323134251,-0.213130419912953,-0.209993891074921,0.394290932624088,-0.225168573899174,-0.328318307840388,0.178484448513411,-0.0755432860154128,0.151049306404069,-0.00633595203485614,-0.141848771971632,0.0492599719850732,-0.0150179218320906,0.191063662476719,-0.169151979651771,0,0,0,0,0,-0.00361129972318554,-0.0276906005554735,-0.150542471481398,-0.411569796829385,-1.02751207369808,-2.33204678447506,2.28135192316442,2.82236951686974,2.13014565046722,2.2142548188151,2.36587923229621,2.16475683270977,1.92176673784665,2.02050291758495,2.37160260825548,2.27730421666533,2.0899600604384,2.2013646643929,2.26610603341724,2.89056211765943,-0.22651772326576,-0.794522413109569,-0.641146624114205,-0.691610596202112,-0.574920976182714,-0.621535070075871,-0.698547445763728,-0.583068930068861,-0.540663107551351,-0.463976749002039,-0.45629693295822,-0.412486008584903,-0.261119801582569
96,0,0.101599894329565,0.210779284748432,-6.49038812356773,0.231020733538129,0.10617629963042,-0.47900359918111,1.22936246363994,0.587941365189522,0.458353916880463,-9.37201890250478,2.80721614154824,0.7316546055864,1.01278093418633,-0.290146830143789,-0.466538368877477,0.44564337827314,-0.400009992797345,-0.20418944375135,0.0116653121273124,-0.0956099440857586,-0.174754977625294,-0.255091662264513,0.409235023147901,-0.145315567573554,-0.363028912260098,0.181045723180755,-0.11834498511857,0.195974418378181,0.0320408814916904,-0.21760824983379,0.0916645165287162,0.0333949451696522,0.142207177155951,-0.20912482411831,0,0,0,0,0,-0.00475548891004223,-0.0306551394113789,-0.149164429783413,-0.395695168460552,-0.975022977583169,-2.23480482342094,2.28020466073071,2.81041280030055,2.13562473627322,2.20533313383893,2.3627933802037,2.16031889294867,1.98357982236264,1.99487304939425,2.37041569274771,2.27133179279302,2.07547083634183,2.19885774297587,2.23617155832839,2.90423624003936,-0.164571914554122,-0.763106145807412,-0.648926730350127,-0.690025078655522,-0.58812289553608,-0.618425143358376,-0.668502096125768,-0.573671056076215,-0.532576054919519,-0.458310029776678,-0.436850741512567,-0.407754343793136,-0.271769313630293
99.5,0,0.0890178640720336,0.184676586946769,-5.68662488845098,0.202411354771798,0.106586146078016,-0.480580575756251,1.55064425889006,0.546506022330815,0.367231049736418,-9.48490439763569,2.79189483698128,0.736382229715881,0.916595482521995,-0.258703814956111,-0.514222525526645,0.437859753627554,-0.333521262288782,-0.273297538426484,0.0567915896523434,-0.0124285613984972,-0.20572965208254,-0.270974528900982,0.402099992990415,-0.0499318020379314,-0.345661027365339,0.130593535817717,-0.0911651904967093,0.173459478755566,0.106540631385309,-0.228263610526466,0.0643794284010425,0.129315190847575,0.0665895672876756,-0.219748836170651,0,0,0,0,0,-0.00589928598547462,-0.0336317123545276,-0.147483210139553,-0.37969087764144,-0.923163552799406,-2.08356029492063,2.2781932787589,2.79741753007497,2.14146729107834,2.19361880495555,2.35778009554954,2.15767486290478,2.05319611399764,1.97019714005116,2.36221610986594,2.26512298877521,2.0588720533798,2.20138598779494,2.20573001074531,2.91391974520463,-0.106543982480571,-0.722896458989236,-0.637123159265811,-0.665300604342144,-0.578052043791685,-0.599752692940915,-0.630842884842071,-0.561355585407097,-0.516043722556008,-0.451616780173427,-0.422706081220946,-0.402036513985438,-0.279873502121966
99,0,0.0764358338145024,0.158573889145105,-4.88286165333423,0.173801976005466,0.106995992525611,-0.465350992687827,1.47602170853585,0.513008306380031,0.368467458336989,-9.65427619701194,2.74561351931543,0.813804328021302,0.837804092171201,-0.117962266948592,-0.464760907207113,0.256303546973324,-0.189266239561172,-0.291066523147519,0.103180704598145,0.033692286384663,-0.303345198134457,-0.18045556012977,0.362386376951708,-0.111205289602244,-0.237542748930153,0.0555759522031711,0.0313374177880254,0.128113958222122,0.150810282391734,-0.162511786059421,0.00227908620753601,0.158911375795801,-0.0338690149560126,-0.181219988569987,0,0,0,0,0,-0.00704268815976548,-0.0364663853995512,-0.145521631350019,-0.363835638798375,-0.872306113097358,-1.8078584300656,2.27740706777419,2.78812695313924,2.14978814462118,2.18058434259334,2.34760846289365,2.15437359362823,2.11863774418891,1.94527450441935,2.34627887066946,2.25793263229346,2.04211375437903,2.2029012049377,2.17421684911917,2.91805675083278,-0.065377357407664,-0.704587603194424,-0.634033499126542,-0.648947803351184,-0.569670895814514,-0.585016925831348,-0.608077422832135,-0.561998186520616,-0.503616169671967,-0.452187717159085,-0.418576808465511,-0.398020578738748,-0.28945634218068
103,0,0.0638538035569711,0.132471191343442,-4.07909841821749,0.145192597239134,0.107405838973207,-0.433327990642546,0.984375617774013,0.467086008609569,0.400141217951238,-9.5759017560466,2.7120882930241,0.788967143980435,0.784763411522321,-0.0117790101397435,-0.492078206098644,0.031792322098755,-0.131741906917575,-0.303477436760516,0.0686731114808552,-0.0295524101346255,-0.374224823741387,-0.0925531108380584,0.393956341697613,-0.254259880670843,-0.182226048605892,-0.00836792332577895,0.144326837672401,0.104432292976719,0.138980411087449,-0.0982773728915135,0.0189444931261636,0.119796229342572,-0.108898961574118,-0.177273719500732,0,0,0,0,0,-0.00818569264925362,-0.039076669003237,-0.143044095815651,-0.347514725762016,-0.821573243014492,-1.4128701415928,2.2752960003544,2.77713671901158,2.16013886836154,2.16886878626493,2.33786931550886,2.14940276854356,2.18484482112776,1.91430061032482,2.33352911806609,2.24214273007373,2.02230292697016,2.20355532453312,2.13285442729552,2.92224840357226,-0.0352944897565629,-0.700661290659951,-0.641824604220715,-0.639070572214981,-0.567820178310997,-0.572072337663609,-0.589661692263823,-0.568043107694518,-0.500986934322691,-0.455427302432884,-0.414545973668478,-0.395734824569377,-0.297285221311169
107,0,0.0512717732994399,0.106368493541778,-3.27533518310074,0.116583218472802,0.107815685420803,-0.372142391680062,0.514747981514304,0.4073914157907,0.412610230667754,-9.70552845355047,2.49288901563253,0.785231239757962,0.759516108477455,-0.000429048296599358,-0.468464317003196,-0.127645643234043,-0.284412620014823,-0.296437005345326,-0.000827201171832568,-0.0862623917521634,-0.37229287269614,-0.011468730614346,0.484887152745708,-0.264396179924272,-0.168819444499122,0.00248603241004629,0.128480169785699,0.0421829162591088,0.0797603466984201,-0.0630634460846709,0.113535369550443,0.0600268487465562,-0.103619179143038,-0.126471802511939,0,0,0,0,0,-0.008948531486432,-0.040975939195513,-0.140013004251878,-0.331240783563962,-0.771232219703587,-1.0293375631354,2.26847036720576,2.76298495399547,2.17112741774811,2.15966457008049,2.33217139693385,2.14473739276271,2.25123157522904,1.87399765214943,2.32015243085126,2.21972375039858,2.00041537737127,2.20933274594233,2.08791983394134,2.92621635531375,-0.0124031951944811,-0.702652095634221,-0.652765409131744,-0.630047149173308,-0.565711056594252,-0.55790014318598,-0.573957404616556,-0.57559666423965,-0.501810125474595,-0.461189871672882,-0.408367642293,-0.396324154636971,-0.299844190701307
131,0,0.0386897430419086,0.080265795740115,-2.47157194798399,0.0879738397064703,0.108225531868398,-0.326625066716097,0.878837077744495,0.378772347333739,0.323980318825169,-10.0135340491898,2.10787202995443,0.749250388625637,0.637724170897949,0.119377443362334,-0.333969391853359,-0.218980739861429,-0.307528379966763,-0.0232470762654997,0.0109364592866797,-0.0982111259122584,-0.229354075752059,0.0480486778348927,0.420089991776032,-0.260256537507508,-0.112424262826871,0.0454100403306194,0.0302125701127468,0.0334695362901018,0.0154957860612817,-0.00731449104049797,0.149927297328422,-0.00730158637942869,-0.0599286923015773,-0.0927150145469631,0,0,0,0,0,-0.00935916257081382,-0.042230960419973,-0.136425647099008,-0.314728989854138,-0.721856910350472,-0.749108632850051,2.26085948794122,2.74984571309513,2.17981890927671,2.14629232885976,2.32283919768218,2.13921835131837,2.31274112740337,1.82011803032879,2.29247930841137,2.19062022312419,1.97921786804365,2.22328198732085,2.04769777169432,2.95131286949089,0.00537375326244236,-0.711852960543085,-0.661071662035202,-0.62466389452533,-0.558454088737201,-0.545964201895236,-0.562125047199752,-0.578751714925731,-0.498993734353621,-0.466228067025922,-0.400953811093076,-0.398240877766572,-0.302829165666025
133,0,0.0261077127843774,0.0541630979384516,-1.66780871286725,0.0593644609401385,0.108635378315994,-0.327076898312898,1.10311899244579,0.481810963405451,0.159973668683639,-10.0329436588275,2.01273827314914,0.604149076144336,0.469070445042954,0.170163590107861,-0.356074878727197,-0.285631950487137,-0.171028839584297,0.222772138120099,0.0756919743808266,-0.0610762701435544,-0.111424478330068,0.0367218599778477,0.228658811955323,-0.308202517485745,-0.123507152355562,0.0654057576716976,0.0592418443509142,0.0450756646049983,0.0583118638604131,0.0497160819877088,0.126540840869332,0.0120059190109307,-0.0326010244655141,-0.0858281309406077,0,0,0,0,0,-0.00980812817497127,-0.0435718073842976,-0.132879151792048,-0.298406878453141,-0.676160502381177,-0.566690888722444,2.25404088610155,2.73297914688218,2.18180158321365,2.12493720170018,2.30799320944778,2.13617250532058,2.36276048463482,1.75548862725264,2.24822355187105,2.15805930927616,1.95583525501251,2.21639220245217,1.99850311345385,3.04358265028778,0.0136518877253443,-0.72829195969951,-0.665436646164566,-0.620556132289591,-0.551030865789628,-0.535420878226862,-0.546044725804853,-0.574384197732004,-0.49354019663719,-0.46752265210135,-0.394080745243183,-0.398949925484685,-0.31192810580414
111,1,0.0135256825268461,0.0280604001367882,-0.864045477750502,0.0307550821738067,0.10904522476359,-0.329141739145014,0.94003239878358,0.524442113001081,0.115345063767097,-10.1009023221989,2.23878848386386,0.622293757493389,0.359710396106858,0.0282605523283855,-0.384718559447521,-0.361635696928455,-0.160680733269736,0.205149333032193,0.101229125458068,-0.0752371856541294,-0.220236144118374,0.025487417693597,0.16575161525018,-0.275140342692095,-0.122047416449137,0.038614303506681,0.11396196126413,0.0250707269836546,0.0959313026553749,0.0770482071140106,0.119393120592572,0.0188805154986007,-0.0567939844059517,-0.03958032066205,0,0,0,0,0,-0.0102571202661423,-0.0445421633699317,-0.128513389188382,-0.280273350175644,-0.629496806318713,-0.433073482766472,2.23985903143676,2.70594604909545,2.17340678929926,2.09702119750171,2.28172612450985,2.13201033656612,2.39377491398017,1.6837549282747,2.18358725984987,2.12424920330308,1.92681742303761,2.17826260412702,1.89806197350839,-3.11664160424318,0.0171875702681471,-0.7413589862181,-0.667695320513477,-0.619229643149576,-0.548578307561113,-0.526029101429867,-0.529096679376933,-0.568826057762136,-0.485081146267361,-0.467072490812985,-0.389652127875248,-0.400802352559517,-0.324254733038632
92,1,0.000943652269314845,0.00195770233512476,-0.060282242633756,0.00214570340747489,0.109455071211186,-0.352983630092154,0.927105406847557,0.477544519068278,0.142180010734225,-10.4075511555932,2.16371421481968,0.628010017152303,0.33575299083769,-0.0810765924007506,-0.353822949884191,-0.309149153036026,-0.104825449330138,0.197192655930959,0.0650583735818128,-0.134622205797339,-0.287428630389177,0.0628570732305747,0.169247508772494,-0.301210457330632,-0.0952438817421542,0.0434950379368358,0.0626176889393745,0.0260475725599434,0.150392038589041,0.054853852155114,0.088261932809964,-0.016376420710978,-0.0847269502899338,-0.033883967848944,0,0,0,0,0,-0.0107061386656268,-0.0452288984530162,-0.123675350168289,-0.262042139694775,-0.583540223135079,-0.335767195328371,2.21509978644894,2.66808149229715,2.15910950136324,2.0627160208469,2.23448337936177,2.12252761191575,2.4135938602226,1.60505545184708,2.09936195682081,2.08191638188719,1.88927288676437,2.13179505542291,1.75252439053626,-2.99108288190956,0.0144449329212857,-0.750885724948379,-0.664292003544767,-0.613638316048901,-0.543849781587357,-0.5168735382017,-0.518068756242073,-0.57035505071173,-0.483485570828354,-0.462884186976311,-0.38300228963084,-0.408607139289667,-0.332365627762805
73,1,0.078546028870134,0.308959364008122,-2.32078122740942,0.277034943659008,0.0929791518598066,-0.353745221034211,0.794959291653883,0.596469175681066,0.207223691613885,-10.6380328058535,1.64532004626189,0.488404145497843,0.521893679217698,0.0438048203167615,-0.220571943496248,-0.171889476058947,-0.0367040406524756,0.156695046265682,0.0747092475099403,-0.134908469610902,-0.159266242767019,0.116939541295847,0.141631717854099,-0.322416891634426,-0.0607195955686865,0.0486929414199347,0.0812071814671619,-0.0277944373277166,0.116925483872736,0.0343158498815547,0.0230084681359751,0.0154995215097274,-0.0450020804547474,-0.0184193923915888,0,0,0,0,0,-0.0109927294441746,-0.0453620404512386,-0.117891258653935,-0.243643197194246,-0.538388316627773,-0.290324014279815,2.17564452337616,2.61698836771718,2.14140162564021,2.02018492503614,2.16521814123393,2.10486691814727,2.4322021494874,1.51613940437216,1.98938974181535,2.03192984675673,1.83306760072619,2.08092867611428,1.61853555537353,-2.81553657586086,0.00597502836155169,-0.764445049747302,-0.657860876829596,-0.603932819557307,-0.535804127418614,-0.507185015746888,-0.511373798899142,-0.578794393232509,-0.488859863394634,-0.453761971416924,-0.369429437238392,-0.417391319478322,-0.337800362881107
133.5,1,0.0963820718086785,0.379117111789685,-2.84777863540672,0.339943371006099,0.090148434197204,-0.336574771449132,1.68010535905025,0.714245525672972,0.346163092740075,-9.81632629006318,1.63985240192848,0.298654082321609,0.626150590352772,0.0617499613619901,-0.253186681196292,-0.117515534712528,-0.175306012411187,0.205062215601339,0.140847815288784,-0.204319262495158,-0.081416987735665,0.0431914602180306,0.195689657017839,-0.225455210639705,0.0401623235339333,-0.0702983514417603,0.104357037716948,0.048255989875201,-0.0632105157911911,0.0562485576699204,-0.0518173305318733,0.0656817179920117,-0.035422122566288,-0.0296099684249636,0,0,0,0,0,-0.0108317838192254,-0.0439858059657118,-0.10978802896548,-0.22245975499306,-0.489813736373105,-0.281507224714769,2.11688616181485,2.55234591214981,2.11664743753154,1.96311847144373,2.06276431908223,2.07741368316105,2.44407315591166,1.40481398182137,1.83982787081383,1.97293968034984,1.72949931350578,2.02160830661699,1.52487150815464,-2.6300212578133,0.000647618633279424,-0.778514794027356,-0.658353149298827,-0.607589428573172,-0.536261723118111,-0.50249900228531,-0.505634514663796,-0.585050888379685,-0.49465802368035,-0.446350766371016,-0.350396770844977,-0.422458709958418,-0.339686810326098
169.5,0,0.0925977450628163,0.364231531940274,-2.73596401413922,0.326595901224264,0.0919561466185392,-0.34041978103702,1.4011577861514,0.621874590634034,0.387926703247439,-9.4541958786694,2.00515794203869,0.363373531066849,0.471830203327461,-0.131704948027665,-0.444717749667425,-0.178465838411633,-0.182103073854414,0.258756109581292,0.214888307387664,-0.27332726411283,-0.216979075994473,0.039026058833749,0.164785381481877,-0.218500183253314,0.0460412616299349,-0.015365715638891,0.102705867311787,0.0943701367819555,-0.059253039664685,0.149230343131047,0.00990939029081556,-0.0208921256156704,-0.092993884042805,-0.0425919515131543,0,0,0,0,0,-0.0103827545380957,-0.0417838846265863,-0.100885516747943,-0.201111647710512,-0.442309579470474,-0.288705727403839,2.0543577062016,2.48339369520921,2.08954963157869,1.89558092672235,1.91380537187607,2.04860505507993,2.45825564072923,1.27916164511697,1.6643941149662,1.91270563219249,1.55125974082569,1.97748587419428,1.46952930096716,-2.44377677471112,-0.00397493268616215,-0.789905738376708,-0.664961398440887,-0.621064041223176,-0.546000443659232,-0.503839728027009,-0.498951934891584,-0.587145775994292,-0.502223455409775,-0.441954732450258,-0.329652648237859,-0.421294983824557,-0.337492642075979
145,0,0.0888134183169541,0.349345952090863,-2.62414939287172,0.31324843144243,0.0937638590398745,-0.340090580382262,1.4011577861514,0.605733798714236,0.353301566759314,-9.87619060634608,2.03688848541006,0.293630682270892,0.365688615637383,-0.00757538232227115,-0.432695006736331,-0.130623156051816,-0.127098882970742,0.189189988919362,0.320567005285649,-0.266858620647656,-0.231558418556915,0.0515706573937609,0.0591310389444569,-0.141549181170233,0.0133348765665272,0.0383849014160806,0.140143758270455,-0.00690489039593058,-0.00352656109675876,0.104687915246401,0.012195179469787,-0.051511683769524,-0.0928438568982847,-0.0275411634101365,0,0,0,0,0,-0.00993375151568262,-0.0396490863523921,-0.0926684994829777,-0.181604695332089,-0.39932668653021,-0.295793705849286,1.99277509077992,2.41438847108104,2.06428866757333,1.82107710719196,1.74068840921702,2.01685865561966,2.47697351566818,1.1460670437047,1.44609138114766,1.85250655045026,1.21744071848825,2.0330804394184,1.40092170214145,-2.17168991964396,-0.0113944772209249,-0.79992461633081,-0.671644151215256,-0.633221158563842,-0.557519102003241,-0.506441460514532,-0.497707556418797,-0.58824535540977,-0.504692072196166,-0.435706649871289,-0.313169168205214,-0.410618763632011,-0.340226686816486
144.5,0,0.0850290915710919,0.334460372241452,-2.51233477160421,0.299900961660595,0.0955715714612097,-0.345230763879759,1.82021566610324,0.453821948460918,0.368138773605758,-9.29152162293101,2.11115299358643,-0.032466668219672,0.476454807195463,0.0898675823114545,-0.420095276529847,0.0547334265494522,-0.245509906496625,0.211149427683153,0.394957078829256,-0.349973767442708,-0.194469828903811,-0.0572166385148618,0.0387228620282607,-0.105854033552898,-0.0484330070078637,-0.109923917051383,0.174747928189137,0.0348238438085137,-0.0208863023594428,-0.00836833301753329,-0.0507265691090804,0.0675857382744296,-0.00778661029976145,-0.119223672719794,0,0,0,0,0,-0.00948477493070833,-0.0375587003052484,-0.0850856688076272,-0.164319398128206,-0.363486714463123,-0.30875726742827,1.92633140151754,2.34914637676708,2.04305985261698,1.73813422455812,1.52952445228461,1.98328121001198,2.49113122396558,1.00387730853177,1.14932341878076,1.78239438180165,0.81015709495498,2.91386168829036,1.31709654836152,-1.82452557056292,-0.0198174621266216,-0.807865223393917,-0.679295151823109,-0.647257591744147,-0.570979473180104,-0.511528233716848,-0.500838217479014,-0.587963604726172,-0.504306447918415,-0.423450410290255,-0.300795514718222,-0.395555963252026,-0.345506042105447
144,0,0.0812447648252296,0.319574792392041,-2.40052015033671,0.286553491878761,0.097379283882545,-0.349707052242529,1.40819554228592,0.423966375975342,0.386340082649257,-8.56085728614904,2.27976645979177,-0.186033209384889,0.545624437700043,0.0625997546493476,-0.444166184926936,0.0869077071440486,-0.250934153675869,0.239034532189153,0.426200026911945,-0.321917776859405,-0.178434176774027,-0.0500780042388869,0.126837053245903,-0.10633388451314,-0.00498477734875767,-0.137242312876392,0.188882457356771,0.0784027074151996,-0.0557865506252215,0.0440729906850896,-0.0531495986351027,0.0641666017156649,0.035645298709137,-0.143378450902496,0,0,0,0,0,-0.00903582496183118,-0.0354821368165833,-0.078050944839748,-0.149294235851533,-0.336167335207001,-0.333120744821496,1.83181835838149,2.29249457837518,2.02743158569204,1.64844063812094,1.31740839272955,1.95466237544749,2.50160485054289,0.87229135520503,0.815522699696537,1.70420082783028,0.520307087784703,-2.11344271003611,1.27626336779677,-1.52488213717017,-0.0275380588700865,-0.811031203546725,-0.690122816258267,-0.665735466806856,-0.59132628254481,-0.522618935807758,-0.504818686065614,-0.587786213875123,-0.503400842179292,-0.406108864018614,-0.290654759629843,-0.380520125334778,-0.341484077373634
144.5,0,0.0774604380793674,0.30468921254263,-2.28870552906921,0.273206022096926,0.0991869963038802,-0.294475638919893,1.66273440899355,0.553519554664219,0.396825387529188,-8.29868703956347,2.3145779437427,-0.186709171677631,0.486192373404663,0.11578314223627,-0.432760214009188,0.0949341334201154,-0.192605635626458,0.237763630111105,0.450831208420834,-0.311070736902253,-0.237596347264486,-0.100433062335476,0.17197749687052,-0.0680776241425104,0.0327779849793961,-0.0984007469217544,0.175804913966043,0.0517106132767107,-0.10588521472637,0.0317419153992125,-0.0582027447934329,0.020770564579826,0.0662980481007129,-0.12752025305636,0,0,0,0,0,-0.00858690178764542,-0.033406658054511,-0.0714656831205902,-0.136337460000498,-0.316495973920604,-0.36637404452977,1.7106752234315,2.24655074378022,2.01530074170197,1.54374319966296,1.14539463187972,1.93281392918846,2.51721563030301,0.766468088433873,0.53905920953971,1.59205948394167,0.341156546069653,-1.55746456700089,1.26963470978811,-1.29651782934844,-0.0343676998612596,-0.810800680007302,-0.704416272673111,-0.68796909161188,-0.615005953973706,-0.540813319294817,-0.5159142949822,-0.590864456667447,-0.502028128011224,-0.387821150390825,-0.279962989614242,-0.362866321602269,-0.326959782990723
145.5,0,0.0736761113335052,0.289803632693219,-2.17689090780171,0.259858552315092,0.100994708725215,-0.241439839591006,1.58583471225832,0.434242698651074,0.426064053960128,-8.93708855011621,2.34833696084522,0.0263739255764803,0.331538433328691,0.260230179614935,-0.34284271994228,0.110118500812543,-0.148990724722554,0.276542723885314,0.439931808206414,-0.284990239735161,-0.302011268277595,-0.218389539380737,0.136047039261937,0.00498604115135386,0.00824783548295106,-0.0736843950987861,0.243129549177931,0.0191175485640668,-0.0625548489674255,-0.0099078086574921,-0.0632016682264875,0.0332484484406251,0.0354800101770981,-0.0945855734612652,0,0,0,0,-0.000102644571445366,-0.00865613195268864,-0.032119016037604,-0.0661446604550853,-0.126120702456229,-0.300649413683536,-0.393655740933779,1.53428283205895,2.21606388354905,2.00814783071665,1.42250364491247,0.989992993474528,1.92279098329239,2.5387432351227,0.680057898374015,0.383724068503333,1.4281455575908,0.220816369184807,-1.38194604127728,1.2734349273339,-1.12646617450477,-0.0426403304224638,-0.81700400507468,-0.72517292658135,-0.709217856312002,-0.633764203961334,-0.565334289976489,-0.532003397636737,-0.595479908075801,-0.505517278776709,-0.373200688358122,-0.266438512395333,-0.338597612162737,-0.306946211257122
146,0,0.069891784587643,0.274918052843808,-2.0650762865342,0.246511082533257,0.102802421146551,-0.223083929021412,2.00758118589857,0.407759457452084,0.354300158382364,-8.54388966089639,2.37216780697913,-0.11460874958072,0.327557545593121,0.257437976834698,-0.298487636078451,0.173433344941571,-0.193821713878781,0.132527207004585,0.357480572885456,-0.109447028850919,-0.116444578245606,-0.271206678737884,0.177077227711021,0.0193467432566892,0.046099909349203,-0.224183764600499,0.150664057228957,0.100868274528464,-0.090011513943074,0.0306652042136179,-0.0798682768154642,0.0308692597659315,0.0742809177166798,-0.0826400362000962,0,0,0,0,-0.000310535086524027,-0.00925682679254644,-0.031638181146413,-0.0620930328079833,-0.117871944555391,-0.285489148774707,-0.406667589568475,1.21226860623409,2.18049491359904,1.99974543571447,1.29420383856047,0.860738529265913,1.92505090126156,2.54716438726157,0.60463233710465,0.317246873739598,1.28018026659939,0.135208508061455,-1.31031690313831,1.31353316521457,-1.02583830842102,-0.0512637744872018,-0.832791690630474,-0.755900888330066,-0.733706707673777,-0.656620300515886,-0.59585474024174,-0.549235120842657,-0.597873333343887,-0.508083506562051,-0.371546474799946,-0.258449983288725,-0.308347797980567,-0.286900280736576
146,0,0.0661074578417807,0.260032472994398,-1.9532616652667,0.233163612751423,0.104610133567886,-0.169511354790013,1.59181981660041,0.563153190956578,0.180704515006501,-8.69190468629691,1.93160310687444,-0.392989296270122,0.268680867499612,0.107401283791767,-0.298214710438764,0.117438358245808,-0.12319347670436,0.108305259722869,0.446481827297322,0.0185931202143187,-0.100678648818257,-0.258693511555368,0.236227957976831,0.0210048800648289,0.0709381257930321,-0.234235953905204,0.0806915530548802,0.165127336018039,-0.085487350703507,-0.0565094354213802,-0.0786245938542616,0.064448292514061,0.0606959116248765,-0.0532925079016821,0,0,0,0,-0.000518431213991239,-0.00985794185791253,-0.0311565203444107,-0.0584486734447004,-0.110615369207985,-0.272787428795914,-0.417006098533906,0.793584314578388,2.1441727694811,1.99093145139589,1.17187133426302,0.756975896317849,1.93742001489981,2.56587005933425,0.541394746804484,0.275784113446191,1.18965903920724,0.0707956458262361,-1.2890024783743,1.40392066453258,-0.93638594385752,-0.0702254307362647,-0.873986974513656,-0.815146501255415,-0.787836562579988,-0.711350677764595,-0.648369779363466,-0.588444639770168,-0.615310996608962,-0.520939464462585,-0.39111037610078,-0.268635647827111,-0.2830357139718,-0.269866622354283
152,0,0.0623231310959185,0.245146893144987,-1.8414470439992,0.219816142969588,0.106417845989221,-0.135497209332473,0.97220212891273,0.569789587846184,0.09820935954529,-9.48428625686521,1.64640090420325,-0.150467739179163,0.134150698762229,0.0501282381360281,-0.137706485638811,-0.0352788041032487,-0.090715382870237,0.13438945162509,0.273317237865731,0.0405235718073229,-0.0835361755575866,-0.152456715559139,0.207958041879594,0.0272511601708587,0.0449365246259109,-0.139048937639073,0.0789753320631367,0.141859538431739,-0.00881536213396018,-0.113156910698204,-0.0454230104979344,0.035692944041816,0.0378056310006356,-0.0558977731411626,0,0,0,0,-0.000726332936102721,-0.0104594771550353,-0.0309444169927517,-0.0557406699473829,-0.105441945522328,-0.265529647622185,-0.436686473434747,0.360170039039819,2.11533075345366,1.98354478316538,1.05799884808268,0.653860697930507,1.94743254894677,2.63157390735524,0.494742121433209,0.245738385471986,1.12843575047999,0.0154609301876093,-1.275895245912,1.56486505051865,-0.869559017680793,-0.0802971747881488,-0.894440033038167,-0.849466771734321,-0.816118118923396,-0.746012968562952,-0.685233108785358,-0.623546745635791,-0.628104783362748,-0.526847445928888,-0.408649894812149,-0.288465741840966,-0.271900086775465,-0.266371244278167
152,0,0.0585388043500563,0.230261313295576,-1.72963242273169,0.206468673187753,0.108225558410556,-0.150676853284371,1.34940891246778,0.392809722115684,0.101331949118263,-9.50964478094954,1.27078249893922,0.0954935575933099,0.293845567541685,-0.0198798009197045,-0.049091511899383,-0.0337488789315676,0.115574252819976,0.198801826737036,0.200934153263571,0.029453198332587,-0.0841826680033352,-0.142887009979945,0.107864826653792,0.00710689239229726,0.083096888182055,-0.155781600162394,0.0907746945216812,0.0919408948209062,0.0528049794092511,-0.0789092827812305,-0.080137894491224,0.0336310648470364,0.0359773013691271,-0.0472485441569083,0,0,0,0,-0.000934240235111259,-0.0110614326889553,-0.0309755085790535,-0.0539063658939199,-0.102185623434297,-0.262664300871275,-0.463068317960728,0.0274259128493171,2.06252309858692,1.96305762816349,0.954413636540663,0.569940376467095,1.94729262611123,2.72089780381512,0.4639334292076,0.22312060669115,1.08069054264494,-0.0292617098616529,-1.26708060903582,1.86708193321146,-0.843675626940271,-0.0690540420226837,-0.871389734261646,-0.83712760181012,-0.796363486767608,-0.735108720234129,-0.688080592934732,-0.634478532878887,-0.61922733226534,-0.512730632560401,-0.409388140765525,-0.30745579274264,-0.271468031557222,-0.27293229891184
138,0,0.0547544776041941,0.215375733446165,-1.61781780146419,0.193121203405919,0.110033270831892,-0.20639778698199,1.18862837661773,0.385610397887083,0.0938647254172365,-9.49536403901408,1.07611717589666,0.0854763862247435,0.316336592836699,0.103605395565616,0.0504769599119683,-0.0738763444494293,0.0851705198239568,0.227870144891549,0.441187931854885,0.131697243765116,0.0695169831241817,-0.1054267973246,0.0860262890958906,0.062310927446376,-0.0334608898319128,-0.188563312435184,-0.0191153602879433,0.0883612026490446,0.11473690013699,-0.0136523777083196,-0.0823494909848115,-0.0174171192764246,-0.00737231128987047,0.00230868891563935,0,0,0,0,-0.00114215309326676,-0.011660382678444,-0.0305817810771091,-0.0517152994026707,-0.0992137992057286,-0.261868198509537,-0.488047420093492,-0.127637167645346,2.01100871731717,1.92731332642019,0.869025710514639,0.537847777891521,1.94333859434179,2.78364223719067,0.44386959360938,0.203453356991767,1.04288953409014,-0.0655793124829663,-1.28207797519095,2.22437096388982,-0.823124593849814,-0.056933128102767,-0.848523633322564,-0.828259125119795,-0.784756099555292,-0.725560388331129,-0.696163789740051,-0.644827530853952,-0.611274368984229,-0.50211634240008,-0.407936288473402,-0.327682344355719,-0.275743749796593,-0.273017625520601
129.5,0,0.0509701508583318,0.200490153596754,-1.50600318019669,0.179773733624084,0.111840983253227,-0.322443009193929,0.945682867743889,0.432428262615103,0.087035414052653,-9.43555929207495,0.688654223368833,-0.201354367839489,0.15944334361855,0.109043588903596,0.190042830502007,-0.145027627263204,-0.00174798095655513,0.339403783565947,0.293535390283718,0.0433694705833799,0.121566378812037,-0.0013483983252996,0.112658258651183,-0.049354588226386,-0.0782127362596518,-0.0465038042258722,0.0165514057282139,0.0497225271373023,-0.046380234070498,0.0453074596752289,0.0841380536828648,-0.0283988890134025,-0.00931038715071586,-0.173429791408936,0,0,0,0,-0.00135007149281625,-0.012256238068415,-0.0298274618305616,-0.0492975703399679,-0.0966949404057649,-0.263240279494471,-0.508771703769135,-0.153560217723616,1.97928962831423,1.89217845779548,0.797218042966934,0.505708856571608,1.93405816508973,2.79600585206651,0.439340958393881,0.181442239304862,1.0152343751162,-0.0985725250284741,-1.29809828045109,2.49524717952962,-0.792643902571791,-0.0427529994084344,-0.824542109366301,-0.818539828026142,-0.776068904571029,-0.716089787263962,-0.705816920154564,-0.653194862974667,-0.60663068669441,-0.49962606714042,-0.411346879653959,-0.34450446858964,-0.279751753222144,-0.272030280483575
129.5,0,0.0471858241124696,0.185604573747343,-1.39418855892918,0.16642626384225,0.113648695674562,-0.410362427576527,1.72480235228424,0.441311717552774,0.0909328459391416,-9.2409788379129,0.697453280622105,-0.232886579359991,0.0803957243556267,0.0654359874821872,0.188925200295267,-0.0486249350685122,0.00529691456261529,0.194004530117618,0.103224301724422,-0.107636989902981,0.00358642596513983,0.00432552419130725,0.222009480346723,-0.0272018940795718,-0.00790591040682039,-0.0438351516072401,0.0573734046963906,0.016736573556742,-0.0596752357340124,0.0569487963078133,0.0365870295863913,0.0573541414763387,-0.100087020697857,-0.130947834306305,0,0,0,0,-0.00155799541600392,-0.0128525089911588,-0.0291491915378818,-0.0474023959696242,-0.0957232227696971,-0.26661152134299,-0.521249385912181,-0.103506444721993,1.92924504562949,1.86795456571468,0.729103771634807,0.473130984917135,1.92373322636091,2.79031721998357,0.447852299525655,0.160156829708543,0.991700681957801,-0.127560782682649,-1.29040620602877,2.65121596245204,-0.752397162820824,-0.0253684355987864,-0.793651714988804,-0.794673397349775,-0.755612727980239,-0.698283843969037,-0.709427742469815,-0.657578241694752,-0.602660891134183,-0.50227899936463,-0.424690195391742,-0.361964861288927,-0.28549598852488,-0.280043900267854
116.5,0,0.0434014973666074,0.170718993897932,-1.28237393766168,0.153078794060415,0.115456408095897,-0.422777913492908,1.94784178470685,0.638350410741056,0.0965750331856532,-9.10846342449015,0.73635391149751,-0.251647692138447,0.158129986049399,0.199483172969014,0.29392162620319,0.0438431401013844,-0.0143090967033277,0.133805568601964,-0.00186218310903975,-0.0441135067377824,0.138309359286851,-0.0252002562130808,0.204793486888782,0.0644358107519815,0.00243529432433718,-0.0189022232196865,0.00597384236021918,0.0676894384360547,-0.0918330847846178,0.0244234300111694,-0.0180345525525874,0.016359357224605,-0.0206210998221796,-0.0196381043309176,0,0,0,0,-0.0017659248450711,-0.0134491954570597,-0.0284340705626584,-0.0452842566561204,-0.094810874570124,-0.270787572214534,-0.530342242300121,-0.0373595925727637,1.88879510507165,1.84454164906506,0.671931348157614,0.44119963995793,1.92137169220589,2.66473006399228,0.45825010786783,0.139477266643834,0.970324211478276,-0.152190628368941,-1.24986750660465,2.74227914122314,-0.710352614965366,-0.00988451416246115,-0.759125457286864,-0.763100214973719,-0.731434810208337,-0.678175806620624,-0.707340646205895,-0.659922118693273,-0.59955017817904,-0.507424544090383,-0.442621532660768,-0.380647231679966,-0.296517413420604,-0.289365507085009
95.5,0,0.0396171706207452,0.155833414048521,-1.17055931639418,0.139731324278581,0.117264120517233,-0.422777913492908,1.52219311596106,0.698946425200924,0.149353767883261,-9.19415476598764,0.890956463398994,-0.0871318210561728,0.0566067222445958,0.11505427119774,0.22192297215485,0.0679958304597194,-0.0785537561142715,0.148202417552746,0.160774880811761,0.0263229347044576,0.14904320216207,-0.128666153289474,0.179157881114506,0.106213997150105,0.063443595362617,-0.102522886203279,-0.0167647571369261,0.0302787176383919,-0.0372661673897198,0.0492969607093602,-0.0412971096465747,-0.0537809293614281,0.0803778572665003,-0.0234077576818411,0,0,0,0,-0.00197385976225629,-0.0140462974753326,-0.0276722357944117,-0.0432645081702248,-0.095022532034327,-0.27822873951263,-0.54345509172164,0.0116012622703536,1.85732579961466,1.81875513717051,0.631897648701133,0.393029640280778,1.925319383115,2.33677541150415,0.465788105288921,0.112853730826764,0.946981260052214,-0.175953313650403,-1.19622759289338,2.86657045710164,-0.669951304680628,-0.00282134631267168,-0.72913856238993,-0.738797210750345,-0.720964878302161,-0.671130697829926,-0.704709614874253,-0.663842200522474,-0.59935536630321,-0.511742391680929,-0.456409948831676,-0.395169728970233,-0.30667780651929,-0.292409506241445
88,0,0.0358328438748829,0.14094783419911,-1.05874469512667,0.126383854496746,0.119071832938568,-0.441948667373225,2.06957359870793,0.46128493443332,0.28938348646367,-9.53193286554803,1.0481319901653,-0.0682015215129164,0.1504671842693,0.123124337749353,0.222155353204591,0.143935030750412,-0.0430809455359939,0.0280976530365442,0.179462733825487,-0.0917530998745754,0.140107074637092,-0.162364007146087,0.0569274733686976,0.126258568633402,0.132802215528422,-0.0431885854546178,0.0244272406191297,0.0617089247561666,-0.126034672046685,-0.147057694143831,-0.00921789252124841,0.0929927440666529,0.126708006132432,-0.0803211009816422,0,0,0,0,-0.00218180014979506,-0.0146438150540199,-0.0267853316121561,-0.0412376315893697,-0.0959622628508886,-0.286307812338467,-0.55673485790073,0.0363288452897699,1.79844030842734,1.79451549748477,0.592575980078036,0.308851712781446,1.93250309775534,1.65749049809088,0.470292332778156,0.0841896489251575,0.91244217469897,-0.20542036895739,-1.13630838329667,2.97589908709469,-0.633195584534877,-0.0016706816387835,-0.703629268369411,-0.715998358521212,-0.721729986586876,-0.672862474522589,-0.701846519852568,-0.666194965200016,-0.598096174260935,-0.513585849829922,-0.463130228081366,-0.404378671532086,-0.315095606770363,-0.293934085723831
113.5,0,0.0320485171290207,0.126062254349699,-0.946930073859169,0.113036384714911,0.120879545359903,-0.490822638373453,2.02053159864609,0.431423300014274,0.412331244908236,-9.87680089898904,1.49986774664666,0.127783358071004,0.15376730324796,0.111198429477078,0.167855383188287,-0.00545570334982648,-0.081409022177721,0.0825057343751671,0.0634466235047837,-0.0452225316432839,0.109716306645049,-0.101989941975904,0.0208207769125014,-0.154786313863333,0.0923991872851322,0.00856124708881036,0.065806513769875,-0.0257548263563964,-0.102721531308607,-0.0109741424491597,-0.0126870919560683,0.0868952074697911,0.0472988649504911,-0.0587742610433642,0,0,0,0,-0.00238974598992025,-0.0152417481999884,-0.0255511993909509,-0.0380884385313934,-0.094664900606901,-0.289510036293796,-0.563979187795258,0.0673472881917405,1.74262046686723,1.77743934088688,0.55728032010519,0.144619079238057,1.94883665395836,0.957023474480284,0.481050043606761,0.0599915731324767,0.876949469752384,-0.236118342999299,-1.05665181990108,3.06525643031355,-0.59810170553315,-0.00294152538728564,-0.684159037301465,-0.695374862109437,-0.725224227473807,-0.67387096658625,-0.697164253916748,-0.66728554192395,-0.595651675868506,-0.522566658068854,-0.471017209760768,-0.409315817600441,-0.322033351989707,-0.292165658112215
121,0,0.0282641903831585,0.111176674500288,-0.835115452591665,0.0996889149330769,0.122687257781238,-0.520525855493364,0.990477207927008,0.546389783730661,0.460668997380157,-9.77789415271173,2.27035125453781,0.600944409397863,-0.00268867947789706,0.0488558568812222,-0.00751280698849507,0.11252533808808,0.0149610596735617,0.151972279348287,0.0313890854796202,0.0259559379999992,0.11037361035976,0.0376092897329014,0.0529939547250439,-0.207911654707241,-0.0813187947833072,-0.0673567591608222,0.0510183661433315,0.0487537420056709,-0.0417410056060826,0.0107138124370697,-0.0337720828598373,0.0884112189354737,-0.0306453678921786,0.0222786556902617,0,0,0,0,-0.00259769726486186,-0.015840096918926,-0.0241213309262373,-0.0343283903165726,-0.0921791885352484,-0.288987267846834,-0.560428404299506,0.140226672779154,1.7170393834996,1.76734518844101,0.531123288934771,-0.116709588247709,1.96783106470087,0.79256072356052,0.494900138664587,0.0608865625245159,0.847741027969605,-0.263578637375014,-0.933908511879157,-3.12746831005354,-0.561736020938525,-0.000452730249433665,-0.66037983160882,-0.678152791787311,-0.730409422642209,-0.679181691785798,-0.694879239716023,-0.665675120774112,-0.594719471261082,-0.540887665434559,-0.486161627922282,-0.411645749756198,-0.324470943183187,-0.288470898311775
103,0,0.0244798636372963,0.0962910946508771,-0.723300831324162,0.0863414451512423,0.124494970202574,-0.521622514934997,0.621076201665508,0.363403279058117,0.541274895628517,-9.41633919728122,2.76709647157618,0.502924436342341,-0.0924385626238999,-0.120022832711744,-0.265495146619028,0.170215570215119,-0.0883758592270722,-0.138394090091199,-0.0452630767521906,0.0411971579769275,0.230792637029171,-0.147235361505774,0.0319783438667514,-0.105328814700494,-0.172004732296458,-0.136175394916212,0.253690198855996,-0.0276234928169662,-0.0456780181542728,0.0256124961881906,-0.00460010922689453,0.0924527632515798,-0.0563736098288945,0.0597667964129766,0,0,0,0,-0.00280565395684708,-0.0164388612153381,-0.0226880348503125,-0.0305109909992687,-0.0898529884450403,-0.287792235437766,-0.553692324603902,0.247168840000191,1.71227099484224,1.75549584671738,0.509574687181243,-0.435485193659112,1.97697632151416,0.861821751038748,0.506140304985104,0.0780282503134551,0.816835215493218,-0.287056705672979,-0.754593493675213,-3.06051034919585,-0.529610055612024,0.00192686249402969,-0.63694396391489,-0.661766396385883,-0.737657846445194,-0.688201711391816,-0.689968060293876,-0.656871211840225,-0.594249926695769,-0.561979122041397,-0.505766113034257,-0.412372760352857,-0.324775125556036,-0.290882897163724
103,0,0.020695536891434,0.0814055148014661,-0.611486210056659,0.0729939753694078,0.126302682623909,-0.465829408162279,1.65113059238459,0.403637527273674,0.625208496605681,-9.79402116187429,2.47565322479456,0.468031689611371,0.10307590362557,-0.105784164110369,-0.352313720049379,0.148680430736505,-0.0195296841026074,-0.218015894620757,-0.0597716130394886,0.11111931093354,0.187346925023961,-0.129641631341489,-0.0366010465822237,-0.192460914887793,-0.119891801473025,-0.0750029557399873,0.228004228927795,0.0391745873398609,0.0560811921516377,-0.0161917398988418,0.0477029215417377,0.140106855495723,-0.0382466647278336,-0.0471351448059223,0,0,0,0,-0.00301361604810026,-0.0170380410925443,-0.0212513047338152,-0.0266306706758546,-0.0877345902634798,-0.28741421431877,-0.549735574793113,0.346431566052808,1.7030961152043,1.7469969993435,0.501268974825058,-0.729717279099368,1.98085130430056,0.918159797379889,0.521286624662228,0.0901899220947078,0.785786036518854,-0.301237899079699,-0.579607714695953,-2.99059329686314,-0.505080476050343,-0.000873023762487707,-0.624705275431963,-0.648284607941839,-0.742309351621633,-0.693006361120274,-0.676544533875501,-0.643567871410083,-0.59212953688764,-0.581192487948782,-0.528057567583874,-0.410502040558278,-0.323472226386878,-0.29866305032491
91.5,0,0.0169112101455718,0.0665199349520552,-0.499671588789155,0.0596465055875732,0.128110395045244,-0.405088430599761,2.18209562496038,0.736293377270819,0.631530417210205,-10.031361261785,2.16636612277655,0.651878778886397,0.341070105784297,0.178955687796664,-0.300839163209756,0.0916851088185701,-0.0212506532810377,-0.227517699253923,0.0107464491062079,0.13568352053271,0.03303477043351,-0.257863703245823,-0.0519290382031268,-0.148586825042348,0.0308714375471153,-0.0356224091813564,0.00758785047382447,0.0390739609395112,0.07711983945514,-0.0369277048773444,0.0557252446079841,0.112677958297434,-0.000987509810937704,-0.174677954099146,0,0,0,0,-0.00322158352084304,-0.0176376365526754,-0.0198111341732467,-0.0230462093733719,-0.0871722459963577,-0.288871649846635,-0.540794571214275,0.441857042625971,1.68807439786253,1.74629943054418,0.502470028875572,-0.993967508938866,1.98278966962837,0.85527574900878,0.537876832002834,0.100242639061301,0.751593716006696,-0.30935106382445,-0.435099803112954,-2.87188220289471,-0.486088366259642,-0.00544399515083353,-0.620471378061854,-0.636463055135984,-0.744014763886947,-0.699208248054113,-0.661071270984085,-0.635564308859915,-0.588759550082596,-0.591464141717721,-0.54750539929893,-0.407488166271587,-0.321575244528917,-0.30342497794788
80,0,0.0131268833997096,0.0516343551026442,-0.387856967521652,0.0462990358057386,0.12991810746658,-0.401237219251593,1.4693799733739,0.521481723711698,0.589907709870688,-9.96843994260307,2.61307537184016,1.17006139490065,0.351927154746432,0.0490903990898992,-0.190600901734249,-0.0197358409078912,-0.0947966200874399,-0.269800329092053,0.120519508442464,0.146003609398843,-0.134190011865644,-0.210177861988024,0.16043494472365,-0.00334342287350406,-0.0161965401745957,-0.150309874797898,-0.00864332740000129,-0.0244814319735406,0.150289853694355,0.0240481748872966,-0.0546793154532679,0.0540820819980383,0.0187238335387517,-0.0621701217245561,0,0,0,0,-0.00342955635729422,-0.0182376475966698,-0.0191302730559776,-0.0213388302617992,-0.0904363420210919,-0.294106661282288,-0.534479216162106,0.518647198762325,1.66583276846711,1.75777883474576,0.50209497595185,-1.21103256489417,1.99534033372409,0.838037698854368,0.552426108792023,0.0991537470048636,0.708687718381879,-0.321592157526362,-0.324715938157158,-2.6766950624586,-0.471315615360442,0.0121667973414438,-0.576075190217747,-0.583313011456024,-0.698112599540878,-0.662946090275181,-0.598927849324489,-0.593005282089753,-0.54507819149885,-0.559248358526633,-0.530904020260568,-0.382744193723215,-0.305400604777392,-0.295534136835578
113,0,0.00934255665384737,0.0367487752532333,-0.276042346254149,0.0329515660239041,0.131725819887915,-0.393794754939664,1.39574335742512,0.261290100580376,0.54220000464986,-9.95848189551684,2.80513670601585,1.03428927034827,0.472010086130731,-0.149577209961382,-0.418643062854677,-0.153663338423367,-0.242784312629534,-0.430483244982527,0.101343477615699,0.00235168599113773,-0.164681492154813,-0.25312370529808,0.179667282265458,-0.0394290899794814,0.0482855143811603,-0.0193965679521655,-0.0630886960376709,-0.0361566837401818,0.240061589046586,0.141271863899483,-0.076829609817198,-0.018215709643132,0.135872303622337,-0.0743188435163807,0,0,0,0,-0.00363753453966988,-0.0188380742242705,-0.0190335064643377,-0.0206917293495143,-0.0943724244545849,-0.29754655429824,-0.52775051073918,0.586277293313994,1.65686464736435,1.77760406844376,0.501658075200212,-1.34846556050545,2.03142047982941,1.15498748888527,0.570092317624633,0.0803270098773305,0.668413352136787,-0.335452136148098,-0.238259867966312,-2.51434935821135,-0.455983821880901,0.0364104789675117,-0.530683426433015,-0.531561227154109,-0.646135837350653,-0.61973415907956,-0.530554952942432,-0.541548011416434,-0.491671736496696,-0.518441749822142,-0.503746238259006,-0.354918028478896,-0.284090510697995,-0.288122620618547
145.5,0,0.00555822990798514,0.0218631954038223,-0.164227724986645,0.0196040962420695,0.13353353230925,-0.393671227881111,1.56329826841489,0.36155741652304,0.461287425045222,-10.1244077534468,2.45338129075805,0.961311070242229,0.474643740865602,0.0337350675577692,-0.273717877918599,-0.0441642919152442,-0.21704535566072,-0.368009740237737,0.0631092005325944,0.0205115144567209,-0.202223620645104,-0.214821387699274,0.237924199481622,-0.104822120358563,0.0210172616574277,0.0512728553312919,0.0332465091728532,-0.0406475992538726,0.120634667799165,0.0607226425285101,0.0409607738350776,-0.00579367583673995,0.080515720197081,-0.109891309293931,0,0,0,0,-0.00384551805018321,-0.019520692362791,-0.0190665002202927,-0.0201712710804022,-0.0979532010492178,-0.299679728350643,-0.519605138890294,0.679097181540077,1.68408268335344,1.80706904818549,0.511253328157633,-1.44161193880988,2.09144371290913,1.67726851105919,0.599612721736165,0.0572448768799871,0.641040589963306,-0.348215912789434,-0.158791121316141,-2.40552782118372,-0.439606095106241,0.0459452913081271,-0.533993034758355,-0.525838247953881,-0.634079786232031,-0.615435322553072,-0.512913399259185,-0.529528493501739,-0.476067262040518,-0.508415103293686,-0.500159647990314,-0.350116601882327,-0.276087951254414,-0.290129441519699
144.5,1,0.00177390316212292,0.00697761555441139,-0.0524131037191422,0.00625662646023496,0.135341244730585,-0.392984909458292,1.25418363361185,0.590558732352912,0.398187311590295,-9.75930223332307,2.76843774585843,0.799022356960258,0.417212983591008,0.134013138442291,-0.398849651329494,-0.0581474930352646,-0.0730967778958426,-0.248671392334818,0.147803015777803,0.0642225349930868,-0.290234727874479,-0.155630254777375,0.277702593058473,-0.156685910380065,-0.00309092141828132,-0.0172245304136007,-0.0692567532129732,0.0510564166968857,0.0751627964598485,-0.0787893882057128,-0.00696434192021705,0.0151627883322686,0.175181879243393,-0.103796614791397,0,0,0,0,-0.00405350687104477,-0.0204291876225165,-0.0199831479182367,-0.0210772523658999,-0.103468759054861,-0.304481188638864,-0.515550721353264,0.794450283284249,1.75384367831137,1.85999048687281,0.535199395924602,-1.52089795838342,2.17564334614542,2.22746415637193,0.644018833607795,0.0363350381126386,0.626699769112482,-0.362310419551629,-0.112248459598798,-2.338543131809,-0.42238035963624,0.0603098960683446,-0.544379771660931,-0.528596893306272,-0.619397763421562,-0.608212603335266,-0.500923004299139,-0.520226359478731,-0.463984819542868,-0.498272218629758,-0.499753124936747,-0.352710594007832,-0.27462463016315,-0.296190028950786
144,1,0,0,0,0,0.134698112739683,-0.400020573182008,1.79787026126639,0.574492524960074,0.402745049649511,-9.46488022699479,2.70541009327629,0.301498810552683,0.297211438779375,0.325202661398471,-0.489316243221648,-0.321509156662281,-0.230036065060331,-0.203907308129464,0.0765020701606511,0.0138030310090042,-0.465052949359303,-0.203397764885626,0.384319583252305,-0.0958463822490393,-0.143655062983448,-0.142164864267281,0.027926541173075,0.137957921039099,0.155862598981556,0.0252598418190539,-0.0431318573815248,0.0359819738977319,0.137722517274165,-0.141801567987655,0,0,0,0,-0.00426150098446233,-0.0214834786429472,-0.0214597683566655,-0.0228432895091461,-0.110096793735678,-0.312623275143769,-0.518504446860281,0.90347552360669,1.83587695010467,1.91788828800668,0.563950898296524,-1.58528759568757,2.28579803752913,2.52479015665857,0.69294750314158,0.00880322838910086,0.608743955370294,-0.375533219479112,-0.0412970233447565,-2.31307610155414,-0.396190271993481,0.0728779392673686,-0.556950607668699,-0.534403489549866,-0.604811864583998,-0.605383572563625,-0.489920233827911,-0.508095389158129,-0.451486976780874,-0.486217880439758,-0.495480162523848,-0.356545101420414,-0.274990590614317,-0.3029512599491
126,0,0,0,0,0,0.131946114626624,-0.424913306562188,1.63243204517833,0.460186003425721,0.407399451747074,-9.13205817290962,2.45439035484457,0.164971284539894,0.403129481137666,0.298719700710462,-0.561884272284905,-0.319986638261368,-0.191953810411556,-0.044807848603099,0.090241349268197,0.0110241826608381,-0.7024030862211,-0.18182442924449,0.539630722547726,-0.18787353587085,-0.194219413109907,-0.171216737325777,0.139159021597962,0.115663353936264,0.0393367573989866,0.00213196059842077,0.056017953079081,0.0351762275478292,0.0629554044757144,-0.138531634521206,0,0,0,0,-0.00446950037264094,-0.0225385483529654,-0.022940181342477,-0.0246176075351628,-0.116862306188569,-0.323356793282726,-0.533752266087816,0.989271768483862,1.90985197051028,1.96782667252669,0.599320996877327,-1.62198616080917,2.41561578022389,2.58415367258271,0.742901406921913,-0.0365247710148129,0.580913809990554,-0.390383606114212,0.0352404972996885,-2.30300740963089,-0.361477988437752,0.0820333635552167,-0.569301153092844,-0.536803884259617,-0.589113019011183,-0.602383380241122,-0.479924071448493,-0.500696204093444,-0.440742311987626,-0.474869989640878,-0.485053079719543,-0.362129088094161,-0.277793820374436,-0.304640045254728
108.5,0,0,0,0,0,0.129194116513564,-0.427624719351582,1.2282598263737,0.441110944011851,0.415021873528918,-9.00961181734707,2.61596556292758,0.456597315496908,0.528276503735322,0.345282482357605,-0.549946650389513,-0.175636397710415,-0.108853902925888,0.00758589305660012,0.258520370344151,-0.0570080093429502,-0.435560480710252,0.00223111483816537,0.500332285422414,-0.184777862303757,-0.122755614462962,-0.214682378142675,0.167402341442566,0.0560460774073683,-0.0371804238654364,-0.0113457560876803,0.0446324936762339,-0.0123543611969453,0.0223737343615536,-0.135131967947018,0,0,0,0,-0.00467750501778287,-0.0235943952640421,-0.0244243949915188,-0.0263965442238803,-0.122979433986059,-0.331907640871301,-0.546815541097094,1.06735291149278,1.98790574522893,2.0100961200728,0.640756326199058,-1.63107201052436,2.53388613343358,2.61465195864441,0.802935698506628,-0.112600080023081,0.549498559115996,-0.407637265281092,0.0940456255695779,-2.30570109162941,-0.320671889795317,0.0936288641372265,-0.580286548015693,-0.541316545404722,-0.572902681756657,-0.59789363957704,-0.472006715878836,-0.496595286707717,-0.430988316430054,-0.460683134543654,-0.474020671442982,-0.370976020467411,-0.288261601089664,-0.302140473506969
109,0,0,0,0,0,0.126442118400504,-0.382838191331533,1.51847993302516,0.456300850974556,0.427302981546885,-9.20430976306269,1.90074340145093,0.550311855916741,0.747224630974539,0.131146509091971,-0.57939157233132,0.0125934391128835,-0.338707970501121,0.158212754509181,0.122651625771394,-0.0144815756730318,-0.381333532713175,0.0445406853940026,0.419726347490002,-0.238397682324627,0.0655649266644321,-0.245443660009588,0.100674052386422,0.188304578133625,-0.0830572659792674,0.0529243789575538,-0.0127937208917939,-0.0797642425385933,0.118357701344148,-0.238941192707403,0,0,0,0,-0.00488551490208773,-0.024651017878523,-0.0259124173943837,-0.0282293005462588,-0.128666194919847,-0.337670504569691,-0.551753609192969,1.14830161758118,2.05556948504803,2.04234930326454,0.686768834284456,-1.62420873113287,2.62662432884095,2.65380550411446,0.873304960433298,-0.205403854380375,0.498270974940237,-0.42763148416104,0.171006079372663,-2.2345128848545,-0.273828549216317,0.106311650818575,-0.584419764422959,-0.54738611992031,-0.556563992810977,-0.600207355686119,-0.469316270337359,-0.493779402924717,-0.425080235744659,-0.445100382680198,-0.46400771248701,-0.375983796081441,-0.302785316726639,-0.299266234573117
84,0,0,0,0,0,0.123690120287445,-0.275718711046405,0.961822630931212,0.45435741835339,0.419567557883267,-9.52050162664018,2.34229175561717,0.78147969623789,0.552315846033468,0.21015496315649,-0.595727640440884,-0.271453087059603,-0.285458315873742,0.229447130710439,0.156518238283196,-0.0516636427149506,-0.259509275485349,0.0652042773427058,0.346720956045089,-0.18856586375003,-0.0389085316698021,-0.187205678516765,0.072308921442734,0.138174522650985,-0.142223515553906,0.133426824358923,0.0209449670162883,-0.064912414651271,0.0596285026203841,-0.182523528020413,0,0,0,0,-0.00509353000775243,-0.0257084146896243,-0.0274042566157737,-0.0300956098349184,-0.132917174916423,-0.338806747733624,-0.542991938715965,1.21959883644282,2.09875753447499,2.06749404122494,0.733675847359548,-1.60011009798056,2.69766969188275,2.68205356401848,0.951846670363718,-0.281560175927641,0.436618632006123,-0.450040198009419,0.264782357556696,-2.08961093933745,-0.22211230793863,0.116168405624738,-0.582573155722071,-0.552812909426401,-0.540406094631969,-0.602664950341975,-0.469324023225506,-0.49125657002507,-0.421771731855925,-0.434340700733042,-0.454427875216227,-0.377871080921637,-0.316865626102827,-0.29858607516789
84,0,0,0,0,0,0.120938122174385,-0.143215155355824,1.53419737261036,0.453028698986647,0.396676235082641,-9.74878881046802,1.88437024139122,0.848478452944493,0.62717274205802,0.20459192337887,-0.340491552606946,-0.207649617161523,-0.311065681263759,-0.0231601177903487,0.25186522937573,0.00913116905530461,-0.256495858659658,0.12873125885283,0.456540513236293,-0.218308438460476,-0.106561670522096,-0.279465455266113,-0.00965243063809109,0.183691198962434,-0.0988751454098549,0.0932165704421198,0.088360278066127,-0.0107348046570889,-0.00178151028740583,-0.293015034399082,0,0,0,0,-0.00509613022955767,-0.0257147436538201,-0.0272858779879299,-0.0302100428079501,-0.133476800762292,-0.336966694970615,-0.524164587660564,1.26228829266948,2.11839317572624,2.08049043494601,0.776566477612752,-1.54853542237219,2.76338191032115,2.68284137770641,1.03138553532376,-0.369939767125144,0.387574497517849,-0.473171903865713,0.343894317311712,-1.96084051951697,-0.175955547941233,0.123335094582079,-0.57929090711783,-0.557756135563198,-0.528806158451056,-0.60468102904849,-0.47587591633888,-0.486821543199346,-0.423035786641355,-0.432253620620343,-0.448941468004446,-0.381540953914964,-0.330219104086042,-0.299309795503954
149,0,0,0,0,0,0.118186124061325,-0.0445231281172936,2.27446885312362,0.552789810255162,0.358208126984387,-10.1633729139741,2.05555351386228,1.02119022541612,0.515595702193822,0.256600119837421,-0.427592745366217,-0.40853717388686,-0.235070801121773,0.0308084541461345,0.127516129548525,-0.0724877296945168,-0.242604517111173,0.0594166647111973,0.135958724600946,-0.200328148693876,-0.0886531638500674,-0.017304906377157,0.138948941442398,0.106879085267997,-0.133834428925527,0.0090475117823866,0.066118696880277,0.050155952444414,0.0541336167930824,-0.214891459554995,0,0,0,0,-0.00488811505873861,-0.0246433805303303,-0.0255163664952132,-0.0285606342554697,-0.132872639874734,-0.339483732716317,-0.525023792591746,1.30215890600459,2.13885106202323,2.08367758203526,0.813692686889845,-1.48370295614083,2.83630523078706,2.71079118702889,1.10707592902314,-0.508324071840133,0.344591826057712,-0.500111491258029,0.388894994362894,-1.88599334760223,-0.146107329599406,0.125074449235891,-0.576218061490002,-0.561825129047734,-0.521520154238459,-0.606508006309411,-0.482671701469447,-0.48491516026668,-0.431043221152241,-0.434032044757661,-0.448018657253029,-0.386821896785561,-0.34472153973866,-0.300855511203864
134,0,0,0,0,0,0.115434125948266,0.0130872792473447,1.4741254139828,0.544191177231965,0.316270561971404,-10.4047465537045,1.94895349423147,0.95853809989106,0.510318138083649,0.17030300402644,-0.211891280326158,-0.296682966062948,-0.142483196765098,0.0977436622633187,0.118478055412326,-0.122247487055466,-0.21818904685625,0.11717440225413,0.189442330655695,-0.107348305381324,-0.062584532522173,-0.0447034272965764,0.062411583415643,0.00700962670384598,0.0420887501009245,0.0490827001091858,0.0114476492222467,0.0511948361203493,0.0479454503025003,-0.189256991810568,0,0,0,0,-0.00468010510905684,-0.0235728010491037,-0.0237505676763351,-0.0269250284615058,-0.133600709521656,-0.346518446790832,-0.558359690760527,1.34795556982279,2.15770741647281,2.07593847885594,0.837036838639473,-1.4273772532231,2.92117342792805,2.75352766061541,1.17334746727726,-0.615935715443551,0.292675176127768,-0.532788942804199,0.427079336636381,-1.82997237820971,-0.117108290885978,0.120589393180344,-0.57094643081319,-0.563974530682489,-0.51602584747297,-0.604632783312346,-0.486833004809446,-0.49017698151936,-0.4419562065371,-0.435648349542673,-0.444827996544931,-0.393205004145031,-0.356895504052865,-0.302321731234078
79,0,0,0,0,0,0.112682127835206,0.0540082416601933,0.801753704457936,0.494161695327752,0.295736830013582,-10.4936943701984,1.1833449771345,0.987821768341831,0.277516399603735,-0.125452978922361,0.025491593759063,-0.0742406794517274,-0.00684265553055936,0.0326386986624393,0.186379996926591,0.0570092095361222,-0.0382988201501481,0.067668609903031,0.154584254652415,0.0721678789021862,-0.0933577705918344,-0.100735005591371,-0.0366961527074316,0.0638558485190085,0.0717986938732736,-0.0216354069674173,-0.0978829087287759,0.177594425485982,0.0469853303949745,-0.0854008112118836,0,0,0,0,-0.00447210039831548,-0.022503006802041,-0.021437582217155,-0.0241670946896235,-0.13280946361149,-0.351126204356868,-0.591549315673945,1.38585029576807,2.17230584191097,2.06002724744877,0.855528840309969,-1.38445702657961,3.03546462374634,2.78315991331565,1.22177264279909,-0.637204099472403,0.238354037539555,-0.574524750005883,0.463935609448098,-1.76999070086831,-0.0815040228353103,0.115157060408968,-0.564391829952655,-0.566822405905932,-0.515714194954922,-0.60481762136264,-0.492452866926389,-0.500751203769295,-0.453467970216058,-0.438630930784044,-0.439067280375878,-0.398588728618831,-0.361604133481137,-0.300390360382726
78.5,0,0,0,0,0,0.109930129722146,0.0749289031487161,0.855392666812295,0.544410259006001,0.28450252820667,-10.4005441531466,0.366252171049436,1.25559058564243,0.483028279923021,-0.0735963378071858,0.113305301853113,-0.130691018362247,-0.0948082605849519,0.271478537060391,0.246834051555162,0.0333537200728869,0.0976226576530904,0.0803085130925205,0.168373775414871,-0.0788784987203837,0.0380129881884491,0.0317795202496009,0.0279766837864844,0.197290995163985,0.120461221370729,0.0379643106471688,0.034401523276797,0.104926846854641,0.00439133001239914,-0.0197798951489282,0,0,0,0,-0.00426410094431498,-0.0214339993715194,-0.0186337107920994,-0.020414771958163,-0.130280351483057,-0.352854214411074,-0.602086869487534,1.39818221764508,2.19223193525939,2.05419350070702,0.883342968209789,-1.3405063665491,-3.12218211946372,2.80700047070077,1.2648203042433,-0.670031501400694,0.190140323962224,-0.623560174610152,0.49624883755756,-1.70727222976521,-0.0506773986908033,0.111481672945743,-0.561483539972437,-0.574455008760029,-0.522085546188655,-0.603422474200968,-0.496603201985607,-0.514535147238034,-0.461961681672964,-0.443430921477225,-0.437670793180241,-0.399865655569579,-0.361687445622749,-0.298840716890232
122.5,0,0,0,0,0,0.107178131609087,0.0810239985759394,1.18755237699656,0.58733483277466,0.277339868045843,-9.88167713470615,-0.0877901163272233,1.38184259551769,0.559535284544147,-0.0230465246738488,0.220850042985785,-0.107352773554905,-0.111471616443034,0.214420531498356,0.153009704070272,0.0427203377266405,0.132467555581562,0.0858004865450595,0.148458909120959,-0.0915581520622484,-0.0545214386401673,-0.0725641367468024,-0.0569061312006039,0.230893441106267,0.127030336433682,0.00945417293525988,-0.0776611811633877,0.0764173585451131,-0.0887547748312141,-0.0826602683545872,0,0,0,0,-0.00405610676485307,-0.0203726619606777,-0.016749421447444,-0.0183401870098649,-0.129442094685082,-0.354578460227989,-0.598670581129745,1.39644790526503,2.21002168042779,2.06197387338579,0.927319943677215,-1.29340650185891,-2.99775830158841,2.82188399719738,1.31403279377078,-0.815018598752249,0.148111970381831,-0.668002827836615,0.555845938990313,-1.63031053206484,-0.032545406293325,0.107070218673203,-0.564231441712692,-0.587859981423766,-0.534794986455688,-0.603534262179474,-0.503888805092259,-0.525925465214826,-0.469368540794197,-0.448770087832028,-0.441871565852009,-0.3974277200539,-0.357250503531052,-0.298801971055605
139.5,0,0,0,0,0,0.104426133496027,0.0579876895172228,1.92935665499037,0.463758486865126,0.280014136861732,-9.48853322344976,-0.416028613241565,1.24456350257006,0.267814069937637,-0.0579722593258081,0.331623479934261,0.0100566448166773,0.102448087077304,0.201943422185513,-0.118059298159108,-0.0335874914959477,0.189040901687857,0.0181649654594664,0.159594206156588,0.0230137929998107,-0.0291888367438576,-0.0800652510170052,-0.106118890754394,0.0801533961594725,0.0304209113957378,0.0216649264049447,-0.0887417598697013,0.104415090906805,-0.0534806321558189,0.00930143023958783,0,0,0,0,-0.00384811787772476,-0.0193191655587251,-0.0157339687171087,-0.0178201237609339,-0.129855310983642,-0.354993364120337,-0.594085333736577,1.40255954021147,2.22657182951144,2.06294114531838,0.978360283644362,-1.24600611531882,-2.87963269943042,2.83000519324553,1.36401502319439,-1.10892052869167,0.114911349257987,-0.696916464589086,0.621799637803766,-1.55420334530638,-0.0155387147288426,0.100109189507073,-0.570553267057495,-0.603207522430606,-0.554003390763214,-0.608662107991604,-0.516710622679097,-0.53940776843773,-0.478452016112333,-0.454987174454698,-0.449121339799667,-0.393292998090728,-0.347295490838861,-0.296137135766482
112,0,0,0,0,0,0.101674135382967,0.0116067122142296,2.49160080765847,0.531328808152924,0.285772917165566,-9.76875688091436,-0.73476710673942,1.347276578926,0.26780688609979,-0.0128713205871154,0.414097197567162,-0.179321853988974,-0.0657421722294821,0.102348387618445,-0.119425000443944,-0.0397400676720618,0.0732888049601723,0.139421247462096,0.12807410282906,-0.0699603576869897,-0.021132853757966,-0.118962556147882,-0.0315540204351163,0.0909685047545814,0.161899470576358,0.153659167772681,-0.023902150692402,0.0335166366812782,-0.0449634205828991,0.00363217703983984,0,0,0,0,-0.00364013430072229,-0.0182664509154364,-0.0147220527279058,-0.0173050511401134,-0.129727383429206,-0.354590344498751,-0.594887900165674,1.42145114402833,2.25640744568755,2.0510400315965,1.03555518956394,-1.20547017400997,-2.77548418295856,2.83119579374517,1.4075953438184,-1.49799422426227,0.0833874599080193,-0.715187471334783,0.664338956589243,-1.5211787259415,0.00869665706217138,0.0867148795240893,-0.585935321832738,-0.621979724700927,-0.577624233465512,-0.612995904713875,-0.533627963896037,-0.558770772395726,-0.489297808198387,-0.462801995565183,-0.456596098544652,-0.391810619483356,-0.335659205268411,-0.291272886457147
125,0,0,0,0,0,0.0989221372699076,-0.058983568742858,2.09498896411275,0.624309172386922,0.289809701458721,-9.37342278669531,-1.01594336700151,1.16104710377003,0.128944171639901,-0.0969543883169363,0.31179107610112,-0.170789560414243,-0.0300660137501905,0.136824162686687,-0.0393371775116633,-0.103623790349038,0.0561691228816279,0.152970222671008,0.164763923655717,-0.0555826484555727,0.0845857672036323,0.0253500455805113,-0.0185081619422395,0.126530984857437,0.164361743564859,0.0823030505053147,-0.0218253780239794,0.145648097450568,-0.0691104974833735,-0.0933911376203532,0,0,0,0,-0.00343215605163516,-0.0172145194916186,-0.0137136570962513,-0.0167948979229064,-0.129317550931429,-0.353797531097133,-0.598759480756862,1.43984155451306,2.28530305315893,2.04225863943758,1.09656169821031,-1.18092038157039,-2.70365817032175,2.83463480676422,1.44826868781934,-1.83795450584552,0.0547396343446049,-0.732689832916385,0.725195086827958,-1.52492596620874,0.0396248216240132,0.0460346129480856,-0.653611336405459,-0.687892050383965,-0.64585379352816,-0.662441802502289,-0.593143602389665,-0.613781480215485,-0.531227506869513,-0.49534989034202,-0.483883517298428,-0.406702275800876,-0.336295761477488,-0.292898873123053
150,0,0,0,0,0,0.096170139156848,-0.216863484870346,1.27970049958176,0.644999262229498,0.389472637750862,-9.04244608643619,-1.1427850741748,0.934603837647526,0.189294969531179,-0.253656248730888,0.256660491329308,0.0471636730223353,0.216359605896914,0.386591666640171,0.0901860084576076,0.00554538724930972,0.148889800431989,0.194247870126986,0.209812986766642,0.048403312852065,0.331452588453513,0.058451323366999,-0.0444719002431826,0.0434758377786506,0.105290866968141,-0.074077161828468,-0.079475177726207,0.0564853179741939,-0.0543288230183065,-0.122805864496232,0,0,0,0,-0.00322418314825011,-0.0161633727389723,-0.0127087655237183,-0.0161880430519069,-0.12887977931558,-0.352926207506277,-0.603977555240146,1.4442015772688,2.30906874509853,2.03670160899037,1.14619870865172,-1.177292173743,-2.64765603224078,2.84524373098716,1.49423987815478,-2.05184644187298,0.0423157136648626,-0.751310681519253,0.809977463616481,-1.52956197803601,0.0709221905451827,0.00976336492146135,-0.720023879315617,-0.749848186292921,-0.710664292555113,-0.713268093569267,-0.645898050848397,-0.66522182802522,-0.563581913931826,-0.519432418790101,-0.505616841993036,-0.415787487823219,-0.338570279629048,-0.299119717189442
162,0,0,0,0,0,0.0934181410437883,-0.337388482021408,0.622655927068857,0.528606207580878,0.519683491089488,-8.35841460040756,-1.12849834811064,0.862687067039069,0.389901701085672,-0.407272293970465,0.0889622044216762,-0.0595599402088805,0.0960310294222716,0.40969970840844,0.0894000952888091,-0.0249753969786916,0.235850477799446,0.0316551299792301,0.0958408331920395,-0.101275433687431,0.138533044959411,-0.0985034470059677,-0.123602907894852,-0.0606011934029464,0.185217832379487,-0.021592273476094,-0.110933723138937,0.103540648360734,0.0837154630274977,-0.178342251090061,0,0,0,0,-0.00301621560835122,-0.0151130121000977,-0.0117839283142855,-0.0158628696846745,-0.1295501846959,-0.354976923281944,-0.615010278978573,1.43707310903824,2.33056242382719,2.02547500888451,1.19250088333852,-1.17861688825413,-2.5804447577896,2.84766773699558,1.55822229806152,-2.16611561190431,0.0524450008534192,-0.76570972720939,0.931382825113766,-1.57558461095283,0.12505832389582,0.00201466711016169,-0.738450355117805,-0.765610345607926,-0.728588627451433,-0.721185306037519,-0.656114098208506,-0.672730544185254,-0.55631147821924,-0.511237557382854,-0.49645527758725,-0.400772372380796,-0.327922473350186,-0.300866370928533
162,0,0,0,0,0,0.0906661429307286,-0.355321364370985,1.43685781483213,0.471928750574364,0.518774921348044,-8.65787235411652,-0.797734006799583,0.831727456272128,0.370479301103382,-0.306787740246647,0.139796576931371,-0.246481163628322,0.365639450743178,0.60365079924977,0.0980227268139818,0.11946019133993,0.24951776386179,0.00199728870072373,-0.00367524049054628,-0.134157503711023,0.137793705583769,-0.0714985867644463,0.0374240332129135,-0.0194474683244572,0.1672956355798,-0.0411608163914105,-0.0973983460612053,0.103318785586224,0.0973753605301373,-0.0597139568129816,0,0,0,0,-0.00280825344971966,-0.0140634390084995,-0.011034475249089,-0.0162378259943655,-0.131946007040583,-0.361109171200806,-0.633454573013089,1.42741148412193,2.33353939100883,2.00097589810479,1.24015297952348,-1.16981180438538,-2.51847134757359,2.84815764389513,1.62100827769988,-2.18992930972089,0.0831427370104167,-0.77108426773238,1.08162258553329,-1.67474616397975,0.168888030628402,-0.00545232601469629,-0.761549305428685,-0.789173175703635,-0.752177908835091,-0.732266237818864,-0.668823157792626,-0.673291067397279,-0.551283459498002,-0.507095470076823,-0.487758172262701,-0.382125652385827,-0.316687616213306,-0.301962986201543
162.5,0,0,0,0,0,0.0879141448176689,-0.365440776550363,2.15002561971447,0.530924179878436,0.466509124189848,-8.95143691198884,-0.319058271941597,0.712307067264888,0.447135127805861,-0.25077649173576,0.092960558875616,-0.319271791967682,0.144416969537028,0.239756163925054,-0.00154477546994784,0.124748843526494,0.287624127664359,0.0684935408156079,0.179980422336603,-0.0830391768635935,0.14739196743391,0.0818948492410592,-0.0695620967413349,-0.0930074011473376,0.173754387815187,-0.00959102138744887,-0.104916605000837,0.0473822391885532,0.0337189834781576,-0.0832991411393211,0,0,0,0,-0.00260029669013387,-0.0130146548885931,-0.010383652159756,-0.0169246166512868,-0.134796067853803,-0.368545585757184,-0.660353646843933,1.42282477969017,2.33401504054307,1.96805125940356,1.28811654999732,-1.1554374927091,-2.47085189966406,2.85627411599706,1.68003641167294,-2.16167156994666,0.132523445392209,-0.773433734414387,1.26075616114571,-1.89816937107238,0.184782594325243,-0.0188668217201258,-0.793374320585683,-0.813275383843284,-0.780309415657905,-0.743847651966616,-0.678290501361571,-0.672950374228952,-0.550951635680654,-0.502803981101598,-0.480194930485075,-0.362448982985116,-0.310915844686015,-0.303942824817666
133.5,1,0,0,0,0,0.0851621467046093,-0.355079194022804,1.80019506144012,0.510671455532819,0.428003869849117,-9.21599707579748,0.113485089953353,0.464673494453187,0.396113828671354,-0.0796691478073202,0.101347024560457,-0.124920821068374,0.162537982245906,0.131200898660034,-0.0723377287163857,0.0338947765453543,0.131006876093868,0.137060315089887,0.174739604988612,-0.145631527655144,0.0750344585045556,0.166104380049175,-0.196896787716779,-0.0925685182317805,0.163540120483623,-0.160674969383521,-0.0414146806222906,0.127861843910011,0.00533912950279437,-0.0824456456882973,0,0,0,0,-0.00231885693398618,-0.011646380382462,-0.0091942442345967,-0.0168817664580813,-0.137015097317675,-0.3768983049637,-0.697491431453479,1.4221981921787,2.35062229745098,1.93161041467771,1.33600570636238,-1.13299930435552,-2.45119752068228,2.863053623702,1.74156349119281,-2.12575435579149,0.184144555392107,-0.800744312058586,1.45550031417077,-2.21779471066995,0.254770885191684,-0.0529920458830827,-0.858371141353891,-0.862037130896136,-0.835744212020961,-0.781934697284828,-0.710871784577905,-0.694706622445439,-0.570658565341363,-0.507436124794681,-0.472370728091704,-0.344323185429858,-0.302922557720889,-0.291792313791072
103.5,1,0.0872393137800244,0.216029876472278,-2.29539661843287,0.144256082754701,0.111055620292704,-0.335929578412686,1.50767890977102,0.51928910458289,0.414234814918235,-9.57886424495154,0.390234042439345,0.788131247640955,0.505930131959729,-0.0162598051271293,0.146157998590435,-0.108264509714148,0.181657341970229,0.109312315714216,0.0725220448527611,0.0560480459806851,0.0184161298615453,-0.0649905293199193,-0.085974530414236,-0.121705484961547,0.0405876035500467,-0.0104474342209979,-0.0806236618107645,0.0670581159339879,0.0871294426654078,-0.145741130941392,0.0682041720370932,0.0530318922515945,-0.0336226776713194,-0.0806085213997768,0,0,0,0,-0.00196207311099559,-0.00995051021807688,-0.00744043979932547,-0.0159875315723925,-0.138057246717712,-0.383700565647187,-0.727957896363652,1.42838648941782,2.37799640800572,1.89119723707463,1.36704745799219,-1.11492274007364,-2.45170790043623,2.86840536161286,1.78682552186166,-2.09702164017183,0.231476525129784,-0.805228428359024,1.60626305560872,-2.49688547262264,0.337556298903428,-0.0798357873639832,-0.908658658984003,-0.90068334496197,-0.879968569752784,-0.813608785517319,-0.741373461881581,-0.716904974722046,-0.589237895935536,-0.513072217862577,-0.46167034382945,-0.327424329763886,-0.298636622498869,-0.277493090651993
128.5,1,0.0855767989594302,0.255090126446059,-11.2478152696564,0.265812196316057,0.100680272108844,-0.330259688630499,1.37121269057908,0.469724236027262,0.417452135040149,-9.61160468413216,0.587998836211485,1.21226079760902,0.946890186920513,0.325408271108101,0.192978440742465,-0.104349266215769,0.0785356418680006,0.0824407452029834,-0.150164008013015,-0.0580261656002359,0.00927362151641715,0.10914898432646,-0.0642071834023722,-0.140999941139339,0.108986927475983,-0.0492819445264173,-0.0754004411835718,0.050086691868611,0.171691715925556,-0.143403762735112,0.00788857411027914,-0.0292939954340239,0.0605676565862571,-0.0993374001460281,0,0,0,0,-0.00160529351687841,-0.00825544052386267,-0.00567756922346255,-0.0146564176537283,-0.136992783896156,-0.385598432369466,-0.743584766139109,1.41716155573079,2.4030106089173,1.85309905288758,1.37774434619563,-1.06571273800203,-2.45887361305329,2.86798361277421,1.81979059135237,-2.08998125835423,0.272447843158194,-0.767708824276709,1.7044247747507,-2.85517032585482,0.847427423709992,-0.0832266123316309,-0.910812750825788,-0.896849600863982,-0.881424483643778,-0.810877513388574,-0.74432942528563,-0.716896444310113,-0.590046871266263,-0.514643793420007,-0.446895091413074,-0.31280123478391,-0.306066149445526,-0.279700441061587
154,1,0.0546911445482232,0.234320688727468,-22.0431184182168,0.375134484423875,0.0791329413121181,-0.302587420027108,1.12010698525827,0.484804097974462,0.41190807868452,-8.26080216338137,1.53488878557736,0.629624132045072,1.29276547845082,-0.161676207133603,-0.761011674332128,-0.230327960335031,-0.0617867195588713,-0.132599835399174,0.0387519947569879,-0.0579629424168576,0.143256115884445,0.0288619636524942,-0.105750325005668,0.0189034652122173,0.113707716181137,-0.143487653314998,0.0364552374314943,0.161592735633288,0.000107936039949543,-0.18764540044654,-0.0977553169717351,0.23902984289033,0.00298081330052628,-0.133180758774257,0,0,0,0,-0.00123155122904855,-0.00605574586571327,-0.00275761792956774,-0.0115689060618693,-0.133300394855213,-0.384153226814137,-0.756946418336065,1.40799386961256,2.42693564501906,1.81062562559146,1.3785853969256,-0.940528203153588,-2.51764158259546,2.85473515194162,1.84736895624313,-2.10018364383583,0.31014546640032,-0.738528221902971,1.75823087868204,3.0245991338409,1.85372105592514,-0.0826882087026962,-0.906824691552488,-0.891797942768283,-0.883551651395912,-0.811730494381946,-0.745325016367302,-0.71349181875124,-0.591508093047385,-0.521917994956622,-0.435890577538041,-0.302652437801165,-0.311872932757835,-0.285586716207596
154,1,0,0,0,0,0,-0.334979891167172,1.60607251269942,0.51829000037259,0.418237960957295,-9.23311264161499,1.18663502260099,1.15445496668292,1.31138644798216,0.270959977874088,-0.205775923800633,0.0807110320478358,0.126054623729576,-0.198635059935439,-0.167568527860329,0.0049747522707978,0.0891456827295999,0.0196393798537721,-0.0636289229833312,-0.0905582191478507,0.196025123838399,0.00966877120333087,-0.160782288441614,0.0894075939189157,0.0572582002485487,-0.122715121099027,-0.0508185244479918,0.15083304094305,-0.0314937557182546,-0.0747600112510233,0,0,0,0,-0.000856583332901051,-0.00382469686993565,0.000482352184580845,-0.00800912575196402,-0.129792653336404,-0.384070982464479,-0.783424498938441,1.43453755994771,2.44790886160825,1.76346547067267,1.38189450100851,-0.744025012479561,-2.6867186649669,2.83982593525136,1.87060738842126,-2.11862731582834,0.329962376188391,-0.71804790590619,1.81376877300171,2.79760380230405,2.48333683505384,-0.0788478403265809,-0.904251336779741,-0.889709973429768,-0.886233482419705,-0.810900285087852,-0.740661937551968,-0.707667485849826,-0.593217457543738,-0.529970254122457,-0.430814807500298,-0.300181011227065,-0.314456892311778,-0.290615680482716
150,0,0,0,0,0,0,-0.395195465154503,1.57924737234262,0.511331455308448,0.420179345851157,-9.11426378382887,1.6620020949576,1.01098620445021,1.35334562913846,-0.0332858118522442,-0.581499264211061,-0.109936828144928,0.0132855917297505,-0.285598591883933,-0.0956696578151203,0.0302424126364638,-0.00596298402701935,-0.166748491119008,0.00313386220400304,-0.00636815304618567,0.117999957070964,-0.0855879969492405,0.0433773077497836,0.128135648638385,-0.0949202431816364,-0.0370608975814085,-0.00508013779629946,0.100173293354388,0.0472977467748574,-0.0756582417323066,0,0,0,0,-0.000498195521836497,-0.00209164020484918,0.00283486932448054,-0.00545298431116081,-0.127618423624724,-0.38594361168228,-0.817312407255697,1.51465927352252,2.46762843598929,1.71234233608822,1.38947165420867,-0.515710703305641,-2.92243603015687,2.83245166039761,1.88514734319212,-2.12571344032603,0.376115528081246,-0.70881594709962,1.87325811301404,2.71610782246011,2.62534543419088,-0.0794758792189108,-0.907039830510123,-0.888740354462546,-0.882424654940658,-0.804617468408511,-0.731908711885802,-0.701079522879757,-0.596950214593033,-0.538555431679841,-0.4289692088269,-0.30436610974373,-0.31423533371097,-0.291183483454943
136.5,0,0,0,0,0,0,-0.343330915693847,0.727981857527915,0.511717641619451,0.410319727100874,-9.02474835512288,1.32988730374777,0.873546055646802,1.61092984318267,-0.090419382638198,-0.705277563553174,-0.0836141432845448,-0.0725936704362763,-0.0872538285460569,-0.0191480731921206,0.0293747638301497,-0.120559803358146,-0.235198402072706,0.176650863054695,0.0696232336482487,0.0823834608983089,-0.197405168135623,0.0677416143618932,0.0897656270474171,-0.080838931735667,0.138494884403289,-0.0887401572203006,-0.0180445627213993,0.0456253108374026,-0.107504895292495,0,0,0,0,-0.000139811827705056,-0.000356993558925711,0.00519394336771797,-0.00288609117296324,-0.125361215680321,-0.387209680221586,-0.850625039910938,1.68682216164516,2.48309568787531,1.64294605297856,1.38765129937359,-0.284133226052114,3.03397412108498,2.8269725827472,1.88870631570412,-2.12016652389815,0.448303780102836,-0.722920723209417,1.91021457232188,2.64822725574613,2.62668255633639,-0.0814496495256375,-0.909434211978655,-0.884593757525011,-0.873836025420837,-0.797392024239156,-0.725604531839029,-0.701762592614597,-0.602460410997234,-0.54350820755031,-0.430505027769789,-0.311332526801737,-0.313561505914477,-0.287944485128562
151,0,0,0,0,0,0,-0.270923359692185,1.32455776587184,0.418251669930798,0.335417304368813,-9.32870598837941,1.20975862874234,0.780782002757184,1.54534459250277,-0.109032914196845,-0.344973578140638,0.292145887444626,0.188286054705796,-0.103787146769791,-0.193109746279383,0.293145164876984,0.0664063648681751,-0.334427327367778,0.275263751859712,-0.0544980225254696,-0.0648567303922691,-0.138384968412583,0.118011698201839,0.0451182695925892,-0.222562545516021,0.22615428852172,-0.0778615920417004,0.0236732876586557,0.0188662859485873,-0.111354170741765,0,0,0,0,0.000218567657505036,0.00137923480350983,0.00727379673717838,-0.000951552108937108,-0.123711232637857,-0.386515160587311,-0.87524158739303,1.89499244125294,2.48594964031794,1.56371869039714,1.37527959813461,-0.0563345625752747,2.59938445177871,2.82438510715167,1.8836454041383,-2.13190008033477,0.49209978572639,-0.858362089988967,1.95054857851965,2.56401427165406,2.59719440870235,-0.0814752542508605,-0.910885924752455,-0.87516534716687,-0.864530282804353,-0.79421731319273,-0.723551930976575,-0.711811647037074,-0.605964244336783,-0.541577362758085,-0.433916122839167,-0.321007265872347,-0.316518128272306,-0.281122972214965
140.5,0,0,0,0,0,0,-0.297397881247272,1.28346246799605,0.355191457789285,0.183910248153143,-9.74154037435462,1.6809919192802,1.16706143063158,1.38203106787247,0.00913263759488113,-0.268071145584491,0.194993860543665,0.0290914547721404,-0.0811424409836466,-0.15657903783184,0.259411235843793,0.0170232510777903,-0.291710980550147,0.110713079689897,-0.0743407292383581,-0.0407963262164281,-0.084614064482061,0.179783288742987,0.0268472149950487,-0.0568515702969058,0.0405468691336737,-0.162876209839771,0.125077606437828,0.0268233918668751,-0.0905431730638804,0,0,0,0,0.000576942841812026,0.00311703656491028,0.00932894118196302,0.000961915092893465,-0.122103399177117,-0.385123876755918,-0.89338401734837,2.05744074568701,2.47728104605001,1.49379498196287,1.35773981226267,0.14914122343319,2.20060809068246,2.83267471018245,1.86898377358198,-2.15496518093061,0.531357143546793,-1.44635316607627,1.993553637854,2.49133901508032,2.59155065658431,-0.0798073167597406,-0.912260424889008,-0.864692526150346,-0.852589271519059,-0.793940849408552,-0.724542166719648,-0.724985772912336,-0.609727429400094,-0.54238896727983,-0.438464966787468,-0.330450411981301,-0.315183791449114,-0.269622645616766
106.5,0,0,0,0,0,0,-0.393531746238333,1.53978382330339,0.506449043197229,0.121667019352682,-10.2289878788088,1.45242463368311,0.894707967088039,1.22561131540328,0.0798075378430689,-0.130916294077484,0.217138001990154,0.126199040874086,-0.198851195317871,-0.361687228627981,-0.0126632689325691,-0.00494147536348898,-0.12922776465532,0.128280721618962,0.112688824490796,-0.0810822727679759,-0.0910222858948108,0.262227088696767,-0.0555382136584305,-0.0662437980086939,0.0148387639288271,-0.0500170972501612,0.0623374249995429,0.0481974006982913,-0.155614311650568,0,0,0,0,0.000935313633240756,0.00442744924650335,0.010896900549429,0.00283069784190296,-0.11975799106149,-0.382272301966654,-0.910368962536154,2.16759176077127,2.45123202321037,1.42879571034548,1.33483741484655,0.325978617162878,1.92150781757974,2.84111936778628,1.84851423884644,-2.16691179213871,0.577749470735867,-2.27501264421205,2.02813732082011,2.45441965412818,2.6216624592116,-0.0758584584791045,-0.912338041272486,-0.85958400406532,-0.839072698553876,-0.792150138989798,-0.728470881609842,-0.738075142805625,-0.61362232773304,-0.54807531345337,-0.44732529730366,-0.336801487275768,-0.30799791592271,-0.256300627153324
108,0,0,0,0,0,0,-0.496831884076395,2.41509323271914,0.547931200910865,0.137007037153872,-10.58027274828,1.02040708623222,0.458674723210903,0.688269225857852,0.0212995528876958,-0.071878225054544,0.148073398610927,0.118148217025564,-0.0569744154173251,0.00111650102933888,0.182817477666579,0.0838901529532094,-0.0488542719290588,0.0983675158306349,0.0390899692231753,-0.123192034402525,-0.193473320509558,0.0693776345265597,0.0362065729290672,0.171026718512981,-0.0781361640930195,-0.0476771991267514,-0.0599085995763631,0.119560123147075,-0.0862421289189667,0,0,0,0,0.0012936799398229,0.00529944709957523,0.0115620002311054,0.00363565912401145,-0.117304969366633,-0.376569785755128,-0.917692903873973,2.22661876239883,2.42075949235953,1.36203406529243,1.30548026773307,0.459882430329671,1.74859799636548,2.84443016694114,1.83196161360977,-2.16863770977943,0.662629799879606,-2.73026841959778,2.04423359400888,2.43996995122123,2.70965729530358,-0.0727403121592138,-0.907414319438426,-0.85722079456512,-0.830127462846782,-0.789154157250287,-0.729568291611196,-0.748303541089323,-0.620736815392844,-0.55236362228705,-0.458451221661393,-0.346986613148373,-0.304185380547069,-0.248116996968385
109.5,0,0,0,0,0,0,-0.54497218632362,2.04113037029287,0.46815660577961,0.139581655163128,-10.1137279494974,1.17561066853017,0.505355610117173,0.51536792196541,0.0993412659626498,-0.138441727408611,-0.0241109696138014,0.3336887482996,0.0845674033244008,-0.113909463316219,0.0354936924392585,-0.226697187819362,0.0599312914858411,0.367639273762764,-0.0618014445929281,0.0252886284912774,-0.200101594049191,0.0496682775452856,0.0267299195100103,0.104284510282988,0.0616692741621194,-0.0874429673675453,-0.00956589278524272,0.067011320803039,-0.0647572090224331,0,0,0,0,0.00165204166959704,0.00617267846663564,0.011936366643708,0.00347647360210201,-0.117308670412807,-0.373248052242072,-0.920337119422875,2.27711282301108,2.40302224974925,1.29633596494121,1.28279266309272,0.541931008203716,1.65325620695453,2.83680674687402,1.80802634674562,-2.16731221384543,0.769214207949433,-2.87496731432334,2.0420178346885,2.40235890952374,2.82685117858185,-0.0695579503278203,-0.902838191393984,-0.861331123460672,-0.827458553317746,-0.787345932517293,-0.726999222850962,-0.753581879478585,-0.62825869173728,-0.548187552940409,-0.467963957533578,-0.362014124029152,-0.301435164118305,-0.243221802062973
110,0,0,0,0,0,0,-0.542185416128258,1.87883889885744,0.508960118047237,0.116769247882923,-10.445590904196,0.910316356077933,0.311860104769474,0.538930217911358,0.124911296463615,-0.268049865763635,-0.14350280085469,0.157838180003507,0.0958920876253593,0.152250944912782,0.146893756493594,-0.0745877215267532,-0.0733981609347171,0.171671297068887,-0.0875946469887391,0.188652933715149,-0.118633687315654,-0.00937941901481627,-0.0565709472198225,0.0354734636863434,0.0589024477284195,-0.0667268479735047,-0.0162945263404033,0.13821361728774,-0.187593098868732,0,0,0,0,0.00190776073083215,0.00652753723644267,0.0115599526457194,0.00249530994608588,-0.12002549264759,-0.373609856097223,-0.936704098189651,2.36269664212945,2.39620561878292,1.24324174909452,1.27626001685636,0.609930023843137,1.5923858411003,2.82133303108429,1.77152200648105,-2.17366738684271,0.851275315545847,-2.85226013329023,2.03389875208572,2.31994705532068,2.93955297813088,-0.0655645335687666,-0.902436013035122,-0.866794210458963,-0.82158206191243,-0.787983778713588,-0.73060365486152,-0.761269836165995,-0.632052810342915,-0.536897958933218,-0.476998333209826,-0.375329697980932,-0.296353491214458,-0.2377913237056
110,0,0,0,0,0,0,-0.542185416128258,1.6573994199089,0.547048642601693,0.12531242713978,-10.8891190106548,1.0378419122094,0.362290578346515,0.269424912942794,-0.0373240371284134,-0.123478373776469,-0.0839990026716995,0.120573817428199,-0.128229483510689,-0.150257352490738,-0.0456074440004951,-0.278404890479557,0.00339581657037747,0.289040250593413,-0.0183102280265443,0.100833064974171,-0.0720981610432847,0.137412175020487,-0.0734225987484425,-0.0348099283141761,-0.0506268727771659,-0.0252934427115954,-0.0514754397200122,0.101924823070309,-0.0729747323030064,0,0,0,0,0.00205824206599322,0.00647869300420173,0.0108667348485919,0.00174566467322466,-0.121336460745905,-0.371182354793612,-0.954243235071298,2.45082048439075,2.38902656563698,1.19553192542003,1.27462509736827,0.673875846540195,1.53612607102014,2.79799427677183,1.72154639300147,-2.17934184023678,0.919568067733944,-2.80199706794522,2.03729767028875,2.22269652349026,3.00374400221071,-0.0584248571220526,-0.897826258320372,-0.86607301210456,-0.812660630295782,-0.788911194096274,-0.740324772240005,-0.772867784103152,-0.635688994009381,-0.528835719700931,-0.486044666634374,-0.386556608950327,-0.293785518041451,-0.234032888372177
126.5,0,0,0,0,0,0,-0.542058116951807,1.48576300234205,0.536726707843254,0.207958911914625,-10.8774855892652,1.50148671150981,0.502228700898937,0.280911200571293,-0.0415277500616669,-0.0854991504542104,0.0968384172622384,0.163169632019376,-0.117070225592729,-0.0395244457712258,-0.0728542270579275,-0.0789801290113876,0.116342389300476,0.187973194200349,0.0542471661137761,-0.0824703038643072,-0.0662707120133962,0.148636385887858,-0.0522064428156986,0.0544289400000673,0.0413218520649689,-0.0528959004693526,0.00682800745275527,0.0458307809835977,-0.0601892138290188,0,0,0,0,0.00220872560784586,0.00664420542517857,0.0106547582619603,0.00176033795007506,-0.119772299439035,-0.362457488298067,-0.950735204448262,2.51340889203306,2.3814694047213,1.14461981642326,1.26896451193957,0.704589540123361,1.48501066579991,2.76790822746927,1.6757408945425,-2.1728753395614,1.01225005138271,-2.8379454290655,2.05078337059442,2.13907409635307,3.03951041618933,-0.0474012207084095,-0.885735415341969,-0.861378173021636,-0.810281873088379,-0.793445160243732,-0.75272671368557,-0.781445461485029,-0.636904039551605,-0.523056130075675,-0.491705088950816,-0.393707778823039,-0.298340865127861,-0.235904246004273
143.5,0,0,0,0,0,0,-0.542616491674918,1.12160859129374,0.553446660882191,0.285147279456612,-10.8868701931311,1.70420800616498,0.741235864858691,0.391119011634459,0.15401036770723,-0.0415272913913946,0.27387237440164,0.208804092726721,-0.02198076951427,0.0186462508717112,-0.021065535728222,-0.103524834452927,-0.00564290959549438,0.217417203323764,0.0329159027571592,-0.128042709668512,-0.0230976084198021,0.0352614210008093,-0.107498438601546,-0.0643528134381244,0.0535347500524644,0.0777585513404409,-0.0556029698938093,0.02039890494779,-0.0170636515492301,0,0,0,0,0.00235921134962301,0.00689476347598972,0.0103621204669007,0.00161135068518386,-0.117532526263748,-0.351107323541061,-0.944652739320525,2.56013072467953,2.37244062374525,1.08600270164501,1.25935448766474,0.698978288539395,1.44923105963958,2.73923699164903,1.64069210917226,-2.15401433704974,1.14068736679692,-2.86777016974554,2.10002350683961,2.08259819432989,3.09163165769528,-0.038586526898405,-0.872941073659452,-0.854533215865742,-0.812249284237428,-0.799785657995718,-0.765154050321379,-0.782812329882635,-0.636511350880018,-0.519763263684307,-0.496765627054255,-0.399648868989723,-0.303748132522773,-0.240316972018161
151.5,0,0,0,0,0,0,-0.512466868614803,1.3831502913721,0.539808499619244,0.328412831558547,-10.646514368199,2.27545044709194,1.11843912555849,0.500989258849436,0.287457681341672,0.0227609912002186,0.258876498819602,0.149990947284497,-0.182917402497486,-0.163050523203109,-0.102215239209986,-0.0718823360176915,-0.156982241921939,0.173233748977551,-0.0494870013740978,-0.0334234494068123,-0.0423750756557233,0.0365777907831323,-0.0770072380128319,0.163847516434141,-0.0568783826887721,0.0213342705524253,-0.0214481466912283,0.0676362482459989,-0.0164248138238213,0,0,0,0,0.00250969928455703,0.0071458917333875,0.0098171317887972,0.000957768342782969,-0.116092260174361,-0.340740291019341,-0.955929262747345,2.60580436596651,2.36067157905613,1.00280787401767,1.2399259345347,0.689371509973633,1.43693088568751,2.7098004749278,1.60565889754896,-2.13030672904533,1.28664782693953,-2.89156798911934,2.21145039367373,2.0250023230953,-3.13256424629681,0.011340329147152,-0.772327339201831,-0.76312596307312,-0.73119013918659,-0.724616331498457,-0.705527163398731,-0.719647833413397,-0.589556074274434,-0.48554917089396,-0.472358468946202,-0.387413284228338,-0.296222679137744,-0.248091110094399
134.5,0,0,0,0,0,0,-0.467218990971148,2.40564558745993,0.531275683802437,0.384206149326402,-10.016635837253,2.79117503754698,1.26244892672469,0.7050411595777,0.0752862940811675,-0.316292641734033,0.0326619584793147,-0.0179179773274421,-0.297345684755373,-0.106750319636612,-0.0475164724319058,-0.185760027977784,-0.249964496018832,0.200678904764316,-0.10144593390002,-0.0936179871446973,-0.0155109265385168,0.0643065474238605,0.015143917022537,0.152740988235617,0.0542289947150773,-0.0690040117844034,0.0348966218545021,0.0700651258391733,-0.118382330778868,0,0,0,0,0.00266018940587958,0.00740106131000311,0.00973820028176562,0.00108427060830232,-0.113931910335656,-0.330771479743357,-0.976051328641264,2.63758732536307,2.34300008291441,0.907224795983637,1.20878620764656,0.682722324822822,1.44391811383261,2.68253116597976,1.56849646551673,-2.10554488388999,1.41102554576004,-2.91169901062004,2.31084089406585,1.97387773695089,-3.10481109921425,0.0672360709806409,-0.660191314275921,-0.664205440908319,-0.639658982688548,-0.637495321534572,-0.628618715606626,-0.642204201820065,-0.533929978822176,-0.447041398776694,-0.441059120394723,-0.373858894765209,-0.288600750094846,-0.258106118839345
110,0,0,0,0,0,0,-0.431390339838475,1.97093711672013,0.445977032578796,0.428513833996823,-10.0347606041451,2.77775820430021,1.21232683544518,0.737582081747133,0.151883534042523,-0.320952503764142,-0.0530459667944146,-0.188325121910835,-0.479097865020069,-0.141376837649574,0.0642160634616133,-0.149804856074761,-0.132210772620805,0.327126722164463,-0.240178701855225,-0.224406090209363,0.00735441593503199,0.0297823202728764,0.073530033029644,0.218548247030705,0.0976124794981246,-0.120377472938961,0.0436858553340246,-0.0523124078724737,-0.11806948823887,0,0,0,0,0.00281068170682172,0.00766036986527104,0.0101046546013931,0.0020303313304835,-0.111336272033529,-0.321484716503259,-0.997622941492947,2.65215082746825,2.31855942396768,0.820806444747085,1.17687980553193,0.671882142926931,1.46549151922133,2.65996869959453,1.51970430229309,-2.07646481273892,1.49499504899649,-2.92584245287268,2.38247782223219,1.94597273024553,-3.11458501020007,0.0816312396428585,-0.634627425050905,-0.651181466423982,-0.629990338082829,-0.624667740182569,-0.610419697007866,-0.618910944680894,-0.52696030662023,-0.441665184890394,-0.435227655502164,-0.381067272752055,-0.290647309666447,-0.262364295957729
133,0,0,0,0,0,0,-0.375764425384839,1.42667216293838,0.482435050335096,0.336906270689287,-10.1231561345741,2.52503565439503,0.970406492082287,0.679565395384736,0.183488005337178,-0.0978580211663361,0.197748926002553,-0.0661816055874537,-0.465597762671874,-0.114944566061533,-0.0196724083545646,-0.143739279849664,-0.0531458195667446,0.3704143063609,-0.249888627956116,-0.0828067079285679,0.102695715770066,-0.0369264388420681,-0.00459084808274532,0.112480393139128,0.0456222756497352,-0.0106615664593525,-0.00644346117724724,-0.0933223635716972,-0.0402058019814536,0,0,0,0,0.00295253461778522,0.00788651374850258,0.010412876459493,0.00290292977483037,-0.109032051090928,-0.312296195450433,-1.01418677029325,2.65852708791859,2.28317614897923,0.72257104402094,1.13841454299386,0.658764708428185,1.48107274326567,2.64146576174283,1.47370769771742,-2.046743984016,1.56388791536056,-2.93387207496769,2.47768347849438,1.8831611539343,3.13115351759468,0.0947550155614623,-0.610346038092351,-0.634137892179581,-0.61722926565043,-0.614193461934808,-0.59320426520563,-0.597741587548155,-0.517223559091952,-0.435558561631849,-0.4294063520773,-0.38740147402907,-0.292275007363778,-0.264989496206154
131.5,0,0,0,0,0,0,-0.344039611603155,1.48367414591819,0.521058491077244,0.172699651752076,-10.0085989694857,2.50845024906145,0.627226773404359,0.56165154090026,0.0389681979808852,-0.0936489513061455,0.267563733368293,0.0573434906459833,-0.40044769497518,-0.0288533134668817,0.161442423093829,-0.137936044536602,-0.149326310709794,0.476301232367473,-0.227767702780971,-0.169006663863065,-0.00450783254525631,0.0191474104029009,0.169947108872891,-0.0224297223749781,-0.0595680174381642,0.102413078733132,-0.0411269941076995,-0.00455157319236068,-0.13299938509188,0,0,0,0,0.00308552925393471,0.00830115929934562,0.0112834961306324,0.00461303647659372,-0.105859868462867,-0.303726255247235,-1.03449085815504,2.65787954808804,2.23483857640516,0.592604372247251,1.09331417232637,0.632192408121248,1.47873708463354,2.62160895731889,1.43235789630786,-2.03114376406685,1.64093832482579,-2.94400368136693,2.59394202222235,1.76300597360697,3.09441149117245,0.108384134041498,-0.582453399468829,-0.604635037802387,-0.596278020443991,-0.599992704653327,-0.57529283986135,-0.575348141446599,-0.502247170617089,-0.433596972255434,-0.426047233876624,-0.392360282420215,-0.29675509642666,-0.270870095791581
106,0,0,0,0,0,0,-0.346986984872794,1.14465049456118,0.381768169582653,0.103217571655565,-9.88375145192312,2.14347406577722,0.441204112447356,0.530360435156689,0.00342468655342242,-0.055596283555128,0.304126573433164,0.1538725693248,-0.232816448930038,0.137477554727774,0.154559702878797,-0.16698146474311,-0.148297643156053,0.42332193421195,-0.154738327565975,-0.101905197139404,-0.0423555420744997,0.0509478763654571,0.0969234070338503,0.00269649676620456,-0.118471995485609,0.0292084363214689,0.0773655705847648,-0.041190588161104,-0.0722698428005144,0,0,0,0,0.00321852583914852,0.00894502452501046,0.0128016523533568,0.00740739355479748,-0.100409553243602,-0.292231123221038,-1.06026012241213,2.65831636908578,2.18359172344323,0.44542636523599,1.05401391837524,0.591230858484487,1.47717591073065,2.60042673498322,1.3879758803403,-2.02775322735953,1.74172058826756,-2.96166229524059,2.71977838007644,1.60454086945052,3.06057810001098,0.117122856285066,-0.558712133721586,-0.579521453771192,-0.581554605598413,-0.586619441674785,-0.560626433749694,-0.555805667830721,-0.494664500446097,-0.435186891741658,-0.420799740290521,-0.395677263872246,-0.302727379826746,-0.27645710610508
105,0,0,0,0,0,0,-0.348032158553076,0.923478176807296,0.402523709342353,0.101778339386572,-10.0569464077105,1.93860972801962,0.278948555409067,0.434850249787932,-0.0112142585404788,0.00664978101835182,0.272274004756319,0.174508885852773,-0.363159307238892,-0.13279983576173,0.128401230745966,-0.189147232860415,-0.0361350402274594,0.364224755955279,-0.0993987893995919,-0.0620355401164598,-0.0194174163800196,-0.0164653929387721,0.166991423368893,0.102915370668388,-0.158204419038293,-0.0434483894969305,0.0465037916823908,0.00646561225048894,-0.0732047540601095,0,0,0,0,0.00335152436876439,0.00959044386832486,0.0143358695041292,0.0105886284643335,-0.0918890866774325,-0.273162636151686,-1.07063196105323,2.67021294792067,2.14749215341246,0.297521658566827,1.02064985753174,0.541061242536788,1.49623528835612,2.58535820811003,1.32027921026647,-2.00697483788605,1.85224588617223,-2.9800721035292,2.84214258322354,1.42124391963622,3.0234346361794,0.118379948709634,-0.545618956991685,-0.564722663904593,-0.570467784932888,-0.578496469494643,-0.550196857645537,-0.539655230045023,-0.490547509971195,-0.43189661359512,-0.412085463371155,-0.396235249734297,-0.305459137630542,-0.277869480013198
148,0,0,0,0,0,0,-0.346039421087394,1.80676678194581,0.479626356694712,0.0953337412395543,-10.3139808674667,1.79428814476873,0.281586251179768,0.247260474598825,-0.134421112578917,-0.122925302213995,0.129552561963358,0.196350057891415,-0.377912533477464,-0.163963514965395,0.12749297526859,-0.137743974632007,-0.0432473763201206,0.408652212332033,-0.145402909296458,-0.0707116518039212,-0.0289178084801886,-0.140772800583457,0.193549083270234,0.244897685652264,-0.182810977259841,0.0108831135075692,0.0833880476373017,-0.103731532931783,-0.0625584687938964,0,0,0,0,0.00389007404361977,0.0110157240330034,0.016692913509793,0.0148861814873378,-0.0816154991868397,-0.253737445880489,-1.07372289591214,2.69547727213982,2.14217835831827,0.154490939149213,0.992254366415311,0.486039845602269,1.5349449438123,2.57016907239867,1.23904716566637,-1.96924641226189,1.96153693556524,-3.04906338062952,2.94934690835632,1.19457250568796,2.99083859375577,0.118510755546969,-0.540634050065066,-0.551905245068656,-0.553884111741872,-0.5731867241898,-0.543178104612804,-0.527476313347773,-0.489402966922034,-0.431111319358345,-0.408799493348177,-0.394529848538319,-0.303207138326229,-0.277854035682715
124.5,0,0,0,0,0,0,-0.344701428946239,1.78754011041733,0.441146720292956,0.0965979958157954,-10.2218338715205,1.8615365080432,0.377829770794243,0.237386166016344,-0.0905669432146614,-0.0848075585293376,0.0865609198877891,0.173152152069904,-0.300793118115152,-0.0904762439839923,0.202012951138322,-0.10999353689314,0.012668014179394,0.565184144320052,-0.289087461581394,-0.15288337500384,-0.00403655052315742,-0.121116560650594,0.0739853197919023,0.211383418934,-0.128474573437639,-0.0212423444730985,0.0860416677346399,-0.0394730464675358,-0.106317763963993,0,0,0,0,0.00484465769043771,0.0133879387056521,0.0202182721512123,0.0206716851784783,-0.0703569012269964,-0.238492165899094,-1.08015996984984,2.70326739782545,2.13272516254818,0.0188686690931927,0.968865638686044,0.42758212233478,1.5880849771833,2.54972164926238,1.14585269879762,-1.90368278240021,2.06942153434004,-3.10195106499064,3.06581545473117,0.965239429711175,2.94462128630988,0.119209213430193,-0.538751432203054,-0.542984997353102,-0.537569764358885,-0.568004851656241,-0.535992102081765,-0.516732701094449,-0.486214774069151,-0.430228514291881,-0.405061926504426,-0.390909083602084,-0.302176816611299,-0.281801325041794
72.5,0,0,0,0,0,0,-0.352644358337213,1.30467019888551,0.424606361841552,0.099176880889849,-10.4428848604899,1.78306010374025,0.452864891807547,0.240160930517362,0.0465207776759426,-0.0233702554248073,0.0742025852087288,0.197499619251485,-0.197894960258759,-0.106247022663949,0.045282507266249,-0.153902430452926,0.0456660133284878,0.435835992446048,-0.250449235108445,-0.00926285100917109,0.104355202576799,-0.0255133820904218,0.121477524845262,0.211558855982729,-0.00810483227797374,-0.113279831542706,0.0120287374616507,0.018971686272101,0.00344935167570717,0,0,0,0,0.00564220191115752,0.0149266514220087,0.0222780476988819,0.0244591967775353,-0.0608902213802708,-0.225190787457359,-1.09218246487979,2.70276559656747,2.07782947628861,-0.104822660572957,0.939613143733654,0.36217874175645,1.640053044145,2.52868720862582,0.941426586036684,-1.80560528699567,2.1671671428599,-3.06794910168901,-3.11780492354157,0.786594354127544,2.89180686630204,0.119809757271274,-0.539091174644891,-0.539966513551819,-0.526172462691562,-0.562535458402597,-0.528030561649928,-0.507786008311585,-0.478053923428279,-0.419538045050876,-0.398886381288868,-0.390324222307031,-0.308192488948758,-0.290148207562511
104,0,0,0,0,0,0,-0.359349711769782,1.66082975234749,0.471072653940444,0.098991102059951,-10.5776199689628,1.68927099922703,0.467090181294196,0.370927906408807,0.0877097767233359,0.108181350122699,0.0518591091950728,0.177818006390929,-0.141386114355955,-0.152931164247447,0.00667729540799097,-0.026708971804158,0.0653266544857296,0.264294949032824,-0.199807904591867,0.0577275433982713,-0.0348092254571472,-0.0409633306878922,0.138375978600567,0.210892431523574,0.0626659520746137,-0.0272339643263466,-0.0727282271150094,0.0420651146306379,0.0901010398875493,0,0,0,0,0.00627863934790603,0.0154562086915511,0.0224574858956047,0.0253731479915707,-0.0551329082804414,-0.217354331563223,-1.12305339639424,2.71724666794057,2.03134413460269,-0.218642556911883,0.917663955936534,0.297573388435342,1.68835585694059,2.50981441551738,0.766870835248282,-1.70769087715459,2.26642526845373,-3.01494822234799,-3.07430500726054,0.627685160967463,2.82360328978369,0.120307636027871,-0.537493783763953,-0.534337438845633,-0.516598680282488,-0.555434165088897,-0.526159298120519,-0.506756132298343,-0.472505729624436,-0.406812157455682,-0.393277355481222,-0.389675788769034,-0.315353336634799,-0.299088111269412
91.5,0,0,0,0,0,0,-0.33676449774041,1.75280677267268,0.478757110671649,0.0978568591553094,-10.6113618960435,1.65511402863869,0.454861011797864,0.431569998389672,0.0717900941923748,0.0699942735151763,0.110751170419634,0.306735812232012,-0.113647799274014,-0.14927708282139,0.0115647380032933,-0.0355197581785998,0.116079860007467,0.23743604841821,-0.118294980614602,-0.0422753342034802,-0.0597456021396513,0.101867046757313,0.123981557478422,0.110671142931381,0.109002075871641,-0.0566217676484642,-0.122619165780236,-0.00226052508290451,0.0354331042050313,0,0,0,0,0.00691535237097102,0.0159881674813159,0.022609884621627,0.0259914807999896,-0.0511571152142648,-0.217097655402329,-1.17654730867857,2.74590385731594,2.08034039246892,-0.323356025634082,0.915838579638309,0.245888609138699,1.73335385455888,2.49737631838022,0.694401343277441,-1.62740255660366,2.36401446616574,-2.90148259967954,-3.0399551045631,0.470017312092143,2.78821999209685,0.120446002882882,-0.53478197624572,-0.52552405247685,-0.506707743135065,-0.545265409341477,-0.529842296368802,-0.51170814110144,-0.466029896931463,-0.399874551470979,-0.385962119103546,-0.384495487970345,-0.321210670955184,-0.308415632346281
62,0,0,0,0,0,0,-0.319799020766217,2.02251316989034,0.398735319454736,0.101276992237816,-10.6396891107377,1.52160882989549,0.486037901552095,0.374409842331926,0.203591353344009,0.108857397211906,0.083783170995997,0.138488922842137,-0.243417053006532,-0.0252550837432426,-0.15779762405869,-0.137828296947632,0.116255979926041,0.226885998025707,-0.0129247224042375,-0.0427095219395167,-0.102716477286459,0.0588192372837727,0.0698567402173687,0.00211434244208096,0.0927896433377476,-0.139626862892113,1.06699255127893e-05,0.0602270714307804,-0.00623626553741613,0,0,0,0,0.00751835832530223,0.0154724260038134,0.0209770370356868,0.0245463340567752,-0.0495816450831036,-0.222338279852237,-1.23136176883254,2.77626475330777,2.31450313310938,-0.418762366872851,0.936696543970782,0.202654766178225,1.7809432352475,2.49193470253434,0.506326320075249,-1.56778487137767,2.4594460771092,-2.70866214768765,-2.99163383047351,0.345271024353011,2.807307915498,0.123232222592058,-0.534354658290393,-0.520216239362237,-0.498570524359716,-0.534352268246443,-0.532659680932675,-0.519179836118354,-0.462006555433457,-0.397285805196931,-0.38152987469452,-0.378114906662174,-0.329349975660542,-0.316900098917963
95,0,0,0,0,0,0,-0.319855089778937,1.543922943352,0.375871076562078,0.0984887895100465,-11.0638285663406,1.57343287104904,0.49735239611798,0.399256324062428,0.143965910515466,0.0751119819537222,0.030613353912484,0.153864265564734,-0.128983516580779,-0.0270955439540718,-0.0787836118720693,-0.108738677533345,0.174633802371387,0.328361223071356,-0.0181224061253287,0.0493651049582671,-0.0311971341886539,0.0168991872738043,0.130587214588107,0.13648348980199,0.110804218912648,-0.0509099416643152,0.0234653766470192,-0.0181869549993629,-0.0433542161562482,0,0,0,0,0.00811916166037496,0.0148772834956874,0.0192064236973953,0.0229764863897027,-0.0472905479066945,-0.227851802089378,-1.27324438596729,2.79520400299931,-2.91428205633341,-0.508029489422753,0.914894441947096,0.165031914455312,1.83877336297889,2.49046753106694,0.254009484336347,-1.51658048025734,2.56375852716384,-2.46198622743329,-2.94808856809275,0.270735814378931,2.8001078286326,0.126504232089224,-0.534296841381947,-0.520935060503141,-0.493161137055075,-0.527966596515992,-0.537480835856302,-0.53189601517169,-0.465223144752144,-0.396529127161368,-0.381142057214652,-0.370710989383816,-0.335297298782259,-0.320879842928343
126.5,0,0,0,0,0,0,-0.314291421736488,1.62601032487911,0.478688495622925,0.0908158288199537,-11.1014646616002,1.59428390748496,0.459659471150943,0.34727349968279,0.130554103826839,0.141810865379878,0.0781301586129222,0.177843746142274,0.0106193258666811,0.0209918796913458,0.102816357016769,0.0293113607096723,0.238938780336292,0.332756539303577,-0.111227000863532,0.141730284823708,-0.021570553769315,-0.0761205335320212,0.131946601269002,0.122553613326216,0.0842362106217179,0.0291612469845918,0.00499822766998433,-0.0854694215033816,-0.0161142243079776,0,0,0,0,0.0087534225013399,0.0153037765090367,0.0192165228556525,0.0238438943474605,-0.0410319766720526,-0.228963793096066,-1.31516687982373,2.80170483833891,-1.64866598647343,-0.594967100575071,0.906282319602382,0.138187313311002,1.89512907117631,2.48965781529382,0.0807033260121948,-1.46485399361318,2.68445662873684,-2.16034447765118,-2.9113780193305,0.220561003126537,2.77587595301467,0.127197734115757,-0.536614772774415,-0.526148926064582,-0.491063605822037,-0.523154218795199,-0.540839269467173,-0.545525562881753,-0.465548581873242,-0.394876635508095,-0.385445897342146,-0.367378255072937,-0.338997615391039,-0.324307880584638
104,0,0,0,0,0,0,-0.324453679069446,2.10054031496251,0.427676794302483,0.0934851607110216,-10.941231821289,1.66453852743566,0.589343552887041,0.424752343752097,0.0647097045530223,0.201194258681078,0.167744317959341,0.105379512295406,-0.0497198226277837,-0.00846238280323097,0.128556251609142,0.0143882463528892,0.16711237896984,0.269493546243831,-0.165717320024024,-0.0305587528880904,0.0214436788019821,0.107421173080032,0.0572353905214995,0.0881990239232972,0.0473951467086842,0.0095675283342247,-0.0115703879744614,-0.113078857522351,0.00761188351188638,0,0,0,0,0.00938795446710741,0.0157309678302377,0.0192717819914774,0.024974335415106,-0.0346757406001692,-0.234296385522824,-1.36141276063418,2.81327095869789,-1.22447906075469,-0.6860414941036,0.905611046306888,0.125529093264382,1.939403083577,2.46551582289856,-0.0772334739763973,-1.4000036241657,2.80691181191686,-1.78223002585176,-2.87021514821175,0.179412233704781,2.76577200106539,0.126287497762349,-0.540799622291346,-0.531050384795985,-0.495843623570259,-0.515173878712496,-0.539955836763015,-0.55623022931357,-0.463363782368917,-0.392088086144165,-0.393265489362731,-0.37001149292893,-0.346256091178261,-0.331176863438934
83.5,0,0,0,0,0,0,-0.328854018528593,1.33969829360324,0.397938602344329,0.0928629140592509,-11.209382083037,1.54240210896487,0.552884272755679,0.402002937292004,0.0896026773254926,0.234045859131178,0.154428476763576,0.0998297645269476,-0.0406333969527103,-0.0249374375217871,0.018013812652714,0.039162550220427,0.198769488621514,0.267011588661242,-0.0721625007907136,-0.0985986703075106,0.0398389247279308,0.192081561909694,0.143921240134399,0.162062567587282,0.0927290179903706,0.0314243797865732,-0.0449750423332051,-0.0320212500134746,-0.110755090821303,0,0,0,0,0.0100227572202683,0.0161588590194294,0.0199665573160879,0.0275261848763695,-0.0268291728384036,-0.243507919564382,-1.40868243999676,2.84164453634429,-1.19557384488869,-0.767083794123561,0.733102399711827,0.110935467368866,1.9801609688039,2.64417367828796,-0.235094241187534,-1.33166441215813,2.92663152832832,-1.41190479897791,-2.82146344362677,0.147459721566523,2.75590266343995,0.123007968251892,-0.546044093323449,-0.536645064379233,-0.511340633237654,-0.5092929341088,-0.539635190208677,-0.561734263417454,-0.460578077270057,-0.388910014668539,-0.398519801741384,-0.373724385441828,-0.354060183137804,-0.338562681323144
74.5,0,0,0,0,0,0,-0.305091642785015,1.73465142126446,0.451836548258382,0.0851478155140027,-11.3058560050203,1.45166608241753,0.498207495104194,0.335228294073068,0.10013239090415,0.35457001792682,0.156251065772408,0.14311996479563,0.0422313885967282,-0.0337683405901726,0.00461866747551183,0.0475156040823494,0.191686296197055,0.317707293406986,-0.00533340004836398,0.0183093284075159,0.0378496462187198,0.118668070231939,0.189349489592631,0.213739687774399,0.101692551384366,-0.0520186748820459,-0.0834481019394594,0.0706676151429209,-0.143151180045249,0,0,0,0,0.0106578304222518,0.0165874516408415,0.0207303953918086,0.030321425577727,-0.0176117820665283,-0.248032156456862,-1.44468615328685,2.88367286134598,-1.21072101563447,-0.818993580327154,0.433729263547431,0.0992167552959315,2.02058679329363,3.03992072146738,-0.373697069406283,-1.27874107289933,3.05641150416121,-1.10123789526856,-2.76794412235364,0.125490725647193,2.733021943495,0.116340096882558,-0.555481431534281,-0.54553298054925,-0.533912042341298,-0.51129214318909,-0.54455730380804,-0.56629976140676,-0.461915706780063,-0.392689140377446,-0.406664355328365,-0.377351941315985,-0.358369843433913,-0.34406465112153
76.5,0,0,0,0,0,0,-0.29417882673587,1.87874302781464,0.467912475949769,0.0889549815559917,-11.054881189113,1.47245623729074,0.537355566830569,0.298715617033165,0.147946619872398,0.330321542961586,0.182406228533042,0.100112445427872,-0.0353440382383811,0.00308695651044692,-0.135940151078977,-0.0164958514854167,0.0870822455156703,0.217622470252067,0.0536257473338443,0.0314135982968832,-0.00518545325541932,0.0178929053287,0.0972551043960778,0.158905077276334,0.0515383064656382,-0.0843065368480048,-0.0739227043787866,0.153966315718294,-0.131193982411969,0,0,0,0,0.0112931737333259,0.0178989860454843,0.0225869321997262,0.0337771344525604,-0.00842359773470623,-0.254150548789148,-1.48140084753715,2.95024040081014,-1.18657354585485,-0.860127002943246,-0.177591982143697,0.118010282192307,2.04746403385399,-2.55316735760168,-0.52693711325055,-1.24068120126523,-3.11430312699534,-0.79972926267756,-2.72301648038647,0.116178806248509,2.70847916752166,0.107622717322103,-0.563410989487224,-0.551759757230476,-0.554560540785956,-0.519297646347866,-0.553460677393991,-0.567524855286868,-0.465379090183611,-0.405133001274914,-0.418862450709179,-0.376758799245799,-0.357655693801355,-0.348037400098664
88,0,0,0,0,0,0,-0.319026266084036,1.38210861933343,0.520278354423887,0.10404633765528,-10.9783468066664,1.52193396993033,0.620695765232447,0.356006297438002,0.104618513262674,0.281389382814561,0.119204261520148,0.189171287028776,-0.0384483467848128,0.086896572134,-0.0996529035283821,-0.0614084647709537,0.0602969564638198,0.154102796367079,0.0210949574636946,0.0878902009539191,-0.0520699267617002,-0.0281659583045505,0.0346924378279904,0.0693100248983241,0.0472038371559089,0.0130581328796449,-0.0818930436254263,0.0561959915944917,-0.050624643742152,0,0,0,0,0.0119287868125981,0.0201160157843698,0.0264602327176589,0.0411406899775215,0.00733623782160044,-0.25558579990995,-1.53424345964814,3.03682776766292,-1.13603988590913,-0.901869615811679,-0.715462672832034,0.155230651221639,2.05896212321417,-1.61600709794966,-0.660958779474411,-1.2295585508237,-3.02029195174704,-0.458893723480464,-2.67946502443883,0.119983972021572,2.68730843821347,0.0980235499661041,-0.570635195058779,-0.557972576541226,-0.573669941841752,-0.528297719802221,-0.555814096816391,-0.560961431882989,-0.465967832462239,-0.417814249060746,-0.429353329131257,-0.374842761825477,-0.357870523739226,-0.353081623725188
87.5,0,0,0,0,0,0,-0.336786063611574,1.24424859074894,0.512354381929876,0.10413410849816,-11.1732336519261,1.49688412530246,0.675118028099187,0.374088868287965,0.0882712933256602,0.257330202154337,0.154453982869997,0.256436027772398,0.133351505947927,0.0861650591643983,0.0298645722235348,0.122672067555237,0.0644607702137328,0.0700768747509419,-0.0326315654965458,0.0609523255736605,0.0812375668069862,0.0583076913397253,0.0479496895157424,0.0700721506159708,0.037140664601896,-0.0167290790174537,0.0166412714043044,0.0732601884234334,-0.0555316035404989,0,0,0,0,0.0125646693180134,0.0223341796816303,0.0309368164149071,0.0514547505962052,0.032206608140742,-0.241011134483367,-1.59230200532717,3.11350534664918,-1.06648444390273,-0.93026672795266,-0.984779271207437,0.195011771825999,2.05429219397874,-0.999271976779209,-0.766169145973324,-1.24801657640833,-2.92693694591158,-0.13124109721233,-2.63173883374068,0.153335537072696,2.68688853470856,0.0854409504762824,-0.579940099901397,-0.566835270632516,-0.595397952605503,-0.539950432498828,-0.555390353758818,-0.555322483946116,-0.471361928852225,-0.428032407376047,-0.441256100667331,-0.379303762504975,-0.363447822807766,-0.359275022482663
76,0,0,0,0,0,0,-0.341477135423655,1.1942075176173,0.429093150366047,0.0914600663045698,-11.2705391110497,1.44896564041602,0.578374791913832,0.346600279636042,0.140599237044403,0.196840609793218,0.122641378954965,0.0995707772376137,0.093478560738628,0.0373579299983708,0.0576658831316796,0.156004892850362,0.121853410469139,0.086607493331801,-0.0330491946706091,-0.00782678342243736,0.0688729041702313,0.0672382088476944,0.0336467733660854,0.121196996875866,0.0811297296770496,0.0255009091386598,0.0253140715703808,0.0796942344085883,-0.0627908048483696,0,0,0,0,0.0132008209063563,0.0245534567634694,0.0353000601003728,0.0617303966305519,0.0598376947971766,-0.213722747483463,-1.65902402191763,3.14049567237071,-0.94184636753854,-0.933271531018599,-1.25476811698615,0.454659074913481,2.02785246089596,-0.719011825839766,-0.874855086065548,-1.2795834790526,-2.8414012658163,0.057741033486947,-2.58914536753423,0.248342773172695,2.71235133332233,0.0700214975728598,-0.585563169543864,-0.57214214422036,-0.616926460970886,-0.553183599769496,-0.559157210775326,-0.551188640878148,-0.480116327504365,-0.437835632147268,-0.450743660426533,-0.387421867920105,-0.369129835000238,-0.36316086348022
65.5,0,0,0,0,0,0,-0.346451100378379,1.94982552483826,0.410275044230183,0.0851665086049132,-11.4158610285668,1.35949792708997,0.503031521955832,0.294851188303322,0.0983321915134143,0.146625893622285,0.0466676108605965,-0.00710930775842135,0.00960577556116968,0.0171286628219272,0.00519127120537064,0.0699148031560799,0.150650390732329,0.112971282645699,0.021565879960593,0.0952322742559391,0.0264870129474908,0.0221913676270216,0.070877064921355,0.234923933352445,0.163597358824818,-0.0203570761222157,0.0555164331964395,0.106498602920659,-0.0548953358117667,0,0,0,0,0.0138372412332485,0.0265086881209748,0.0385802355222589,0.0698175691898011,0.0851733203353277,-0.178074060271824,-1.76342686770039,3.13795415276161,-0.779016812962711,-0.905256367682394,-1.45610961946726,0.85415991633759,1.98547949591025,-0.581238213562851,-0.985534465326142,-1.33025936389318,-2.77042956885653,0.152656549234779,-2.56641957098687,0.49375563248763,2.7628132305265,0.0580659931363746,-0.5875937218404,-0.572358147766165,-0.631325962817516,-0.560586292492126,-0.561672448721795,-0.543531935066746,-0.48507055364097,-0.445426783738645,-0.45544770682843,-0.393899522290238,-0.376070101949184,-0.366898540928837
80.5,0,0,0,0,0,0,-0.331820292382535,1.8184131156008,0.509101367360507,0.0864528443474086,-11.3327559548073,1.39178203418071,0.500641380742572,0.246798870809781,0.0452262849860746,0.20961589153744,0.0842851281936986,0.119057124148297,0.0426823368159688,0.0196408526618129,0.00229416077423293,0.0726075333267141,0.157127325966024,0.146839670530888,0.0905662260102132,0.15259718758742,-0.0241802040782254,-0.03686457063427,0.100699624703865,0.299010080427237,0.164817786288425,-0.0492382368130032,0.065561862195601,0.0515301773429306,-0.0607923359717929,0,0,0,0,0.0144739299531509,0.0280230128069042,0.0407822384646511,0.0765337873486963,0.109264104005915,-0.137692597145996,-2.06471488305403,3.1279580991509,-0.560255544350643,-0.85157018737068,-1.80351830344428,1.23253105196843,1.92057400510517,-0.502892582300289,-1.08423715001763,-1.39260988464508,-2.71536295965053,0.222369475614873,-2.55760380445899,0.907935534109512,2.82476435406429,0.0665410629094526,-0.558960376698695,-0.540191644482559,-0.610022179255394,-0.539089002213869,-0.538182956665925,-0.511676720959569,-0.470661274855597,-0.435564200821412,-0.441414040732164,-0.381657498973807,-0.374061857161757,-0.361845983169931
95.5,0,0,0,0,0,0,-0.31049027815511,1.81841311560055,0.53887635114269,0.0919471167568689,-11.2575458881695,1.40077186111129,0.473003232754151,0.216850100922357,0.0907317147578396,0.24808872268715,0.136909622401138,0.194063566197832,0.0680769222913601,0.0428554523554229,0.0265895295319224,0.108504285358734,0.154054906087007,0.217804847148352,0.0947847441895277,0.0798431495175521,0.00664295110144942,0.0622503327085485,0.136102230590535,0.272308752151329,0.115197954848334,0.00602505672235059,-0.0305828460768973,0.0299153012126186,-0.0695953017546228,0,0,0,0,0.0151108867193619,0.029363705817582,0.0425434627820056,0.0828206380609578,0.134003552717914,-0.0893784228583702,-2.58357356972014,3.10123367426813,0.0909925040998978,-0.786471304111952,-2.19243896106959,1.50745599882796,1.82095112537283,-0.433472648846961,-1.18085329397552,-1.44082411397373,-2.65905693765791,0.240467262603028,-2.50782983050634,1.31601256090438,2.85326958234232,0.0823807797385336,-0.523339307280986,-0.504087487540941,-0.57770333118705,-0.515606664555313,-0.510051827867448,-0.475214403569133,-0.4555882362063,-0.426894024162655,-0.423564384494179,-0.364488328855164,-0.367091517662471,-0.354383277315369
119.5,0,0,0,0,0,0,-0.304285369154917,1.77870416363444,0.450592646854552,0.0967412720357274,-11.2741250856647,1.47347397835184,0.573494825269576,0.281808360161972,0.162561135914995,0.237769926159574,0.166618338976574,0.211108306119056,0.100087061407485,0.0634482990096966,0.0329817178831328,0.122279930694653,0.0612134256091629,0.208391441865138,0.0270402099444754,-0.0201611625190403,0.0205632721054776,0.10785307242894,0.0468770339808358,0.210691045887836,0.10383621596498,0.0678615477561886,-0.030054711368659,0.0243125593949117,-0.0838250239567084,0,0,0,0,0.0157584876604392,0.0310391817048404,0.044950569136932,0.0905481019198078,0.163087992843215,-0.0153465112066693,-3.06649791786288,3.05943833656182,0.712292172644615,-0.713980617026822,-2.47085675549137,1.73064996967845,1.65024360237911,-0.365242589171271,-1.2999110025324,-1.47839084848799,-2.60070962381872,0.191962867342996,-2.47113106435813,1.61150843869826,2.81810817981167,0.0877376590475703,-0.511381226969029,-0.495149866262225,-0.565087005707823,-0.513646644505682,-0.501472151981524,-0.460663743600901,-0.459122015630341,-0.434575387814408,-0.419638898941889,-0.362659361417409,-0.370407455059633,-0.356502490619064
143.5,0,0,0,0,0,0,-0.302593678858448,1.77870416363418,0.447093931452466,0.0956530601279937,-11.3829059924713,1.53753219411845,0.652024653556529,0.316900976075271,0.187822244813874,0.212139612520755,0.188270519382182,0.272451878320975,0.0510181515900051,0.0536542004141366,0.0453071361270576,0.111228147572459,0.0441087460070861,0.172885619713425,-0.0542651982341764,-0.0131920907047692,0.0648025015648586,0.0443665647728902,0.0506608493626637,0.200909377152675,0.0521329095214297,0.0175778473829717,0.0747183126176796,0.0628752287841992,-0.0198634080506873,0,0,0,0,0.0164169991544336,0.0329124962039094,0.0476978044282786,0.0993618433706309,0.196119033981603,0.102838129230445,2.83577164864012,3.0114568662753,0.872771115190901,-0.600311072635654,-2.59061061728906,1.9575307308179,1.50492916370121,-0.29468832996725,-1.4471680046193,-1.54102136522905,-2.53940687784869,0.133112062473875,-2.50471681149408,1.84919660379256,2.7758038688657,0.0926582338002342,-0.497719076354106,-0.488706861034742,-0.554356357751788,-0.509906343117547,-0.494362667801705,-0.453209457312291,-0.464767654771482,-0.440119299041524,-0.414742594362884,-0.364216810094731,-0.37559095595151,-0.359021797814408
100.5,0,0,0,0,0,0,-0.309965265955091,1.77605961267743,0.446758839912781,0.0947018319401251,-11.481351013979,1.49082555533659,0.560744419567244,0.258084190425274,0.129160246722011,0.136565186049667,0.132468832198413,0.223197902984472,0.00783387658166068,0.048544376772692,0.0782959960751773,0.131531059437883,0.0961090668365121,0.165429834934958,-0.0455585988464836,0.0439232002088151,0.119060027941968,0.0787178492728183,0.178068261354992,0.177983970060525,0.012705172329089,-0.0214756055090686,0.101000820184534,0.083213817566081,0.0334795913165035,0,0,0,0,0.0166670940001421,0.0338327199394783,0.0492318884714281,0.107015292737559,0.230568651771768,0.2804623327682,2.69032321705818,2.97330702137093,0.971288932655689,-0.384203345037722,-2.60050741618075,2.05684537825973,1.4389210943435,-0.247506720137293,-1.6116338670086,-1.63901566007915,-2.4459084782484,0.123207203132769,-2.56507453699677,2.03637383110707,2.74868311003773,0.0991111137409314,-0.48722265377517,-0.486096037453777,-0.545463416094992,-0.502475027760818,-0.486727838480232,-0.45132893671979,-0.46866170178802,-0.439377912600083,-0.406437569551625,-0.366671769214524,-0.381421790203508,-0.358143628219055
63.5,0,0,0,0,0,0,-0.317629420618328,1.35172161034341,0.463780819412794,0.09483500723021,-11.3749191797117,1.47528540818634,0.465029868009858,0.240518323734201,0.10235251768836,0.106528719120642,0.0741924877358597,0.170371699667385,0.0621008615728241,0.0437037218776865,0.0138264016250457,0.137503131956331,0.155642927833068,0.18600868103517,0.00131623649035462,0.0178276693227127,0.116966889570784,0.113720636353789,0.141444937994984,0.105610652468448,0.00570156937172777,0.00599893284337735,0.0671022410225638,0.0225785821551084,-0.0197050008206015,0,0,0,0,0.016515644477449,0.0339970169906812,0.0499897987513814,0.114234890035683,0.26770677321945,0.516215757582995,2.72715826885206,2.94164239730264,1.03443023332662,0.100233105655448,-2.61737058996712,2.13236613366561,1.37078372907336,-0.233539515385901,-1.74880398887202,-1.87980556434274,-2.33115929425895,0.153078092275253,-2.6793092276592,2.16029545396839,2.70517312273539,0.105302248304112,-0.482925878893849,-0.484187406270046,-0.535795199172788,-0.492017645712585,-0.481853114576409,-0.450456987899997,-0.4700608347132,-0.435564134878663,-0.395536491698713,-0.367204952967353,-0.385682978900937,-0.353091813865811
98,0,0,0,0,0,0,-0.316018893799716,1.7695602496314,0.513735653811141,0.094797139915616,-11.2902793052382,1.42508721076876,0.437491508510411,0.232122831743367,0.0869783614548078,0.11447614606711,0.00688542279287624,0.16027390289314,0.0518190803647973,0.00619950780865715,-0.117672798248903,0.048628683994437,0.117267860007108,0.201645422851977,-0.0226349624549191,0.00124469206232075,0.125469434805994,0.0930747185772816,0.0535572947386143,0.0470511070444594,-0.0063218578557644,0.0526195362397064,0.0262243087557671,-0.0198172914125168,-0.0190811560600489,0,0,0,0,0.0163819899142361,0.0337769143777173,0.0495553200314779,0.120009640746207,0.304513096347787,0.747236444439775,2.71112169557103,2.91589839473224,1.081816036213,0.702210812691726,-2.63334458380966,2.18368271581877,1.30670386848775,-0.250121747574396,-1.82861507268791,-2.35184803531518,-2.20732708932505,0.197790108107264,-2.84155118409413,2.25901701775718,2.75288237766832,0.108815361457242,-0.484756364705105,-0.486819180459281,-0.526760228465341,-0.481444831868007,-0.480259360910468,-0.448506045952627,-0.471292268645515,-0.43381950935189,-0.38303078371496,-0.362383606097238,-0.383555018164004,-0.343489356134618
125.5,0,0,0,0,0,0,-0.316839985451145,1.26458037584372,0.400016741159109,0.101953977822034,-11.2272105201226,1.35346462999013,0.416628737318818,0.268574381476382,0.242521181780665,0.172735603728378,0.150029029939137,0.229967690225551,0.0198185071918203,7.75299522489097e-05,-0.191940738233665,-0.0141071591663636,0.00238546440216698,0.24102321817327,0.0330839128934985,0.0414722516414248,0.0236376965018984,0.0503934298898961,0.0417509082934792,-0.00178532225468243,-0.0221174043745388,0.0131771010847122,-0.0387939889157557,-0.024328100777669,0.0886505903607169,0,0,0,0,0.0162483368432677,0.0328642942773921,0.0471202376636519,0.123004772672557,0.337306452819303,0.923584646234356,2.69580290326059,2.90383175806325,1.11382500225279,1.07850647712177,-2.64469123505953,2.2252799858377,1.24778419038451,-0.284437501240867,-1.8460583447022,-2.79948399751396,-2.0979721674674,0.247285809821325,-3.00345706974013,2.34592778060193,2.86580863521674,0.112258028961254,-0.493453454742907,-0.494181190107911,-0.516507603919767,-0.469225802357231,-0.479183789195059,-0.448726471311356,-0.470862575889726,-0.430848820320982,-0.370653224438228,-0.35247274779542,-0.37990842320389,-0.334797504786445
88,0,0,0,0,0,0,-0.317398070943601,1.15306313731513,0.447143082614861,0.108399395407478,-11.0867557138369,1.35660236308074,0.609050412290253,0.370108283873552,0.254511400452748,0.0931165915606712,0.103227078308631,0.218904879947022,0.163787622988216,0.053731251538228,-0.111813425919195,0.00783940559905542,1.8869004407774e-05,0.118206182369185,0.113680973044041,0.0772054588623171,-0.111092523865778,-0.0531015570774366,0.0640820577993944,0.0308793023221779,-0.00721152456813779,0.00207335763301161,-0.107615577982498,0.0161671276685615,0.0809540253895198,0,0,0,0,0.0161233622207978,0.0317555022820098,0.0441056383450909,0.125392314216962,0.369383821945053,1.06202748928102,2.68659807019076,2.89279059795933,1.13511341352845,1.26266073880439,-2.65605900163165,2.25771328060087,1.18885477535956,-0.320030222832257,-1.60382887855419,-3.03734066528213,-2.03747224908317,0.295230272862518,-3.14089584428282,2.41285048731011,2.91458058126718,0.11589406963392,-0.501809133606359,-0.496547167569841,-0.505876435263727,-0.458849166856446,-0.477250191993073,-0.452126166017036,-0.471179563981714,-0.425871634553131,-0.36161587003537,-0.343606676189065,-0.373979531757112,-0.327642257871485
57,0,0,0,0,0,0,-0.317783037357421,1.35994733196232,0.55756563082206,0.0984666799178104,-11.2588599084023,1.3258751050769,0.638026459641122,0.355503718441657,0.160861604431431,0.0621413284270201,0.0281181304767468,0.160862220654544,0.20541362911916,0.123243538752916,0.0248687680975279,0.0940497339433961,0.0574407703338863,0.0867709568374689,0.063244806123546,0.0752280633401526,-0.0367007576923045,-0.00824475679268289,0.106256136859935,0.140776456129294,0.0519713005044601,0.030135107270644,-0.0656755068438469,-0.00659456319465411,0.0203664859415361,0,0,0,0,0.0151905840615588,0.0290952983434803,0.0395229093714464,0.126297808947104,0.402014905518082,1.17722112610069,2.67334999220567,2.87914305200054,1.15272392459923,1.36590465342159,-2.6670507152232,2.28300196131709,1.13166317061636,-0.350989374705698,-0.614107549681128,3.1345787274303,-2.0055406951885,0.343490067087881,3.04211898457066,2.45857786876961,2.92716698584619,0.117218818761969,-0.511276440258927,-0.500004899945384,-0.499598024088336,-0.453334638713838,-0.477421898043405,-0.458585074450935,-0.473039976342784,-0.418378809148605,-0.357004156180359,-0.3397757063209,-0.362887436328613,-0.320309474351116
62.5,0,0,0,0,0,0,-0.316092783099069,1.3959349997632,0.403732710041859,0.086621819878505,-11.3709412917957,1.33779656763759,0.517269595789543,0.25030651059069,0.196200015060469,0.145430668467977,0.0554436949662932,0.142208483446206,0.158660802978591,0.0894255462804052,-0.00996108781394912,0.0976481153020968,0.00883669274312272,0.134894599020092,0.00562945374335284,0.0265458302624282,0.0414329400924264,0.141017488184542,0.102808512376492,0.161554554342204,0.0237446969701704,-0.00672878982233036,-0.0457013558078188,-0.0176504003197564,0.060369833979295,0,0,0,0,0.0134211924164685,0.0245351754761442,0.0327059797124813,0.124737933008803,0.433767835838124,1.27315506612014,2.66154416288154,2.87193433028976,1.16416484484082,1.42265841705433,-2.67536149964912,2.30656482105765,1.08020166661914,-0.378736858574172,0.314867593963717,3.07895551606282,-1.98677539578401,0.393063483561348,2.9685673212412,2.48512849997894,2.93587518326611,0.117987911143378,-0.524613793356008,-0.505568287975463,-0.493871844621279,-0.448174431619952,-0.482700319215807,-0.471237831362244,-0.479917465145645,-0.41179591463456,-0.353938378725742,-0.336607840263971,-0.351075894960637,-0.314198582200546
91.5,0,0,0,0,0,0,-0.313322531562937,1.30319067119698,0.341495257643479,0.0931883107729272,-11.0885884297717,1.40866386984965,0.603934285432597,0.237372206932398,0.194491750526054,0.141899472564091,0.0294226949069899,0.0898117789670203,0.151218622809862,0.0557156638597093,-0.118338890147943,0.0478346299780998,-0.064239644244493,0.108267578420161,-0.041534380181312,0.0048683317274124,-0.0309702673917553,0.168875462353447,0.0872428265968907,0.116092816970155,-0.0393879217188863,-0.038937583605705,-0.143089724988924,0.0679530151331832,0.134309584896889,0,0,0,0,0.0117478303721948,0.0207013193697017,0.0272246750599391,0.125254368734062,0.467214002233367,1.35213721264942,2.64936992396167,2.86350913584485,1.16979627030813,1.45384821083202,-2.68400042751023,2.3220292310795,1.03540276964132,-0.401605880429821,0.55452217935294,3.05095077067046,-1.97594979851309,0.44038027922465,2.91739181623492,2.50084932977256,2.92832465432416,0.123900780028883,-0.538686521804155,-0.508656386897349,-0.485350641832321,-0.44387394816037,-0.489682592835467,-0.490153046245111,-0.497048817456106,-0.413036605272522,-0.354234096738537,-0.331128853270139,-0.338629155197392,-0.308170375331021
140.5,0,0,0,0,0,0,-0.306147815246897,1.05924213487217,0.469980112763784,0.101499914050166,-10.9416105839463,1.39274718584226,0.569642241717024,0.309331807132107,0.220495709824282,0.261751482562431,0.106264992970755,0.086459732690789,0.0240865385186394,0.0502788626509698,-0.010866514844531,-0.012292725982434,0.00419996240382391,0.185632946156276,-0.0413596405307403,0.0196267282641898,-0.0835105638965939,0.124128919478702,0.123497069043028,0.0675056736748413,-0.0911533160280916,0.0140089692026315,-0.16956096263017,0.0879046906203292,0.0558798003085383,0,0,0,0,0.0101728075148395,0.0179080291078301,0.0237345061304503,0.128775324340244,0.503055028453596,1.41686034354302,2.63268114572685,2.84862999905635,1.17233370352277,1.47779161241852,-2.69165267072425,2.33117156533817,0.997949269006671,-0.421173019676856,0.648210908101186,3.03896342546989,-1.96738068456145,0.484578161647521,2.88290453933674,2.51049335548641,2.90877145614282,0.133129021594187,-0.552426221916942,-0.514611854301476,-0.47502676580459,-0.440722903044928,-0.493757658629902,-0.512996341599204,-0.523987394697114,-0.422583994489903,-0.358698541559993,-0.32370628873922,-0.326990393877209,-0.304444337436268
174.5,0,0,0,0,0,0,-0.30172561895885,1.34670394846342,0.552707008105991,0.0924619323171588,-11.208406440962,1.33361656105496,0.429158672509238,0.297995140532042,0.222957157612119,0.314820400204492,0.0867852656342271,0.0746242977473667,-0.0471458500040942,0.0574659056849728,0.0592699287751344,-0.0262059946243174,0.103478233309685,0.21177787459192,0.00594215967800442,0.0367795029582147,-0.0419672920323017,0.0854798574059731,0.170013292412019,0.121354555738936,-0.0505944056654341,0.0988731634634786,-0.105509433004436,0.0580322979198391,0.00247040389843282,0,0,0,0,0.00859916685910731,0.0150525512323365,0.0201426884350282,0.132337447952388,0.538606990169842,1.47313689643946,2.61633925331763,2.83134446762314,1.17682955749772,1.49991155492542,-2.69890666465475,2.33813353122797,0.964680781041316,-0.440055625105404,0.662546546123934,3.03107184660905,-1.95905665198109,0.528558898399554,2.85883576333713,2.51600298080114,2.86601934895591,0.13179862209336,-0.557836337212441,-0.522702722617595,-0.464393130421008,-0.441116873789262,-0.493346112759298,-0.535141671638717,-0.555548407828183,-0.438590214663001,-0.365849850951902,-0.308862215525333,-0.315293594245447,-0.30377660794551
185.5,0,0,0,0,0,0,-0.307357087202384,1.07779613953808,0.489089224733115,0.0840690643238645,-11.3349189196287,1.32701679352759,0.415239965180095,0.208426537068136,0.154924312281161,0.18950500522533,-0.0113496179968351,0.0116711453854139,-0.045441578768931,0.107592996306602,-0.0210964173457878,-0.0086196534642789,0.139359881479405,0.200691610295399,0.0251079652249751,0.0370066824705063,-0.0277993014733016,0.0814181897443963,0.150364291784163,0.203462484686487,0.0611943575959616,0.107633878259596,-0.104611411246267,0.025105462179284,0.0245820770182308,0,0,0,0,0.00704391054505932,0.0125170008199089,0.0169577313701255,0.136422264604902,0.574322096171136,1.52384947542257,2.60381934045251,2.81753907632736,1.18309350339633,1.51470106486208,-2.7093502610821,2.3437826956312,0.934325659561569,-0.459534632834651,0.697354427191739,3.02163390645418,-1.95574868150091,0.573743118015764,2.83953856877244,2.52059971028347,2.78107893845464,0.0911703578697482,-0.554409176614522,-0.524773019004342,-0.45391804596572,-0.444071522703709,-0.481699645118982,-0.545227972081258,-0.574509780868717,-0.454665563305587,-0.38547922050128,-0.305242968010575,-0.306119269962925,-0.302049559056308
137,0,0,0,0,0,0,-0.307734097569591,0.745158380272389,0.429250657742847,0.0907917563223991,-11.2520584208628,1.34902750433262,0.432872058173685,0.154109406748921,0.118853045208858,0.171525081016227,0.0128993796006151,0.0443043732575879,-0.00735641357482322,0.186236141038524,-0.0133706630846421,0.0667138544663359,0.172773978818092,0.273412742987239,0.0401562255074095,0.046268986450069,0.00257645594314756,0.119406026541301,0.0843491082013578,0.191255335415183,0.0631286558959089,0.0284424321194334,-0.114724184254518,-0.0109482034162524,0.000932780882174775,0,0,0,0,0.00549127423910632,0.00990575388767587,0.0134113975415722,0.140115072389618,0.609464389941451,1.56792840965822,2.5939543716817,2.80555224013137,1.18793731050378,1.52171771913948,-2.72011907482428,2.34818883020475,0.907250486414419,-0.477852438926011,0.783849607665253,3.01003372390046,-1.95850341856061,0.618195089616482,2.82347975707267,2.52203606388224,2.67093772994849,-0.0162444555591985,-0.547771284869984,-0.515407217801946,-0.445297059271501,-0.442724328822703,-0.464571676730346,-0.537597194359533,-0.563501521242854,-0.455281496518331,-0.403068381700301,-0.314165952086368,-0.307602692391314,-0.304155971144486
96,0,0,0,0,0,0,-0.31650403394052,0.884969620699267,0.495726764700779,0.0992076180655687,-11.1096444790266,1.33086180818199,0.448295926202166,0.248291639904629,0.179829199380189,0.267055211883994,0.152432977527556,0.114404134094387,0.169289023895564,0.219311964074526,-0.0440847200527629,0.109867864962193,0.111300818287669,0.202571486264469,0.0377593130065458,0.0990297735389317,-0.021727049802806,0.0700697815606193,0.0417970340956781,0.171482152224658,-0.013366321106627,-0.0240979638809872,-0.0649561434624962,-0.0749138716960766,0.0108043657995307,0,0,0,0,0.00392342535466929,0.00681140086161474,0.0090203268470565,0.142669745819501,0.641418487903089,1.6016353278246,2.58335172261419,2.79287133799136,1.19328970204287,1.5263317607623,-2.72999606511982,2.35342606419256,0.882046508115415,-0.494200952748726,0.866947301699152,2.99944780282326,-1.96294056846924,0.658112611690613,2.81286050034717,2.51954656808272,2.44840427973279,-0.197700956281011,-0.536867260108248,-0.503803320913687,-0.441972179123885,-0.438514440969563,-0.453612329378554,-0.517595824228162,-0.53594004424246,-0.44368504797955,-0.40394551629834,-0.317142431099452,-0.309404965139438,-0.305505271173891
101.5,0,0,0,0,0,0,-0.329906918959362,1.08492271120234,0.541876901290073,0.10336805541203,-10.9847595804334,1.15770022565624,0.420966424188781,0.197414586943759,0.135573791224523,0.293766764863463,0.213242166968894,0.180608785172103,0.192514102669212,0.0564714755147803,-0.148698664938495,0.0365372447848691,0.0052139276703356,0.0757213149197881,-0.0688165090172067,0.104221036976902,-0.0489383757331586,0.0835292233075771,-0.0720540030457534,0.0856677940383802,0.0470290557759497,-0.0252319078604206,-0.0845210199053379,-0.0612701686154339,0.0429480308442233,0,0,0,0,0.00235697849415943,0.00373570491627849,0.00491522240590288,0.146180021258709,0.67213236317636,1.62539810452308,2.57154757471837,2.78248830431495,1.20166750597338,1.53074053173119,-2.73967411745661,2.36009774862734,0.860051727686933,-0.509500542476534,0.923870572564846,2.99083020862646,-1.96675788316703,0.690888316625007,2.80491344014576,2.51678284752024,1.67753319144331,-0.499882686323164,-0.548072031477014,-0.519753572909654,-0.464204580329164,-0.456239270992465,-0.466098557594177,-0.514974547787391,-0.525036795580861,-0.444832691614207,-0.41065852165824,-0.326803997683686,-0.314941607413474,-0.307852846624205
103,0,0,0,0,0,0,-0.32853587870754,1.05550118989049,0.57527978715098,0.104052404209104,-10.9327826340257,1.19215052641251,0.357769961314819,0.0960060794046033,0.041463250206009,0.104329942975967,0.0887990336911778,0.139158922559055,0.00216064198798668,0.00204232761992697,-0.12500160959918,-0.0326564505582598,-0.0342420759445659,0.113969891121295,-0.0838037038766757,0.0324350931682255,-0.0669728701024217,0.117430294436366,-0.0892407366750621,0.0174966181225536,0.0943138304755167,-0.0702513210858492,-0.0449650642563073,0.00875012579299418,0.0429844288620107,0,0,0,0,0.000791939454820402,0.00110534681166321,0.0014784987400639,0.150868161971383,0.702338342895069,1.6458212425544,2.56262479061729,2.77532910788992,1.20940206982107,1.53503598139963,-2.74989098338572,2.36699413591633,0.840895040099706,-0.523068064674801,0.971533587867947,2.98291514569099,-1.9698704141603,0.717067407201564,2.79592600087345,2.51491087387838,0.678401252542612,-7.36098484114747,-0.34190347533377,-0.169220773415175,-0.0357936305468174,0.244467978222654,0.142278656517393,0.411692270096992,0.401592846205666,0.0513773921506803,-0.235725502590164,0.332507280284283,0.452350423639883,0.223921288435735
0,0,0,0,0,0,0,-0.322765063840867,0,0,0.0992941542460968,-10.8984276486088,1.43533676452134,0.505455606658511,0.253124885960359,0.0210642438254939,-0.0365275208574486,-0.0413247883267205,0.0816217214059301,-0.00138720385141333,0.0501134973066996,0.00113544058140331,-0.023259458340737,0.025048542112113,0.176724889448155,0.005260024808877,-0.0319562321539871,-0.145032464853201,0.0633117326124912,-0.0401745529959027,0.0630545232550362,0.047694653944442,-0.110399965083688,0.0115874619494946,0.0559052968074397,0.0163555675014061,0,0,0,0,0,0,0,0,0,0,0,0,0,0,0,0,0,0,0,0,0,0,0,0,0,0,0,0,0,0,0,0,0,0,0,0,0,0
0,0,0,0,0,0,0,-0.312379251317442,0,0,0.0915870286219458,-11.086136378071,1.36011203788475,0.573612701753582,0.351212728287003,0.0908331477440509,0.00904868766375721,0.0455742662620416,0.201932595655462,0.0921208967542174,0.04939706143651,0.0837326532649522,0.0285874054224759,0.152050698953487,0.20173839261482,-0.0238129669238899,-0.0754175448092182,-0.174542702024904,0.079926658983503,-0.0603257677347898,0.120431374072463,0.0823622338940171,-0.054876726916601,-0.0138508654738186,0.0385454825401185,-0.0615924511040246,0,0,0,0,0,0,0,0,0,0,0,0,0,0,0,0,0,0,0,0,0,0,0,0,0,0,0,0,0,0,0,0,0,0,0,0,0,0
0,0,0,0,0,0,0,-0.303344746683732,0,0,0.0868032320538228,-11.1715116026465,1.21422794532694,0.402781582479378,0.281741000444989,0.107826778789067,0.0334411256478408,0.138781106873969,0.205117197943656,0.0930984511850973,0.153541275660182,0.125545407518938,0.0497450657347024,0.104026569583804,0.129117993852663,-0.0425666170275662,-0.0808434449773547,-0.151192070169489,0.0875449296550487,-0.023372552420717,0.112243407604336,0.0558464729956093,-0.0275645303474049,0.0626979077031486,-0.055479185621017,-0.102886835779324,0,0,0,0,0,0,0,0,0,0,0,0,0,0,0,0,0,0,0,0,0,0,0,0,0,0,0,0,0,0,0,0,0,0,0,0,0,0
0,0,0,0,0,0,0,0,0,0,0.0855417112553594,-10.9944762528807,1.32296198323482,0.457605880504927,0.218198732574157,-0.029604375377459,0.0398294915063459,-0.00789905886000136,0.0623267120985389,0.117456740032652,0.156204965501685,0.105578204095108,0.0508984561943365,0.0150546856352591,0.100418015310664,-0.0618948005711137,-0.0664518032212036,-0.0930976017586909,0.100287525777698,-0.00874751619987,0.0777023025901794,-0.00242902204348871,-0.0582182298533988,0.0545416532617337,0.0122323836934772,-0.00902192039654136,0,0,0,0,0,0,0,0,0,0,0,0,0,0,0,0,0,0,0,0,0,0,0,0,0,0,0,0,0,0,0,0,0,0,0,0,0,0
0,0,0,0,0,0,0,0,0,0,0.0920967750295646,-10.9573657924364,1.46517883989321,0.509137092941537,0.232216244285899,0.0266496875283762,0.0653407256606977,-0.0168313464631298,0.00799070240753307,0.112711995299198,0.0530293225495473,0.0236741810131867,-0.0104391859387664,0.0471845354815893,0.173696523720874,-0.0895233189372701,-0.0293142927116294,-0.114046853383089,0.105430228003769,-0.00944913486070264,0.115998333598441,0.0578890323222325,-0.0517201597486971,-0.01762160513184,0.0378518387798532,0.0492026585153298,0,0,0,0,0,0,0,0,0,0,0,0,0,0,0,0,0,0,0,0,0,0,0,0,0,0,0,0,0,0,0,0,0,0,0,0,0,0
